/*--------------------------------*- C++ -*----------------------------------*\
| =========                 |                                                 |
| \\      /  F ield         | OpenFOAM: The Open Source CFD Toolbox           |
|  \\    /   O peration     | Version:  5.x                                   |
|   \\  /    A nd           | Web:      www.OpenFOAM.org                      |
|    \\/     M anipulation  |                                                 |
\*---------------------------------------------------------------------------*/
FoamFile
{
    version     2.0;
    format      ascii;
    class       volScalarField;
    location    "0.02";
    object      p;
}
// * * * * * * * * * * * * * * * * * * * * * * * * * * * * * * * * * * * * * //

dimensions      [0 2 -2 0 0 0 0];

internalField   nonuniform List<scalar> 
1000
(
7.73342
6.04566
6.64992
6.49846
6.34962
6.20903
6.06927
5.92968
5.79013
5.6506
5.51107
5.37155
5.23203
5.09251
4.95299
4.81347
4.67395
4.53443
4.39491
4.25538
4.11586
3.97634
3.83682
3.6973
3.55778
3.41826
3.27874
3.13922
2.9997
2.86018
2.72066
2.58113
2.44161
2.30209
2.16257
2.02305
1.88353
1.74401
1.60449
1.46497
1.32545
1.18593
1.04641
0.906885
0.767364
0.627843
0.488321
0.348801
0.20928
0.0697584
7.63745
6.03191
6.64965
6.49815
6.34946
6.20899
6.06927
5.92967
5.79013
5.6506
5.51107
5.37155
5.23203
5.09251
4.95299
4.81347
4.67395
4.53443
4.39491
4.25538
4.11586
3.97634
3.83682
3.6973
3.55778
3.41826
3.27874
3.13922
2.9997
2.86018
2.72066
2.58113
2.44161
2.30209
2.16257
2.02305
1.88353
1.74401
1.60449
1.46497
1.32545
1.18593
1.04641
0.906885
0.767364
0.627843
0.488321
0.348801
0.20928
0.0697583
7.58502
6.02149
6.64776
6.49745
6.3492
6.20892
6.06924
5.92966
5.79013
5.6506
5.51107
5.37155
5.23203
5.09251
4.95299
4.81347
4.67395
4.53443
4.39491
4.25538
4.11586
3.97634
3.83682
3.6973
3.55778
3.41826
3.27874
3.13922
2.9997
2.86018
2.72066
2.58113
2.44161
2.30209
2.16257
2.02305
1.88353
1.74401
1.60449
1.46497
1.32545
1.18593
1.04641
0.906885
0.767364
0.627843
0.488321
0.348801
0.20928
0.0697587
7.53904
6.01066
6.64488
6.49648
6.34887
6.20882
6.06921
5.92966
5.79012
5.6506
5.51107
5.37155
5.23203
5.09251
4.95299
4.81347
4.67395
4.53443
4.39491
4.25538
4.11586
3.97634
3.83682
3.6973
3.55778
3.41826
3.27874
3.13922
2.9997
2.86018
2.72066
2.58113
2.44161
2.30209
2.16257
2.02305
1.88353
1.74401
1.60449
1.46497
1.32545
1.18593
1.04641
0.906885
0.767364
0.627843
0.488321
0.348801
0.20928
0.0697587
7.50156
6.0004
6.64161
6.49537
6.3485
6.2087
6.06918
5.92964
5.79012
5.6506
5.51107
5.37155
5.23203
5.09251
4.95299
4.81347
4.67395
4.53443
4.39491
4.25538
4.11586
3.97634
3.83682
3.6973
3.55778
3.41826
3.27874
3.13922
2.9997
2.86018
2.72066
2.58113
2.44161
2.30209
2.16257
2.02305
1.88353
1.74401
1.60449
1.46497
1.32545
1.18593
1.04641
0.906885
0.767364
0.627843
0.488321
0.348802
0.209281
0.0697587
7.47181
5.99125
6.63837
6.49425
6.34813
6.20858
6.06914
5.92963
5.79011
5.65059
5.51107
5.37155
5.23203
5.09251
4.95299
4.81347
4.67395
4.53443
4.39491
4.25538
4.11586
3.97634
3.83682
3.6973
3.55778
3.41826
3.27874
3.13922
2.9997
2.86018
2.72066
2.58113
2.44161
2.30209
2.16257
2.02305
1.88353
1.74401
1.60449
1.46497
1.32545
1.18593
1.04641
0.906885
0.767364
0.627843
0.488321
0.348802
0.209281
0.0697587
7.44892
5.98356
6.63545
6.49321
6.34778
6.20846
6.0691
5.92962
5.79011
5.65059
5.51107
5.37155
5.23203
5.09251
4.95299
4.81347
4.67395
4.53443
4.39491
4.25538
4.11586
3.97634
3.83682
3.6973
3.55778
3.41826
3.27874
3.13922
2.9997
2.86018
2.72066
2.58113
2.44161
2.30209
2.16257
2.02305
1.88353
1.74401
1.60449
1.46497
1.32545
1.18593
1.04641
0.906885
0.767364
0.627843
0.488321
0.348802
0.209281
0.0697586
7.43226
5.97759
6.63308
6.49236
6.34749
6.20837
6.06907
5.92961
5.79011
5.65059
5.51107
5.37155
5.23203
5.09251
4.95299
4.81347
4.67395
4.53443
4.39491
4.25538
4.11586
3.97634
3.83682
3.6973
3.55778
3.41826
3.27874
3.13922
2.9997
2.86018
2.72066
2.58113
2.44161
2.30209
2.16257
2.02305
1.88353
1.74401
1.60449
1.46497
1.32545
1.18593
1.04641
0.906885
0.767364
0.627843
0.488321
0.348802
0.209281
0.0697586
7.42138
5.97352
6.63142
6.49175
6.34728
6.2083
6.06905
5.9296
5.7901
5.65059
5.51107
5.37155
5.23203
5.09251
4.95299
4.81347
4.67395
4.53443
4.39491
4.25538
4.11586
3.97634
3.83682
3.6973
3.55778
3.41826
3.27874
3.13922
2.9997
2.86018
2.72066
2.58113
2.44161
2.30209
2.16257
2.02305
1.88353
1.74401
1.60449
1.46497
1.32545
1.18593
1.04641
0.906885
0.767364
0.627843
0.488321
0.348802
0.209281
0.0697586
7.41602
5.97146
6.63057
6.49143
6.34717
6.20826
6.06903
5.9296
5.7901
5.65059
5.51107
5.37155
5.23203
5.09251
4.95299
4.81347
4.67395
4.53443
4.39491
4.25538
4.11586
3.97634
3.83682
3.6973
3.55778
3.41826
3.27874
3.13922
2.9997
2.86018
2.72066
2.58113
2.44161
2.30209
2.16257
2.02305
1.88353
1.74401
1.60449
1.46497
1.32545
1.18593
1.04641
0.906885
0.767364
0.627843
0.488321
0.348802
0.209281
0.0697585
7.41602
5.97146
6.63057
6.49143
6.34717
6.20826
6.06903
5.9296
5.7901
5.65059
5.51107
5.37155
5.23203
5.09251
4.95299
4.81347
4.67395
4.53443
4.39491
4.25538
4.11586
3.97634
3.83682
3.6973
3.55778
3.41826
3.27874
3.13922
2.9997
2.86018
2.72066
2.58113
2.44161
2.30209
2.16257
2.02305
1.88353
1.74401
1.60449
1.46497
1.32545
1.18593
1.04641
0.906885
0.767364
0.627843
0.488321
0.348802
0.209281
0.0697585
7.42139
5.97352
6.63142
6.49175
6.34728
6.2083
6.06905
5.9296
5.7901
5.65059
5.51107
5.37155
5.23203
5.09251
4.95299
4.81347
4.67395
4.53443
4.39491
4.25538
4.11586
3.97634
3.83682
3.6973
3.55778
3.41826
3.27874
3.13922
2.9997
2.86018
2.72066
2.58113
2.44161
2.30209
2.16257
2.02305
1.88353
1.74401
1.60449
1.46497
1.32545
1.18593
1.04641
0.906885
0.767364
0.627843
0.488321
0.348802
0.209281
0.0697584
7.43226
5.97759
6.63309
6.49236
6.34749
6.20837
6.06907
5.92961
5.79011
5.65059
5.51107
5.37155
5.23203
5.09251
4.95299
4.81347
4.67395
4.53443
4.39491
4.25538
4.11586
3.97634
3.83682
3.6973
3.55778
3.41826
3.27874
3.13922
2.9997
2.86018
2.72066
2.58113
2.44161
2.30209
2.16257
2.02305
1.88353
1.74401
1.60449
1.46497
1.32545
1.18593
1.04641
0.906885
0.767364
0.627843
0.488321
0.348802
0.209281
0.0697584
7.44892
5.98356
6.63545
6.49322
6.34778
6.20846
6.0691
5.92962
5.79011
5.65059
5.51107
5.37155
5.23203
5.09251
4.95299
4.81347
4.67395
4.53443
4.39491
4.25538
4.11586
3.97634
3.83682
3.6973
3.55778
3.41826
3.27874
3.13922
2.9997
2.86018
2.72066
2.58113
2.44161
2.30209
2.16257
2.02305
1.88353
1.74401
1.60449
1.46497
1.32545
1.18593
1.04641
0.906885
0.767364
0.627843
0.488321
0.348802
0.209281
0.0697583
7.47181
5.99126
6.63837
6.49425
6.34813
6.20858
6.06914
5.92963
5.79011
5.65059
5.51107
5.37155
5.23203
5.09251
4.95299
4.81347
4.67395
4.53443
4.39491
4.25538
4.11586
3.97634
3.83682
3.6973
3.55778
3.41826
3.27874
3.13922
2.9997
2.86018
2.72066
2.58113
2.44161
2.30209
2.16257
2.02305
1.88353
1.74401
1.60449
1.46497
1.32545
1.18593
1.04641
0.906885
0.767364
0.627843
0.488321
0.348802
0.209281
0.0697583
7.50157
6.00041
6.64162
6.49538
6.34851
6.2087
6.06918
5.92964
5.79012
5.65059
5.51107
5.37155
5.23203
5.09251
4.95299
4.81347
4.67395
4.53443
4.39491
4.25538
4.11586
3.97634
3.83682
3.6973
3.55778
3.41826
3.27874
3.13922
2.9997
2.86018
2.72066
2.58113
2.44161
2.30209
2.16257
2.02305
1.88353
1.74401
1.60449
1.46497
1.32545
1.18593
1.04641
0.906885
0.767364
0.627843
0.488321
0.348802
0.209281
0.0697582
7.53904
6.01067
6.64488
6.49649
6.34888
6.20882
6.06921
5.92965
5.79012
5.6506
5.51107
5.37155
5.23203
5.09251
4.95299
4.81347
4.67395
4.53443
4.39491
4.25538
4.11586
3.97634
3.83682
3.6973
3.55778
3.41826
3.27874
3.13922
2.9997
2.86018
2.72066
2.58113
2.44161
2.30209
2.16257
2.02305
1.88353
1.74401
1.60449
1.46497
1.32545
1.18593
1.04641
0.906885
0.767364
0.627843
0.488321
0.348802
0.209281
0.0697582
7.58502
6.02149
6.64776
6.49745
6.3492
6.20892
6.06924
5.92966
5.79012
5.6506
5.51107
5.37155
5.23203
5.09251
4.95299
4.81347
4.67395
4.53443
4.39491
4.25538
4.11586
3.97634
3.83682
3.6973
3.55778
3.41826
3.27874
3.13922
2.9997
2.86018
2.72066
2.58113
2.44161
2.30209
2.16257
2.02305
1.88353
1.74401
1.60449
1.46497
1.32545
1.18593
1.04641
0.906885
0.767364
0.627843
0.488321
0.348802
0.209281
0.0697581
7.63746
6.03191
6.64966
6.49816
6.34946
6.20899
6.06926
5.92967
5.79013
5.6506
5.51107
5.37155
5.23203
5.09251
4.95299
4.81347
4.67395
4.53443
4.39491
4.25538
4.11586
3.97634
3.83682
3.6973
3.55778
3.41826
3.27874
3.13922
2.9997
2.86018
2.72066
2.58113
2.44161
2.30209
2.16257
2.02305
1.88353
1.74401
1.60449
1.46497
1.32545
1.18593
1.04641
0.906884
0.767364
0.627843
0.488321
0.348802
0.20928
0.0697577
7.73342
6.04566
6.64993
6.49847
6.34962
6.20902
6.06927
5.92967
5.79013
5.6506
5.51107
5.37155
5.23203
5.09251
4.95299
4.81347
4.67395
4.53443
4.39491
4.25538
4.11586
3.97634
3.83682
3.6973
3.55778
3.41826
3.27874
3.13922
2.9997
2.86018
2.72066
2.58113
2.44161
2.30209
2.16257
2.02305
1.88353
1.74401
1.60449
1.46497
1.32545
1.18593
1.04641
0.906884
0.767363
0.627843
0.488321
0.348802
0.20928
0.0697578
)
;

boundaryField
{
    inlet
    {
        type            zeroGradient;
    }
    outlet
    {
        type            fixedValue;
        value           uniform 0;
    }
    upperWall
    {
        type            zeroGradient;
    }
    lowerWall
    {
        type            zeroGradient;
    }
    frontAndBack
    {
        type            empty;
    }
}


// ************************************************************************* //
