/*--------------------------------*- C++ -*----------------------------------*\
| =========                 |                                                 |
| \\      /  F ield         | OpenFOAM: The Open Source CFD Toolbox           |
|  \\    /   O peration     | Version:  5.x                                   |
|   \\  /    A nd           | Web:      www.OpenFOAM.org                      |
|    \\/     M anipulation  |                                                 |
\*---------------------------------------------------------------------------*/
FoamFile
{
    version     2.0;
    format      ascii;
    class       volScalarField;
    location    "0.08";
    object      p;
}
// * * * * * * * * * * * * * * * * * * * * * * * * * * * * * * * * * * * * * //

dimensions      [0 2 -2 0 0 0 0];

internalField   nonuniform List<scalar> 
4000
(
5.22948
4.58645
4.64311
4.5464
4.49538
4.44947
4.40195
4.35454
4.30735
4.26023
4.21314
4.16606
4.11899
4.07192
4.02484
3.97777
3.9307
3.88362
3.83655
3.78948
3.7424
3.69533
3.64825
3.60118
3.55411
3.50703
3.45996
3.41288
3.36581
3.31873
3.27166
3.22459
3.17751
3.13044
3.08336
3.03629
2.98922
2.94214
2.89507
2.84799
2.80092
2.75384
2.70677
2.6597
2.61262
2.56555
2.51847
2.4714
2.42433
2.37725
2.33018
2.2831
2.23603
2.18896
2.14188
2.09481
2.04773
2.00066
1.95358
1.90651
1.85944
1.81236
1.76529
1.71821
1.67114
1.62406
1.57699
1.52992
1.48284
1.43577
1.38869
1.34162
1.29455
1.24747
1.2004
1.15332
1.10625
1.05918
1.0121
0.965026
0.917949
0.870876
0.823804
0.776731
0.729655
0.682579
0.635505
0.588433
0.541361
0.494287
0.447211
0.400135
0.353061
0.305988
0.258914
0.211842
0.164761
0.117692
0.0706174
0.0235309
5.1142
4.59153
4.64755
4.54754
4.49583
4.44981
4.40209
4.3546
4.30738
4.26025
4.21315
4.16607
4.11899
4.07192
4.02484
3.97777
3.9307
3.88362
3.83655
3.78948
3.7424
3.69533
3.64825
3.60118
3.55411
3.50703
3.45996
3.41288
3.36581
3.31873
3.27166
3.22459
3.17751
3.13044
3.08336
3.03629
2.98922
2.94214
2.89507
2.84799
2.80092
2.75384
2.70677
2.6597
2.61262
2.56555
2.51847
2.4714
2.42433
2.37725
2.33018
2.2831
2.23603
2.18896
2.14188
2.09481
2.04773
2.00066
1.95358
1.90651
1.85944
1.81236
1.76529
1.71821
1.67114
1.62406
1.57699
1.52992
1.48284
1.43577
1.38869
1.34162
1.29455
1.24747
1.2004
1.15332
1.10625
1.05918
1.0121
0.965026
0.91795
0.870876
0.823804
0.776731
0.729655
0.682579
0.635505
0.588433
0.541361
0.494287
0.447211
0.400135
0.353061
0.305988
0.258914
0.211842
0.164761
0.117692
0.0706183
0.0235316
5.03617
4.59648
4.65099
4.54843
4.49607
4.45008
4.4022
4.35465
4.30741
4.26027
4.21316
4.16607
4.11899
4.07192
4.02484
3.97777
3.9307
3.88362
3.83655
3.78948
3.7424
3.69533
3.64825
3.60118
3.55411
3.50703
3.45996
3.41288
3.36581
3.31873
3.27166
3.22459
3.17751
3.13044
3.08336
3.03629
2.98922
2.94214
2.89507
2.84799
2.80092
2.75384
2.70677
2.6597
2.61262
2.56555
2.51847
2.4714
2.42433
2.37725
2.33018
2.2831
2.23603
2.18896
2.14188
2.09481
2.04773
2.00066
1.95358
1.90651
1.85944
1.81236
1.76529
1.71821
1.67114
1.62406
1.57699
1.52992
1.48284
1.43577
1.38869
1.34162
1.29455
1.24747
1.2004
1.15332
1.10625
1.05918
1.0121
0.965026
0.91795
0.870876
0.823804
0.776731
0.729655
0.682579
0.635505
0.588433
0.541361
0.494287
0.447211
0.400135
0.353061
0.305988
0.258914
0.211842
0.164761
0.117692
0.0706187
0.0235318
4.97784
4.59957
4.65341
4.54914
4.49625
4.45032
4.4023
4.35469
4.30744
4.26028
4.21317
4.16608
4.119
4.07192
4.02485
3.97777
3.9307
3.88362
3.83655
3.78948
3.7424
3.69533
3.64825
3.60118
3.55411
3.50703
3.45996
3.41288
3.36581
3.31873
3.27166
3.22459
3.17751
3.13044
3.08336
3.03629
2.98922
2.94214
2.89507
2.84799
2.80092
2.75384
2.70677
2.6597
2.61262
2.56555
2.51847
2.4714
2.42433
2.37725
2.33018
2.2831
2.23603
2.18896
2.14188
2.09481
2.04773
2.00066
1.95358
1.90651
1.85944
1.81236
1.76529
1.71821
1.67114
1.62406
1.57699
1.52992
1.48284
1.43577
1.38869
1.34162
1.29455
1.24747
1.2004
1.15332
1.10625
1.05918
1.0121
0.965026
0.91795
0.870876
0.823804
0.776731
0.729655
0.682579
0.635505
0.588433
0.541361
0.494287
0.447211
0.400135
0.353061
0.305988
0.258914
0.211842
0.164761
0.117692
0.070619
0.0235319
4.92846
4.59968
4.65435
4.54946
4.49635
4.45049
4.40238
4.35473
4.30746
4.26029
4.21318
4.16608
4.119
4.07192
4.02485
3.97777
3.9307
3.88362
3.83655
3.78948
3.7424
3.69533
3.64825
3.60118
3.55411
3.50703
3.45996
3.41288
3.36581
3.31873
3.27166
3.22459
3.17751
3.13044
3.08336
3.03629
2.98922
2.94214
2.89507
2.84799
2.80092
2.75384
2.70677
2.6597
2.61262
2.56555
2.51847
2.4714
2.42433
2.37725
2.33018
2.2831
2.23603
2.18896
2.14188
2.09481
2.04773
2.00066
1.95358
1.90651
1.85944
1.81236
1.76529
1.71821
1.67114
1.62406
1.57699
1.52992
1.48284
1.43577
1.38869
1.34162
1.29455
1.24747
1.2004
1.15332
1.10625
1.05918
1.0121
0.965026
0.91795
0.870876
0.823804
0.776731
0.729655
0.682579
0.635505
0.588433
0.541361
0.494286
0.447211
0.400135
0.353061
0.305988
0.258914
0.211842
0.164761
0.117692
0.0706193
0.023532
4.88612
4.59727
4.65385
4.54928
4.49629
4.45056
4.40243
4.35475
4.30747
4.2603
4.21318
4.16609
4.119
4.07192
4.02485
3.97777
3.9307
3.88362
3.83655
3.78948
3.7424
3.69533
3.64825
3.60118
3.55411
3.50703
3.45996
3.41288
3.36581
3.31873
3.27166
3.22459
3.17751
3.13044
3.08336
3.03629
2.98922
2.94214
2.89507
2.84799
2.80092
2.75384
2.70677
2.6597
2.61262
2.56555
2.51847
2.4714
2.42433
2.37725
2.33018
2.2831
2.23603
2.18896
2.14188
2.09481
2.04773
2.00066
1.95358
1.90651
1.85944
1.81236
1.76529
1.71821
1.67114
1.62406
1.57699
1.52992
1.48284
1.43577
1.38869
1.34162
1.29455
1.24747
1.2004
1.15332
1.10625
1.05918
1.0121
0.965025
0.91795
0.870877
0.823804
0.776731
0.729655
0.682579
0.635505
0.588433
0.541361
0.494286
0.44721
0.400135
0.353061
0.305988
0.258914
0.211842
0.164761
0.117692
0.0706195
0.0235321
4.85012
4.59317
4.65223
4.54864
4.49607
4.45055
4.40243
4.35476
4.30748
4.26031
4.21319
4.16609
4.119
4.07192
4.02485
3.97777
3.9307
3.88362
3.83655
3.78948
3.7424
3.69533
3.64825
3.60118
3.55411
3.50703
3.45996
3.41288
3.36581
3.31873
3.27166
3.22459
3.17751
3.13044
3.08336
3.03629
2.98922
2.94214
2.89507
2.84799
2.80092
2.75384
2.70677
2.6597
2.61262
2.56555
2.51847
2.4714
2.42433
2.37725
2.33018
2.2831
2.23603
2.18896
2.14188
2.09481
2.04773
2.00066
1.95358
1.90651
1.85944
1.81236
1.76529
1.71821
1.67114
1.62406
1.57699
1.52992
1.48284
1.43577
1.38869
1.34162
1.29455
1.24747
1.2004
1.15332
1.10625
1.05918
1.0121
0.965025
0.91795
0.870877
0.823804
0.776731
0.729655
0.682579
0.635506
0.588433
0.541361
0.494286
0.44721
0.400135
0.353061
0.305989
0.258914
0.211842
0.164761
0.117692
0.0706197
0.0235321
4.81956
4.58801
4.64984
4.54764
4.49571
4.45044
4.40239
4.35474
4.30748
4.26031
4.21319
4.16609
4.119
4.07193
4.02485
3.97777
3.9307
3.88362
3.83655
3.78948
3.7424
3.69533
3.64825
3.60118
3.5541
3.50703
3.45996
3.41288
3.36581
3.31873
3.27166
3.22459
3.17751
3.13044
3.08336
3.03629
2.98922
2.94214
2.89507
2.84799
2.80092
2.75384
2.70677
2.6597
2.61262
2.56555
2.51847
2.4714
2.42433
2.37725
2.33018
2.2831
2.23603
2.18896
2.14188
2.09481
2.04773
2.00066
1.95358
1.90651
1.85944
1.81236
1.76529
1.71821
1.67114
1.62406
1.57699
1.52992
1.48284
1.43577
1.38869
1.34162
1.29455
1.24747
1.2004
1.15332
1.10625
1.05918
1.0121
0.965025
0.91795
0.870877
0.823804
0.77673
0.729655
0.682579
0.635506
0.588433
0.541361
0.494286
0.44721
0.400135
0.353061
0.305989
0.258914
0.211842
0.164761
0.117693
0.0706199
0.0235322
4.7936
4.58226
4.64695
4.54637
4.49522
4.45026
4.40232
4.35471
4.30747
4.26031
4.21319
4.16609
4.11901
4.07193
4.02485
3.97777
3.9307
3.88362
3.83655
3.78948
3.7424
3.69533
3.64825
3.60118
3.5541
3.50703
3.45996
3.41288
3.36581
3.31873
3.27166
3.22459
3.17751
3.13044
3.08336
3.03629
2.98922
2.94214
2.89507
2.84799
2.80092
2.75384
2.70677
2.6597
2.61262
2.56555
2.51847
2.4714
2.42433
2.37725
2.33018
2.2831
2.23603
2.18896
2.14188
2.09481
2.04773
2.00066
1.95358
1.90651
1.85944
1.81236
1.76529
1.71821
1.67114
1.62406
1.57699
1.52992
1.48284
1.43577
1.38869
1.34162
1.29455
1.24747
1.2004
1.15332
1.10625
1.05918
1.0121
0.965025
0.91795
0.870877
0.823804
0.77673
0.729655
0.682579
0.635506
0.588433
0.54136
0.494286
0.44721
0.400135
0.353061
0.305989
0.258914
0.211842
0.164761
0.117693
0.0706201
0.0235322
4.77156
4.57629
4.64379
4.54492
4.49463
4.45003
4.40222
4.35467
4.30745
4.2603
4.21319
4.16609
4.11901
4.07193
4.02485
3.97777
3.9307
3.88362
3.83655
3.78948
3.7424
3.69533
3.64825
3.60118
3.5541
3.50703
3.45996
3.41288
3.36581
3.31873
3.27166
3.22459
3.17751
3.13044
3.08336
3.03629
2.98922
2.94214
2.89507
2.84799
2.80092
2.75384
2.70677
2.6597
2.61262
2.56555
2.51847
2.4714
2.42433
2.37725
2.33018
2.2831
2.23603
2.18896
2.14188
2.09481
2.04773
2.00066
1.95358
1.90651
1.85944
1.81236
1.76529
1.71821
1.67114
1.62406
1.57699
1.52992
1.48284
1.43577
1.38869
1.34162
1.29455
1.24747
1.2004
1.15332
1.10625
1.05918
1.0121
0.965025
0.91795
0.870877
0.823804
0.77673
0.729655
0.682579
0.635506
0.588434
0.54136
0.494286
0.44721
0.400135
0.353061
0.305989
0.258914
0.211842
0.164761
0.117693
0.0706202
0.0235323
4.7529
4.57038
4.64054
4.54338
4.49398
4.44975
4.4021
4.35462
4.30743
4.26029
4.21318
4.16609
4.11901
4.07193
4.02485
3.97777
3.9307
3.88362
3.83655
3.78948
3.7424
3.69533
3.64825
3.60118
3.5541
3.50703
3.45996
3.41288
3.36581
3.31873
3.27166
3.22459
3.17751
3.13044
3.08336
3.03629
2.98922
2.94214
2.89507
2.84799
2.80092
2.75385
2.70677
2.6597
2.61262
2.56555
2.51847
2.4714
2.42433
2.37725
2.33018
2.2831
2.23603
2.18896
2.14188
2.09481
2.04773
2.00066
1.95358
1.90651
1.85944
1.81236
1.76529
1.71821
1.67114
1.62406
1.57699
1.52992
1.48284
1.43577
1.38869
1.34162
1.29455
1.24747
1.2004
1.15332
1.10625
1.05918
1.0121
0.965025
0.917951
0.870877
0.823804
0.77673
0.729655
0.682579
0.635506
0.588434
0.54136
0.494285
0.44721
0.400135
0.353061
0.305989
0.258914
0.211842
0.164761
0.117693
0.0706204
0.0235323
4.73713
4.56472
4.63732
4.5418
4.49329
4.44944
4.40196
4.35456
4.3074
4.26028
4.21318
4.16609
4.11901
4.07193
4.02485
3.97777
3.9307
3.88362
3.83655
3.78948
3.7424
3.69533
3.64825
3.60118
3.55411
3.50703
3.45996
3.41288
3.36581
3.31873
3.27166
3.22459
3.17751
3.13044
3.08336
3.03629
2.98922
2.94214
2.89507
2.84799
2.80092
2.75385
2.70677
2.6597
2.61262
2.56555
2.51847
2.4714
2.42433
2.37725
2.33018
2.2831
2.23603
2.18896
2.14188
2.09481
2.04773
2.00066
1.95358
1.90651
1.85944
1.81236
1.76529
1.71821
1.67114
1.62406
1.57699
1.52992
1.48284
1.43577
1.38869
1.34162
1.29455
1.24747
1.2004
1.15332
1.10625
1.05918
1.0121
0.965025
0.917951
0.870878
0.823804
0.77673
0.729654
0.68258
0.635506
0.588434
0.54136
0.494285
0.44721
0.400135
0.353062
0.305989
0.258914
0.211842
0.16476
0.117693
0.0706205
0.0235323
4.7239
4.55946
4.63426
4.54025
4.49261
4.44913
4.40182
4.35449
4.30738
4.26027
4.21318
4.16609
4.11901
4.07193
4.02485
3.97777
3.9307
3.88363
3.83655
3.78948
3.7424
3.69533
3.64825
3.60118
3.55411
3.50703
3.45996
3.41288
3.36581
3.31873
3.27166
3.22459
3.17751
3.13044
3.08336
3.03629
2.98922
2.94214
2.89507
2.84799
2.80092
2.75385
2.70677
2.6597
2.61262
2.56555
2.51847
2.4714
2.42433
2.37725
2.33018
2.2831
2.23603
2.18896
2.14188
2.09481
2.04773
2.00066
1.95358
1.90651
1.85944
1.81236
1.76529
1.71821
1.67114
1.62406
1.57699
1.52992
1.48284
1.43577
1.38869
1.34162
1.29455
1.24747
1.2004
1.15332
1.10625
1.05918
1.0121
0.965025
0.917951
0.870878
0.823804
0.77673
0.729654
0.68258
0.635506
0.588434
0.54136
0.494285
0.44721
0.400135
0.353062
0.305989
0.258914
0.211842
0.16476
0.117693
0.0706206
0.0235324
4.71289
4.5547
4.63144
4.5388
4.49194
4.44882
4.40168
4.35443
4.30735
4.26026
4.21317
4.16609
4.11901
4.07193
4.02485
3.97777
3.9307
3.88363
3.83655
3.78948
3.7424
3.69533
3.64825
3.60118
3.55411
3.50703
3.45996
3.41288
3.36581
3.31873
3.27166
3.22459
3.17751
3.13044
3.08336
3.03629
2.98922
2.94214
2.89507
2.84799
2.80092
2.75385
2.70677
2.6597
2.61262
2.56555
2.51847
2.4714
2.42433
2.37725
2.33018
2.2831
2.23603
2.18896
2.14188
2.09481
2.04773
2.00066
1.95358
1.90651
1.85944
1.81236
1.76529
1.71821
1.67114
1.62406
1.57699
1.52992
1.48284
1.43577
1.38869
1.34162
1.29455
1.24747
1.2004
1.15332
1.10625
1.05918
1.0121
0.965025
0.917951
0.870878
0.823804
0.77673
0.729654
0.68258
0.635506
0.588434
0.54136
0.494285
0.44721
0.400135
0.353062
0.305989
0.258914
0.211842
0.16476
0.117693
0.0706207
0.0235324
4.70385
4.55052
4.62892
4.53747
4.49133
4.44853
4.40154
4.35437
4.30732
4.26025
4.21317
4.16608
4.119
4.07193
4.02485
3.97777
3.9307
3.88363
3.83655
3.78948
3.7424
3.69533
3.64825
3.60118
3.55411
3.50703
3.45996
3.41288
3.36581
3.31873
3.27166
3.22459
3.17751
3.13044
3.08336
3.03629
2.98922
2.94214
2.89507
2.84799
2.80092
2.75385
2.70677
2.65969
2.61262
2.56555
2.51847
2.4714
2.42433
2.37725
2.33018
2.2831
2.23603
2.18896
2.14188
2.09481
2.04773
2.00066
1.95358
1.90651
1.85944
1.81236
1.76529
1.71821
1.67114
1.62406
1.57699
1.52992
1.48284
1.43577
1.38869
1.34162
1.29455
1.24747
1.2004
1.15332
1.10625
1.05918
1.0121
0.965025
0.917951
0.870878
0.823804
0.77673
0.729654
0.68258
0.635507
0.588434
0.54136
0.494285
0.44721
0.400135
0.353062
0.305989
0.258914
0.211842
0.16476
0.117693
0.0706208
0.0235325
4.69658
4.54698
4.62675
4.53631
4.49078
4.44827
4.40142
4.35431
4.30729
4.26024
4.21316
4.16608
4.119
4.07193
4.02485
3.97778
3.9307
3.88363
3.83655
3.78948
3.7424
3.69533
3.64825
3.60118
3.55411
3.50703
3.45996
3.41288
3.36581
3.31873
3.27166
3.22459
3.17751
3.13044
3.08336
3.03629
2.98922
2.94214
2.89507
2.84799
2.80092
2.75385
2.70677
2.65969
2.61262
2.56555
2.51847
2.4714
2.42433
2.37725
2.33018
2.2831
2.23603
2.18896
2.14188
2.09481
2.04773
2.00066
1.95358
1.90651
1.85944
1.81236
1.76529
1.71821
1.67114
1.62406
1.57699
1.52992
1.48284
1.43577
1.38869
1.34162
1.29455
1.24747
1.2004
1.15332
1.10625
1.05918
1.0121
0.965025
0.917951
0.870878
0.823804
0.77673
0.729654
0.68258
0.635507
0.588434
0.54136
0.494285
0.44721
0.400135
0.353062
0.305989
0.258914
0.211842
0.16476
0.117693
0.0706208
0.0235325
4.69094
4.54411
4.62498
4.53535
4.49032
4.44804
4.40131
4.35426
4.30727
4.26023
4.21316
4.16608
4.119
4.07193
4.02485
3.97778
3.9307
3.88363
3.83655
3.78948
3.7424
3.69533
3.64825
3.60118
3.55411
3.50703
3.45996
3.41288
3.36581
3.31873
3.27166
3.22459
3.17751
3.13044
3.08336
3.03629
2.98922
2.94214
2.89507
2.84799
2.80092
2.75385
2.70677
2.65969
2.61262
2.56555
2.51847
2.4714
2.42433
2.37725
2.33018
2.2831
2.23603
2.18896
2.14188
2.09481
2.04773
2.00066
1.95358
1.90651
1.85944
1.81236
1.76529
1.71821
1.67114
1.62406
1.57699
1.52992
1.48284
1.43577
1.38869
1.34162
1.29455
1.24747
1.2004
1.15332
1.10625
1.05917
1.0121
0.965025
0.917951
0.870878
0.823804
0.776729
0.729654
0.68258
0.635507
0.588434
0.54136
0.494285
0.44721
0.400135
0.353062
0.305989
0.258913
0.211842
0.16476
0.117693
0.0706209
0.0235326
4.6868
4.54193
4.62362
4.53461
4.48996
4.44787
4.40123
4.35422
4.30725
4.26022
4.21315
4.16608
4.119
4.07193
4.02485
3.97778
3.9307
3.88363
3.83655
3.78948
3.7424
3.69533
3.64825
3.60118
3.55411
3.50703
3.45996
3.41288
3.36581
3.31873
3.27166
3.22459
3.17751
3.13044
3.08336
3.03629
2.98922
2.94214
2.89507
2.84799
2.80092
2.75385
2.70677
2.65969
2.61262
2.56555
2.51847
2.4714
2.42432
2.37725
2.33018
2.2831
2.23603
2.18896
2.14188
2.09481
2.04773
2.00066
1.95358
1.90651
1.85944
1.81236
1.76529
1.71821
1.67114
1.62406
1.57699
1.52992
1.48284
1.43577
1.38869
1.34162
1.29455
1.24747
1.2004
1.15332
1.10625
1.05917
1.0121
0.965025
0.917952
0.870878
0.823804
0.776729
0.729654
0.68258
0.635507
0.588434
0.541359
0.494284
0.447209
0.400135
0.353062
0.305989
0.258913
0.211842
0.16476
0.117693
0.070621
0.0235326
4.68409
4.54048
4.62271
4.5341
4.48972
4.44775
4.40117
4.35419
4.30724
4.26021
4.21315
4.16608
4.119
4.07193
4.02485
3.97778
3.9307
3.88363
3.83655
3.78948
3.7424
3.69533
3.64825
3.60118
3.55411
3.50703
3.45996
3.41288
3.36581
3.31873
3.27166
3.22459
3.17751
3.13044
3.08336
3.03629
2.98922
2.94214
2.89507
2.84799
2.80092
2.75385
2.70677
2.65969
2.61262
2.56555
2.51847
2.4714
2.42432
2.37725
2.33018
2.2831
2.23603
2.18896
2.14188
2.09481
2.04773
2.00066
1.95358
1.90651
1.85944
1.81236
1.76529
1.71821
1.67114
1.62406
1.57699
1.52992
1.48284
1.43577
1.38869
1.34162
1.29455
1.24747
1.2004
1.15332
1.10625
1.05917
1.0121
0.965026
0.917952
0.870878
0.823804
0.776729
0.729654
0.68258
0.635507
0.588434
0.541359
0.494284
0.447209
0.400135
0.353062
0.305989
0.258913
0.211842
0.16476
0.117693
0.070621
0.0235327
4.68274
4.53975
4.62225
4.53385
4.48959
4.44769
4.40114
4.35418
4.30723
4.26021
4.21315
4.16608
4.119
4.07193
4.02485
3.97778
3.9307
3.88363
3.83655
3.78948
3.7424
3.69533
3.64825
3.60118
3.55411
3.50703
3.45996
3.41288
3.36581
3.31873
3.27166
3.22459
3.17751
3.13044
3.08336
3.03629
2.98922
2.94214
2.89507
2.84799
2.80092
2.75385
2.70677
2.65969
2.61262
2.56555
2.51847
2.4714
2.42432
2.37725
2.33018
2.2831
2.23603
2.18896
2.14188
2.09481
2.04773
2.00065
1.95358
1.90651
1.85944
1.81236
1.76529
1.71821
1.67114
1.62406
1.57699
1.52992
1.48284
1.43577
1.38869
1.34162
1.29455
1.24747
1.2004
1.15332
1.10625
1.05917
1.0121
0.965026
0.917952
0.870878
0.823804
0.776729
0.729654
0.68258
0.635507
0.588434
0.541359
0.494284
0.447209
0.400136
0.353062
0.305989
0.258913
0.211842
0.16476
0.117693
0.0706211
0.0235327
4.68274
4.53975
4.62225
4.53385
4.48959
4.44769
4.40114
4.35418
4.30723
4.26021
4.21315
4.16608
4.119
4.07193
4.02485
3.97778
3.9307
3.88363
3.83655
3.78948
3.7424
3.69533
3.64825
3.60118
3.55411
3.50703
3.45996
3.41288
3.36581
3.31873
3.27166
3.22459
3.17751
3.13044
3.08336
3.03629
2.98922
2.94214
2.89507
2.84799
2.80092
2.75385
2.70677
2.65969
2.61262
2.56555
2.51847
2.4714
2.42432
2.37725
2.33018
2.2831
2.23603
2.18896
2.14188
2.09481
2.04773
2.00065
1.95358
1.90651
1.85944
1.81236
1.76529
1.71821
1.67114
1.62406
1.57699
1.52992
1.48284
1.43577
1.38869
1.34162
1.29455
1.24747
1.2004
1.15332
1.10625
1.05917
1.0121
0.965026
0.917952
0.870878
0.823804
0.776729
0.729654
0.68258
0.635507
0.588433
0.541359
0.494284
0.447209
0.400136
0.353062
0.305989
0.258913
0.211842
0.16476
0.117693
0.0706211
0.0235328
4.68409
4.54048
4.62271
4.5341
4.48972
4.44775
4.40117
4.35419
4.30724
4.26021
4.21315
4.16608
4.119
4.07193
4.02485
3.97778
3.9307
3.88363
3.83655
3.78948
3.7424
3.69533
3.64825
3.60118
3.55411
3.50703
3.45996
3.41288
3.36581
3.31873
3.27166
3.22459
3.17751
3.13044
3.08336
3.03629
2.98922
2.94214
2.89507
2.84799
2.80092
2.75384
2.70677
2.65969
2.61262
2.56555
2.51847
2.4714
2.42432
2.37725
2.33018
2.2831
2.23603
2.18896
2.14188
2.09481
2.04773
2.00065
1.95358
1.90651
1.85944
1.81236
1.76529
1.71821
1.67114
1.62406
1.57699
1.52992
1.48284
1.43577
1.38869
1.34162
1.29455
1.24747
1.2004
1.15332
1.10625
1.05917
1.0121
0.965026
0.917952
0.870878
0.823804
0.776729
0.729654
0.682581
0.635507
0.588433
0.541359
0.494284
0.447209
0.400136
0.353062
0.305989
0.258913
0.211842
0.16476
0.117693
0.0706212
0.0235328
4.6868
4.54193
4.62362
4.53461
4.48996
4.44787
4.40123
4.35422
4.30725
4.26022
4.21315
4.16608
4.119
4.07193
4.02485
3.97778
3.9307
3.88363
3.83655
3.78948
3.7424
3.69533
3.64825
3.60118
3.55411
3.50703
3.45996
3.41288
3.36581
3.31873
3.27166
3.22459
3.17751
3.13044
3.08336
3.03629
2.98922
2.94214
2.89507
2.84799
2.80092
2.75384
2.70677
2.65969
2.61262
2.56555
2.51847
2.4714
2.42432
2.37725
2.33018
2.2831
2.23603
2.18896
2.14188
2.09481
2.04773
2.00065
1.95358
1.90651
1.85943
1.81236
1.76529
1.71821
1.67114
1.62406
1.57699
1.52992
1.48284
1.43577
1.38869
1.34162
1.29455
1.24747
1.2004
1.15332
1.10625
1.05917
1.0121
0.965026
0.917952
0.870878
0.823804
0.776729
0.729655
0.682581
0.635507
0.588433
0.541359
0.494284
0.447209
0.400136
0.353062
0.305989
0.258913
0.211842
0.164761
0.117693
0.0706212
0.0235329
4.69094
4.54411
4.62498
4.53535
4.49032
4.44804
4.40131
4.35426
4.30727
4.26023
4.21316
4.16608
4.119
4.07193
4.02485
3.97778
3.9307
3.88363
3.83655
3.78948
3.7424
3.69533
3.64825
3.60118
3.55411
3.50703
3.45996
3.41288
3.36581
3.31873
3.27166
3.22459
3.17751
3.13044
3.08336
3.03629
2.98922
2.94214
2.89507
2.84799
2.80092
2.75384
2.70677
2.65969
2.61262
2.56555
2.51847
2.4714
2.42432
2.37725
2.33018
2.2831
2.23603
2.18896
2.14188
2.09481
2.04773
2.00065
1.95358
1.90651
1.85943
1.81236
1.76529
1.71821
1.67114
1.62406
1.57699
1.52992
1.48284
1.43577
1.38869
1.34162
1.29455
1.24747
1.2004
1.15332
1.10625
1.05917
1.0121
0.965026
0.917952
0.870878
0.823804
0.776729
0.729655
0.682581
0.635507
0.588433
0.541359
0.494284
0.447209
0.400136
0.353062
0.305989
0.258913
0.211842
0.164761
0.117693
0.0706213
0.0235329
4.69658
4.54698
4.62675
4.53631
4.49078
4.44827
4.40142
4.35431
4.30729
4.26024
4.21316
4.16608
4.119
4.07193
4.02485
3.97778
3.9307
3.88363
3.83655
3.78948
3.7424
3.69533
3.64825
3.60118
3.55411
3.50703
3.45996
3.41288
3.36581
3.31874
3.27166
3.22459
3.17751
3.13044
3.08336
3.03629
2.98921
2.94214
2.89507
2.84799
2.80092
2.75384
2.70677
2.65969
2.61262
2.56555
2.51847
2.4714
2.42432
2.37725
2.33018
2.2831
2.23603
2.18896
2.14188
2.09481
2.04773
2.00066
1.95358
1.90651
1.85943
1.81236
1.76529
1.71821
1.67114
1.62406
1.57699
1.52992
1.48284
1.43577
1.38869
1.34162
1.29455
1.24747
1.2004
1.15332
1.10625
1.05917
1.0121
0.965026
0.917952
0.870878
0.823804
0.776729
0.729655
0.682581
0.635507
0.588433
0.541359
0.494284
0.447209
0.400136
0.353062
0.305989
0.258913
0.211842
0.164761
0.117693
0.0706213
0.023533
4.70385
4.55052
4.62892
4.53747
4.49133
4.44853
4.40154
4.35437
4.30732
4.26025
4.21317
4.16608
4.119
4.07193
4.02485
3.97778
3.9307
3.88363
3.83655
3.78948
3.7424
3.69533
3.64825
3.60118
3.55411
3.50703
3.45996
3.41288
3.36581
3.31874
3.27166
3.22459
3.17751
3.13044
3.08336
3.03629
2.98921
2.94214
2.89507
2.84799
2.80092
2.75384
2.70677
2.65969
2.61262
2.56555
2.51847
2.4714
2.42432
2.37725
2.33018
2.2831
2.23603
2.18896
2.14188
2.09481
2.04773
2.00066
1.95358
1.90651
1.85943
1.81236
1.76529
1.71821
1.67114
1.62406
1.57699
1.52992
1.48284
1.43577
1.38869
1.34162
1.29455
1.24747
1.2004
1.15332
1.10625
1.05917
1.0121
0.965026
0.917952
0.870878
0.823804
0.776729
0.729655
0.682581
0.635507
0.588433
0.541358
0.494284
0.447209
0.400136
0.353062
0.305989
0.258913
0.211842
0.164761
0.117693
0.0706213
0.023533
4.71289
4.5547
4.63144
4.5388
4.49194
4.44882
4.40168
4.35443
4.30735
4.26026
4.21317
4.16609
4.11901
4.07193
4.02485
3.97777
3.9307
3.88362
3.83655
3.78948
3.7424
3.69533
3.64825
3.60118
3.55411
3.50703
3.45996
3.41288
3.36581
3.31874
3.27166
3.22459
3.17751
3.13044
3.08336
3.03629
2.98921
2.94214
2.89507
2.84799
2.80092
2.75384
2.70677
2.65969
2.61262
2.56555
2.51847
2.4714
2.42433
2.37725
2.33018
2.2831
2.23603
2.18896
2.14188
2.09481
2.04773
2.00066
1.95358
1.90651
1.85943
1.81236
1.76529
1.71821
1.67114
1.62406
1.57699
1.52992
1.48284
1.43577
1.38869
1.34162
1.29455
1.24747
1.2004
1.15332
1.10625
1.05917
1.0121
0.965026
0.917953
0.870878
0.823804
0.776729
0.729655
0.682581
0.635507
0.588433
0.541358
0.494283
0.447209
0.400136
0.353062
0.305989
0.258913
0.211842
0.164761
0.117693
0.0706213
0.0235331
4.7239
4.55946
4.63426
4.54025
4.49261
4.44913
4.40182
4.35449
4.30738
4.26027
4.21318
4.16609
4.11901
4.07193
4.02485
3.97777
3.9307
3.88362
3.83655
3.78948
3.7424
3.69533
3.64825
3.60118
3.5541
3.50703
3.45996
3.41288
3.36581
3.31874
3.27166
3.22458
3.17751
3.13044
3.08336
3.03629
2.98921
2.94214
2.89507
2.84799
2.80092
2.75384
2.70677
2.65969
2.61262
2.56555
2.51847
2.4714
2.42433
2.37725
2.33018
2.2831
2.23603
2.18896
2.14188
2.0948
2.04773
2.00066
1.95358
1.90651
1.85943
1.81236
1.76529
1.71821
1.67114
1.62406
1.57699
1.52992
1.48284
1.43577
1.38869
1.34162
1.29455
1.24747
1.2004
1.15332
1.10625
1.05917
1.0121
0.965027
0.917953
0.870878
0.823804
0.776729
0.729655
0.682581
0.635507
0.588433
0.541358
0.494283
0.447209
0.400136
0.353062
0.305989
0.258913
0.211842
0.164761
0.117693
0.0706213
0.0235331
4.73713
4.56472
4.63732
4.5418
4.4933
4.44944
4.40196
4.35456
4.3074
4.26028
4.21318
4.16609
4.11901
4.07193
4.02485
3.97777
3.9307
3.88362
3.83655
3.78948
3.7424
3.69533
3.64825
3.60118
3.5541
3.50703
3.45996
3.41288
3.36581
3.31874
3.27166
3.22458
3.17751
3.13044
3.08336
3.03629
2.98921
2.94214
2.89507
2.84799
2.80092
2.75384
2.70677
2.65969
2.61262
2.56555
2.51847
2.4714
2.42433
2.37725
2.33018
2.2831
2.23603
2.18896
2.14188
2.0948
2.04773
2.00066
1.95358
1.90651
1.85943
1.81236
1.76529
1.71821
1.67114
1.62406
1.57699
1.52992
1.48284
1.43577
1.38869
1.34162
1.29455
1.24747
1.2004
1.15332
1.10625
1.05917
1.0121
0.965027
0.917953
0.870878
0.823804
0.776729
0.729655
0.682581
0.635507
0.588433
0.541358
0.494283
0.447209
0.400136
0.353062
0.305989
0.258913
0.211842
0.164761
0.117693
0.0706213
0.0235332
4.75289
4.57038
4.64054
4.54338
4.49398
4.44975
4.4021
4.35462
4.30743
4.26029
4.21318
4.16609
4.11901
4.07193
4.02485
3.97777
3.9307
3.88362
3.83655
3.78948
3.7424
3.69533
3.64825
3.60118
3.5541
3.50703
3.45996
3.41288
3.36581
3.31874
3.27166
3.22458
3.17751
3.13044
3.08336
3.03629
2.98921
2.94214
2.89507
2.84799
2.80092
2.75384
2.70677
2.65969
2.61262
2.56555
2.51847
2.4714
2.42433
2.37725
2.33018
2.2831
2.23603
2.18896
2.14188
2.0948
2.04773
2.00066
1.95358
1.90651
1.85943
1.81236
1.76529
1.71821
1.67114
1.62406
1.57699
1.52992
1.48284
1.43577
1.38869
1.34162
1.29455
1.24747
1.2004
1.15332
1.10625
1.05917
1.0121
0.965027
0.917953
0.870878
0.823804
0.776729
0.729655
0.682581
0.635507
0.588433
0.541358
0.494283
0.447209
0.400136
0.353062
0.305989
0.258913
0.211842
0.164761
0.117693
0.0706213
0.0235332
4.77156
4.57629
4.64379
4.54492
4.49463
4.45002
4.40222
4.35467
4.30745
4.2603
4.21319
4.16609
4.11901
4.07193
4.02485
3.97777
3.9307
3.88362
3.83655
3.78948
3.7424
3.69533
3.64825
3.60118
3.5541
3.50703
3.45996
3.41288
3.36581
3.31873
3.27166
3.22458
3.17751
3.13044
3.08336
3.03629
2.98921
2.94214
2.89507
2.84799
2.80092
2.75384
2.70677
2.65969
2.61262
2.56555
2.51847
2.4714
2.42433
2.37725
2.33018
2.2831
2.23603
2.18896
2.14188
2.0948
2.04773
2.00066
1.95358
1.90651
1.85943
1.81236
1.76529
1.71821
1.67114
1.62406
1.57699
1.52992
1.48284
1.43577
1.38869
1.34162
1.29455
1.24747
1.2004
1.15332
1.10625
1.05917
1.0121
0.965027
0.917953
0.870878
0.823804
0.776729
0.729655
0.682581
0.635507
0.588433
0.541358
0.494283
0.447209
0.400136
0.353062
0.305989
0.258913
0.211842
0.164761
0.117694
0.0706213
0.0235333
4.7936
4.58226
4.64695
4.54637
4.49522
4.45026
4.40232
4.35471
4.30747
4.26031
4.21319
4.16609
4.11901
4.07193
4.02485
3.97777
3.9307
3.88362
3.83655
3.78948
3.7424
3.69533
3.64825
3.60118
3.5541
3.50703
3.45996
3.41288
3.36581
3.31873
3.27166
3.22458
3.17751
3.13044
3.08336
3.03629
2.98921
2.94214
2.89507
2.84799
2.80092
2.75384
2.70677
2.65969
2.61262
2.56555
2.51847
2.4714
2.42433
2.37725
2.33018
2.2831
2.23603
2.18896
2.14188
2.0948
2.04773
2.00066
1.95358
1.90651
1.85943
1.81236
1.76529
1.71821
1.67114
1.62406
1.57699
1.52992
1.48284
1.43577
1.38869
1.34162
1.29455
1.24747
1.2004
1.15332
1.10625
1.05917
1.0121
0.965027
0.917953
0.870878
0.823804
0.776729
0.729655
0.682581
0.635507
0.588433
0.541358
0.494283
0.447209
0.400136
0.353062
0.305989
0.258913
0.211842
0.164761
0.117694
0.0706213
0.0235333
4.81956
4.58801
4.64984
4.54764
4.49571
4.45044
4.40239
4.35474
4.30748
4.26031
4.21319
4.16609
4.119
4.07193
4.02485
3.97777
3.9307
3.88362
3.83655
3.78948
3.7424
3.69533
3.64825
3.60118
3.5541
3.50703
3.45996
3.41288
3.36581
3.31873
3.27166
3.22459
3.17751
3.13044
3.08336
3.03629
2.98921
2.94214
2.89507
2.84799
2.80092
2.75384
2.70677
2.65969
2.61262
2.56555
2.51847
2.4714
2.42433
2.37725
2.33018
2.2831
2.23603
2.18896
2.14188
2.0948
2.04773
2.00066
1.95358
1.90651
1.85943
1.81236
1.76529
1.71821
1.67114
1.62406
1.57699
1.52992
1.48284
1.43577
1.38869
1.34162
1.29455
1.24747
1.2004
1.15332
1.10625
1.05917
1.0121
0.965027
0.917953
0.870878
0.823804
0.776729
0.729655
0.682581
0.635507
0.588433
0.541358
0.494283
0.447209
0.400136
0.353063
0.305989
0.258913
0.211842
0.164761
0.117694
0.0706212
0.0235334
4.85012
4.59317
4.65223
4.54864
4.49607
4.45055
4.40243
4.35476
4.30748
4.26031
4.21319
4.16609
4.119
4.07192
4.02485
3.97777
3.9307
3.88362
3.83655
3.78948
3.7424
3.69533
3.64825
3.60118
3.5541
3.50703
3.45996
3.41288
3.36581
3.31873
3.27166
3.22459
3.17751
3.13044
3.08336
3.03629
2.98921
2.94214
2.89507
2.84799
2.80092
2.75385
2.70677
2.65969
2.61262
2.56555
2.51847
2.4714
2.42433
2.37725
2.33018
2.2831
2.23603
2.18896
2.14188
2.0948
2.04773
2.00066
1.95358
1.90651
1.85943
1.81236
1.76529
1.71821
1.67114
1.62406
1.57699
1.52992
1.48284
1.43577
1.38869
1.34162
1.29455
1.24747
1.2004
1.15332
1.10625
1.05917
1.0121
0.965027
0.917953
0.870878
0.823804
0.776729
0.729655
0.682581
0.635507
0.588433
0.541358
0.494283
0.447209
0.400136
0.353063
0.305989
0.258913
0.211842
0.164761
0.117694
0.0706212
0.0235334
4.88612
4.59727
4.65385
4.54928
4.49629
4.45057
4.40243
4.35475
4.30747
4.2603
4.21318
4.16609
4.119
4.07192
4.02485
3.97777
3.9307
3.88362
3.83655
3.78948
3.7424
3.69533
3.64825
3.60118
3.5541
3.50703
3.45996
3.41288
3.36581
3.31873
3.27166
3.22459
3.17751
3.13044
3.08336
3.03629
2.98921
2.94214
2.89507
2.84799
2.80092
2.75385
2.70677
2.65969
2.61262
2.56555
2.51847
2.4714
2.42433
2.37725
2.33018
2.2831
2.23603
2.18896
2.14188
2.0948
2.04773
2.00066
1.95358
1.90651
1.85943
1.81236
1.76529
1.71821
1.67114
1.62406
1.57699
1.52992
1.48284
1.43577
1.38869
1.34162
1.29455
1.24747
1.2004
1.15332
1.10625
1.05917
1.0121
0.965027
0.917953
0.870878
0.823804
0.776729
0.729655
0.682581
0.635507
0.588433
0.541358
0.494283
0.447209
0.400136
0.353063
0.305989
0.258913
0.211842
0.164761
0.117694
0.0706211
0.0235334
4.92846
4.59968
4.65435
4.54946
4.49635
4.45049
4.40238
4.35473
4.30746
4.26029
4.21318
4.16608
4.119
4.07192
4.02485
3.97777
3.9307
3.88362
3.83655
3.78948
3.7424
3.69533
3.64825
3.60118
3.5541
3.50703
3.45996
3.41288
3.36581
3.31873
3.27166
3.22459
3.17751
3.13044
3.08336
3.03629
2.98921
2.94214
2.89507
2.84799
2.80092
2.75385
2.70677
2.65969
2.61262
2.56555
2.51847
2.4714
2.42433
2.37725
2.33018
2.2831
2.23603
2.18895
2.14188
2.0948
2.04773
2.00066
1.95358
1.90651
1.85943
1.81236
1.76529
1.71821
1.67114
1.62406
1.57699
1.52992
1.48284
1.43577
1.38869
1.34162
1.29455
1.24747
1.2004
1.15332
1.10625
1.05917
1.0121
0.965027
0.917953
0.870878
0.823804
0.776729
0.729655
0.682582
0.635507
0.588433
0.541357
0.494283
0.447209
0.400136
0.353063
0.305989
0.258913
0.211842
0.164761
0.117694
0.070621
0.0235334
4.97784
4.59957
4.6534
4.54914
4.49625
4.45032
4.40231
4.35469
4.30744
4.26028
4.21317
4.16608
4.119
4.07192
4.02485
3.97777
3.9307
3.88362
3.83655
3.78948
3.7424
3.69533
3.64825
3.60118
3.5541
3.50703
3.45996
3.41288
3.36581
3.31873
3.27166
3.22459
3.17751
3.13044
3.08336
3.03629
2.98921
2.94214
2.89507
2.84799
2.80092
2.75385
2.70677
2.65969
2.61262
2.56555
2.51847
2.4714
2.42433
2.37725
2.33018
2.2831
2.23603
2.18895
2.14188
2.0948
2.04773
2.00066
1.95358
1.90651
1.85943
1.81236
1.76529
1.71821
1.67114
1.62406
1.57699
1.52992
1.48284
1.43577
1.38869
1.34162
1.29455
1.24747
1.2004
1.15332
1.10625
1.05917
1.0121
0.965027
0.917953
0.870878
0.823804
0.776729
0.729655
0.682582
0.635507
0.588432
0.541357
0.494283
0.447209
0.400136
0.353063
0.305989
0.258913
0.211842
0.164761
0.117694
0.0706209
0.0235334
5.03617
4.59648
4.65099
4.54843
4.49607
4.45008
4.4022
4.35465
4.30741
4.26027
4.21316
4.16607
4.11899
4.07192
4.02484
3.97777
3.9307
3.88362
3.83655
3.78948
3.7424
3.69533
3.64825
3.60118
3.5541
3.50703
3.45996
3.41288
3.36581
3.31873
3.27166
3.22459
3.17751
3.13044
3.08336
3.03629
2.98921
2.94214
2.89507
2.84799
2.80092
2.75385
2.70677
2.65969
2.61262
2.56555
2.51847
2.4714
2.42433
2.37725
2.33018
2.2831
2.23603
2.18895
2.14188
2.0948
2.04773
2.00066
1.95358
1.90651
1.85943
1.81236
1.76529
1.71821
1.67114
1.62406
1.57699
1.52992
1.48284
1.43577
1.38869
1.34162
1.29455
1.24747
1.2004
1.15332
1.10625
1.05917
1.0121
0.965027
0.917953
0.870878
0.823804
0.776729
0.729655
0.682582
0.635507
0.588432
0.541357
0.494283
0.447209
0.400136
0.353063
0.305989
0.258913
0.211841
0.164762
0.117694
0.0706207
0.0235334
5.1142
4.59153
4.64755
4.54754
4.49582
4.44981
4.40209
4.3546
4.30738
4.26025
4.21315
4.16607
4.11899
4.07192
4.02484
3.97777
3.9307
3.88362
3.83655
3.78948
3.7424
3.69533
3.64825
3.60118
3.5541
3.50703
3.45996
3.41288
3.36581
3.31873
3.27166
3.22459
3.17751
3.13044
3.08336
3.03629
2.98922
2.94214
2.89507
2.84799
2.80092
2.75385
2.70677
2.65969
2.61262
2.56555
2.51847
2.4714
2.42433
2.37725
2.33018
2.2831
2.23603
2.18895
2.14188
2.0948
2.04773
2.00066
1.95358
1.90651
1.85943
1.81236
1.76529
1.71821
1.67114
1.62406
1.57699
1.52992
1.48284
1.43577
1.38869
1.34162
1.29455
1.24747
1.2004
1.15332
1.10625
1.05917
1.0121
0.965027
0.917953
0.870878
0.823804
0.776729
0.729655
0.682582
0.635507
0.588432
0.541357
0.494283
0.447209
0.400136
0.353063
0.305989
0.258914
0.211841
0.164762
0.117694
0.0706205
0.0235333
5.22948
4.58645
4.6431
4.5464
4.49538
4.44947
4.40196
4.35454
4.30735
4.26023
4.21314
4.16606
4.11899
4.07192
4.02484
3.97777
3.9307
3.88362
3.83655
3.78948
3.7424
3.69533
3.64825
3.60118
3.5541
3.50703
3.45996
3.41288
3.36581
3.31873
3.27166
3.22459
3.17751
3.13044
3.08336
3.03629
2.98922
2.94214
2.89507
2.84799
2.80092
2.75385
2.70677
2.65969
2.61262
2.56555
2.51847
2.4714
2.42433
2.37725
2.33018
2.28311
2.23603
2.18895
2.14188
2.0948
2.04773
2.00066
1.95358
1.90651
1.85943
1.81236
1.76529
1.71821
1.67114
1.62406
1.57699
1.52992
1.48284
1.43577
1.38869
1.34162
1.29455
1.24747
1.2004
1.15332
1.10625
1.05917
1.0121
0.965027
0.917953
0.870878
0.823804
0.776729
0.729655
0.682582
0.635507
0.588432
0.541357
0.494283
0.447209
0.400136
0.353063
0.305989
0.258914
0.211841
0.164762
0.117694
0.0706199
0.0235328
)
;

boundaryField
{
    inlet
    {
        type            zeroGradient;
    }
    outlet
    {
        type            fixedValue;
        value           uniform 0;
    }
    upperWall
    {
        type            zeroGradient;
    }
    lowerWall
    {
        type            zeroGradient;
    }
    frontAndBack
    {
        type            empty;
    }
}


// ************************************************************************* //
