/*--------------------------------*- C++ -*----------------------------------*\
| =========                 |                                                 |
| \\      /  F ield         | OpenFOAM: The Open Source CFD Toolbox           |
|  \\    /   O peration     | Version:  5.x                                   |
|   \\  /    A nd           | Web:      www.OpenFOAM.org                      |
|    \\/     M anipulation  |                                                 |
\*---------------------------------------------------------------------------*/
FoamFile
{
    version     2.0;
    format      ascii;
    class       surfaceScalarField;
    location    "0.08";
    object      phi;
}
// * * * * * * * * * * * * * * * * * * * * * * * * * * * * * * * * * * * * * //

dimensions      [0 3 -1 0 0 0 0];

internalField   nonuniform List<scalar> 
7860
(
0.00114477
0.00135523
0.000813467
0.000331303
0.000763303
5.01646e-05
0.000748801
1.45017e-05
0.000740675
8.12654e-06
0.000738168
2.50696e-06
0.00073695
1.21782e-06
0.000736267
6.82302e-07
0.000735917
3.50743e-07
0.000735735
1.81763e-07
0.00073564
9.49265e-08
0.00073559
5.02695e-08
0.000735563
2.66672e-08
0.000735549
1.39688e-08
0.000735542
6.94175e-09
0.000735538
4.14351e-09
0.000735536
1.82676e-09
0.000735535
1.18232e-09
0.000735535
5.40819e-10
0.000735534
2.18557e-10
0.000735534
6.08783e-10
0.000735534
-6.70413e-10
0.000735534
3.3307e-10
0.000735533
6.56198e-10
0.000735534
-8.25281e-10
0.000735534
5.03172e-10
0.000735534
-4.01088e-11
0.000735534
-1.96116e-10
0.000735533
8.30899e-10
0.000735534
-1.06333e-09
0.000735534
5.25033e-10
0.000735534
2.08714e-11
0.000735533
4.92934e-10
0.000735534
-7.29237e-10
0.000735534
6.4193e-11
0.000735532
1.29357e-09
0.000735534
-1.92063e-09
0.000735533
1.04784e-09
0.000735533
4.17501e-10
0.000735534
-1.1214e-09
0.000735533
9.75393e-10
0.000735532
5.91602e-10
0.000735535
-2.49764e-09
0.000735533
1.75836e-09
0.000735532
1.24125e-09
0.000735535
-3.38153e-09
0.000735532
2.90884e-09
0.000735534
-1.26328e-09
0.000735535
-1.15489e-09
0.000735532
3.006e-09
0.000735536
-4.44584e-09
0.000735534
2.64389e-09
0.000735533
5.95579e-10
0.000735535
-2.17145e-09
0.000735535
5.86329e-10
0.000735535
-4.78017e-10
0.000735533
1.79399e-09
0.000735536
-2.60845e-09
0.000735534
1.52036e-09
0.000735534
9.54505e-11
0.000735535
-6.25488e-10
0.000735534
9.67681e-10
0.000735534
-1.01943e-11
0.000735533
8.51255e-10
0.000735533
-1.74503e-10
0.000735534
-8.06135e-10
0.000735533
1.45361e-09
0.000735532
8.62551e-10
0.000735533
-1.11138e-09
0.000735533
-2.95647e-10
0.000735532
7.50688e-10
0.000735532
1.1858e-10
0.000735533
-8.53199e-10
0.000735534
-1.24799e-09
0.000735535
-5.20148e-10
0.000735534
8.3986e-10
0.000735534
6.39512e-10
0.000735535
-1.35451e-09
0.000735537
-2.11079e-09
0.000735537
1.17444e-10
0.000735534
2.70601e-09
0.000735532
2.34931e-09
0.000735532
-4.05148e-10
0.000735534
-1.99607e-09
0.000735535
-5.54914e-10
0.000735533
1.84131e-09
0.000735531
2.05777e-09
0.000735531
-3.1834e-10
0.000735534
-2.67823e-09
0.000735536
-2.62713e-09
0.000735537
-4.40226e-10
0.000735535
1.49489e-09
0.000735534
1.61464e-09
0.000735534
-1.00567e-10
0.000735534
-2.2908e-10
0.000735537
-2.71473e-09
0.000735532
4.8621e-09
0.000735534
-2.15111e-09
0.000735531
3.07743e-09
1.62604e-08
0.00219547
0.00165976
0.00196343
0.000563337
0.00188062
0.000132979
0.00185034
4.47776e-05
0.00183596
2.25052e-05
0.00182965
8.82306e-06
0.00182661
4.25131e-06
0.00182504
2.25282e-06
0.00182423
1.16685e-06
0.0018238
6.09033e-07
0.00182358
3.19351e-07
0.00182346
1.69584e-07
0.00182339
9.0024e-08
0.00182336
4.74123e-08
0.00182334
2.43821e-08
0.00182333
1.39772e-08
0.00182333
6.39157e-09
0.00182333
4.02559e-09
0.00182332
2.0937e-09
0.00182332
7.59168e-10
0.00182332
1.54008e-09
0.00182332
-1.40652e-09
0.00182332
8.99937e-10
0.00182332
1.54808e-09
0.00182332
-1.99364e-09
0.00182332
1.15087e-09
0.00182332
1.53837e-10
0.00182332
-4.99565e-10
0.00182332
1.6693e-09
0.00182332
-2.26022e-09
0.00182332
1.44897e-09
0.00182332
-2.73218e-10
0.00182332
1.10514e-09
0.00182332
-1.43674e-09
0.00182332
9.17579e-11
0.00182332
2.84482e-09
0.00182332
-4.30058e-09
0.00182332
2.37252e-09
0.00182332
9.82739e-10
0.00182332
-2.42663e-09
0.00182332
2.09338e-09
0.00182332
1.17206e-09
0.00182332
-5.3577e-09
0.00182332
4.02073e-09
0.00182332
2.29766e-09
0.00182332
-7.12538e-09
0.00182332
6.43606e-09
0.00182332
-3.37429e-09
0.00182332
-1.68135e-09
0.00182332
5.67695e-09
0.00182333
-9.57517e-09
0.00182332
6.39761e-09
0.00182332
2.35467e-10
0.00182332
-4.20255e-09
0.00182332
1.17218e-09
0.00182332
-9.45234e-10
0.00182332
3.66402e-09
0.00182333
-5.9514e-09
0.00182332
4.37142e-09
0.00182332
-8.17487e-10
0.00182332
-8.74873e-10
0.00182332
2.11535e-09
0.00182332
2.7504e-11
0.00182332
2.23204e-09
0.00182332
-8.50429e-10
0.00182332
-1.47372e-09
0.00182332
3.64259e-09
0.00182332
1.64485e-09
0.00182332
-2.3765e-09
0.00182332
-4.97071e-10
0.00182332
1.40644e-09
0.00182332
1.55231e-10
0.00182332
-1.76005e-09
0.00182332
-2.8157e-09
0.00182332
-1.4155e-09
0.00182332
1.58396e-09
0.00182332
1.26287e-09
0.00182332
-2.90413e-09
0.00182333
-4.4697e-09
0.00182333
2.90595e-10
0.00182332
5.81575e-09
0.00182332
5.1867e-09
0.00182332
-5.827e-10
0.00182332
-4.00035e-09
0.00182332
-1.11062e-09
0.00182332
3.81452e-09
0.00182332
4.26043e-09
0.00182332
-7.53516e-10
0.00182332
-5.79304e-09
0.00182333
-5.77391e-09
0.00182333
-1.17032e-09
0.00182332
3.04745e-09
0.00182332
3.44336e-09
0.00182332
1.46915e-10
0.00182332
-7.15641e-10
0.00182332
-4.23601e-09
0.00182332
8.88425e-09
0.00182332
-2.91301e-09
0.00182331
1.04773e-08
3.22918e-08
0.00260037
0.00155939
0.00251116
0.000652555
0.00243744
0.000206694
0.00240288
7.93359e-05
0.00238706
3.83231e-05
0.00237917
1.67129e-05
0.00237528
8.14324e-06
0.0023733
4.23767e-06
0.00237226
2.20123e-06
0.00237172
1.15233e-06
0.00237143
6.05711e-07
0.00237128
3.21583e-07
0.0023712
1.70815e-07
0.00237116
8.9953e-08
0.00237114
4.69964e-08
0.00237112
2.65211e-08
0.00237112
1.26294e-08
0.00237111
7.35355e-09
0.00237111
3.88319e-09
0.00237111
1.83491e-09
0.00237111
2.48862e-09
0.00237111
-1.79215e-09
0.00237111
9.4393e-10
0.00237111
2.54881e-09
0.00237111
-2.56631e-09
0.00237111
1.237e-09
0.00237111
2.52324e-10
0.00237111
-6.09861e-10
0.00237111
2.5258e-09
0.00237111
-3.42685e-09
0.00237111
2.20246e-09
0.00237111
-6.27096e-10
0.00237111
1.76241e-09
0.00237111
-1.81151e-09
0.00237111
-5.41709e-10
0.00237111
4.47284e-09
0.00237111
-5.86989e-09
0.00237111
2.92157e-09
0.00237111
1.52789e-09
0.00237111
-3.18782e-09
0.00237111
2.40552e-09
0.00237111
2.01424e-09
0.00237111
-7.20182e-09
0.00237111
4.9107e-09
0.00237111
3.61516e-09
0.00237111
-9.84978e-09
0.00237111
8.73673e-09
0.00237111
-4.75232e-09
0.00237111
-2.00867e-09
0.00237111
7.46565e-09
0.00237111
-1.27687e-08
0.00237111
8.7164e-09
0.00237111
-3.07307e-10
0.00237111
-5.06833e-09
0.00237111
1.65283e-09
0.00237111
-1.73524e-09
0.00237111
5.3162e-09
0.00237111
-8.54748e-09
0.00237111
6.98677e-09
0.00237111
-2.28924e-09
0.00237111
-6.06111e-10
0.00237111
2.95546e-09
0.00237111
-2.68029e-10
0.00237111
3.23929e-09
0.00237111
-1.39728e-09
0.00237111
-1.77188e-09
0.00237111
5.06135e-09
0.00237111
1.90016e-09
0.00237111
-3.08433e-09
0.00237111
-5.15244e-10
0.00237111
1.61435e-09
0.00237111
1.25867e-10
0.00237111
-2.08329e-09
0.00237111
-3.56931e-09
0.00237111
-2.02253e-09
0.00237111
1.70525e-09
0.00237111
1.49723e-09
0.00237111
-3.46078e-09
0.00237111
-5.3436e-09
0.00237111
2.91522e-10
0.00237111
7.01933e-09
0.00237111
6.41033e-09
0.00237111
-3.51051e-10
0.00237111
-4.5639e-09
0.00237111
-1.35211e-09
0.00237111
4.42099e-09
0.00237111
4.98851e-09
0.00237111
-8.82188e-10
0.00237111
-6.95257e-09
0.00237111
-7.06429e-09
0.00237111
-1.67622e-09
0.00237111
3.47903e-09
0.00237111
4.16239e-09
0.00237111
5.66193e-10
0.00237111
-7.17988e-10
0.00237111
-3.8669e-09
0.00237111
9.8562e-09
0.00237111
-1.25099e-09
0.0023711
1.5272e-08
3.72625e-08
0.00270745
0.00135194
0.0026933
0.000666711
0.0026398
0.00026019
0.00260813
0.000111011
0.00259315
5.32983e-05
0.00258523
2.46308e-05
0.0025812
1.21741e-05
0.00257914
6.30283e-06
0.00257806
3.28174e-06
0.00257749
1.72149e-06
0.00257719
9.06963e-07
0.00257703
4.81007e-07
0.00257694
2.55513e-07
0.0025769
1.34776e-07
0.00257687
7.12768e-08
0.00257686
3.93158e-08
0.00257685
1.91096e-08
0.00257685
1.11515e-08
0.00257685
5.86116e-09
0.00257685
2.72144e-09
0.00257685
3.1623e-09
0.00257685
-1.41476e-09
0.00257685
7.22874e-10
0.00257685
3.08991e-09
0.00257685
-2.79455e-09
0.00257685
1.3697e-09
0.00257685
4.22761e-10
0.00257685
-1.18231e-09
0.00257685
3.45033e-09
0.00257685
-4.17686e-09
0.00257685
2.83062e-09
0.00257685
-1.44469e-09
0.00257685
2.51603e-09
0.00257685
-1.61223e-09
0.00257685
-1.77543e-09
0.00257684
5.90988e-09
0.00257685
-6.69129e-09
0.00257685
2.95535e-09
0.00257685
2.11985e-09
0.00257685
-3.84476e-09
0.00257685
2.24755e-09
0.00257684
3.31056e-09
0.00257685
-8.5774e-09
0.00257685
4.67114e-09
0.00257684
5.59425e-09
0.00257685
-1.21915e-08
0.00257685
1.01873e-08
0.00257685
-5.28292e-09
0.00257685
-2.71124e-09
0.00257684
9.29149e-09
0.00257685
-1.49086e-08
0.00257685
9.74814e-09
0.00257685
-2.34755e-10
0.00257685
-5.61395e-09
0.00257685
2.21476e-09
0.00257685
-2.90273e-09
0.00257684
7.16877e-09
0.00257685
-1.06945e-08
0.00257685
9.02676e-09
0.00257685
-3.69855e-09
0.00257685
-2.56654e-10
0.00257685
3.72308e-09
0.00257685
-9.52745e-10
0.00257685
3.79273e-09
0.00257685
-1.61661e-09
0.00257685
-1.98703e-09
0.00257685
5.8165e-09
0.00257685
1.89078e-09
0.00257685
-3.53047e-09
0.00257685
-4.62016e-10
0.00257685
1.73523e-09
0.00257685
7.82689e-11
0.00257685
-2.1309e-09
0.00257685
-3.6993e-09
0.00257685
-2.24189e-09
0.00257685
1.57797e-09
0.00257685
1.4894e-09
0.00257685
-3.41309e-09
0.00257685
-5.30702e-09
0.00257685
2.87015e-10
0.00257685
6.96835e-09
0.00257685
6.4937e-09
0.00257685
-1.3287e-10
0.00257685
-4.34055e-09
0.00257685
-1.34746e-09
0.00257685
4.23095e-09
0.00257685
4.83581e-09
0.00257685
-8.50246e-10
0.00257685
-6.81381e-09
0.00257685
-7.03824e-09
0.00257685
-1.83808e-09
0.00257685
3.2918e-09
0.00257685
4.16237e-09
0.00257685
9.18482e-10
0.00257685
-3.99889e-10
0.00257684
-2.78624e-09
0.00257684
9.43346e-09
0.00257684
1.12929e-09
0.00257684
1.66773e-08
3.55869e-08
0.00270717
0.00114476
0.00272525
0.000648628
0.00269112
0.000294328
0.00266605
0.00013608
0.00265319
6.61506e-05
0.00264607
3.17513e-05
0.00264233
1.59151e-05
0.00264039
8.24505e-06
0.00263937
4.30479e-06
0.00263883
2.2626e-06
0.00263854
1.19458e-06
0.00263839
6.33024e-07
0.00263831
3.36307e-07
0.00263826
1.77571e-07
0.00263824
9.483e-08
0.00263823
5.13674e-08
0.00263822
2.53011e-08
0.00263822
1.47649e-08
0.00263822
7.8205e-09
0.00263821
3.72369e-09
0.00263821
3.34165e-09
0.00263821
-6.26669e-10
0.00263821
4.81323e-10
0.00263821
3.39442e-09
0.00263821
-2.90668e-09
0.00263821
1.3763e-09
0.00263821
8.53274e-10
0.00263821
-1.97207e-09
0.00263821
4.21811e-09
0.00263821
-4.65978e-09
0.00263821
3.42105e-09
0.00263821
-2.3581e-09
0.00263821
3.09042e-09
0.00263821
-9.94783e-10
0.00263821
-3.35031e-09
0.00263821
7.22881e-09
0.00263821
-7.007e-09
0.00263821
2.61858e-09
0.00263821
2.60966e-09
0.00263821
-4.16416e-09
0.00263821
1.68773e-09
0.00263821
4.79359e-09
0.00263821
-9.53943e-09
0.00263821
3.59298e-09
0.00263821
8.1592e-09
0.00263821
-1.43315e-08
0.00263821
1.08657e-08
0.00263821
-4.95925e-09
0.00263821
-3.80769e-09
0.00263821
1.10768e-08
0.00263821
-1.63172e-08
0.00263821
9.80148e-09
0.00263821
5.15013e-10
0.00263821
-6.11631e-09
0.00263821
2.64853e-09
0.00263821
-4.15508e-09
0.00263821
9.15308e-09
0.00263821
-1.24528e-08
0.00263821
1.03603e-08
0.00263821
-4.78005e-09
0.00263821
7.18303e-11
0.00263821
4.5194e-09
0.00263821
-1.86664e-09
0.00263821
3.94811e-09
0.00263821
-1.45896e-09
0.00263821
-2.13819e-09
0.00263821
6.09718e-09
0.00263821
1.80322e-09
0.00263821
-3.83216e-09
0.00263821
-3.80901e-10
0.00263821
1.86148e-09
0.00263821
2.61293e-11
0.00263821
-2.12878e-09
0.00263821
-3.57442e-09
0.00263821
-2.19782e-09
0.00263821
1.41086e-09
0.00263821
1.36159e-09
0.00263821
-3.19214e-09
0.00263821
-4.91102e-09
0.00263821
2.97955e-10
0.00263821
6.50012e-09
0.00263821
6.07973e-09
0.00263821
1.06401e-11
0.00263821
-3.89871e-09
0.00263821
-1.2356e-09
0.00263821
3.81277e-09
0.00263821
4.38018e-09
0.00263821
-7.67777e-10
0.00263821
-6.22739e-09
0.00263821
-6.49916e-09
0.00263821
-1.80552e-09
0.00263821
2.93889e-09
0.00263821
3.90236e-09
0.00263821
1.18774e-09
0.00263821
3.92857e-12
0.00263821
-1.62564e-09
0.00263821
8.6508e-09
0.00263821
3.32115e-09
0.00263821
1.63806e-08
3.16796e-08
0.00267977
0.000964991
0.00271199
0.000616413
0.00269389
0.000312431
0.00267627
0.000153697
0.00266616
7.62586e-05
0.00266025
3.76642e-05
0.00265703
1.91322e-05
0.00265533
9.94671e-06
0.00265442
5.20995e-06
0.00265394
2.74395e-06
0.00265369
1.45144e-06
0.00265355
7.68981e-07
0.00265348
4.08706e-07
0.00265344
2.15954e-07
0.00265342
1.16027e-07
0.00265341
6.20882e-08
0.0026534
3.08351e-08
0.0026534
1.80469e-08
0.0026534
9.67552e-09
0.00265339
4.6649e-09
0.0026534
3.11091e-09
0.00265339
3.79544e-10
0.00265339
4.1095e-10
0.00265339
3.51278e-09
0.00265339
-3.13993e-09
0.00265339
1.25146e-09
0.00265339
1.84131e-09
0.00265339
-2.99327e-09
0.00265339
4.52768e-09
0.00265339
-4.85012e-09
0.00265339
4.28402e-09
0.00265339
-3.32754e-09
0.00265339
3.15166e-09
0.00265339
-5.07067e-11
0.00265339
-4.73511e-09
0.00265339
8.26464e-09
0.00265339
-7.08941e-09
0.00265339
1.96496e-09
0.00265339
3.20316e-09
0.00265339
-4.0794e-09
0.00265339
6.15856e-10
0.00265339
6.16768e-09
0.00265339
-9.77074e-09
0.0026534
1.90318e-09
0.00265339
1.08174e-08
0.00265339
-1.61982e-08
0.00265339
1.09929e-08
0.00265339
-3.83706e-09
0.0026534
-5.38602e-09
0.00265339
1.26322e-08
0.00265339
-1.697e-08
0.00265339
9.18344e-09
0.00265339
1.63894e-09
0.00265339
-6.6961e-09
0.00265339
3.02368e-09
0.0026534
-5.31772e-09
0.00265339
1.10733e-08
0.00265339
-1.39025e-08
0.00265339
1.11134e-08
0.00265339
-5.45688e-09
0.00265339
3.08364e-10
0.00265339
5.34226e-09
0.00265339
-2.84354e-09
0.00265339
3.79564e-09
0.00265339
-9.80363e-10
0.00265339
-2.20261e-09
0.00265339
6.03936e-09
0.00265339
1.7026e-09
0.00265339
-4.01059e-09
0.00265339
-2.95806e-10
0.00265339
2.0134e-09
0.00265339
-4.13384e-11
0.00265339
-2.18155e-09
0.00265339
-3.37191e-09
0.00265339
-2.00586e-09
0.00265339
1.27539e-09
0.00265339
1.16448e-09
0.00265339
-2.99037e-09
0.00265339
-4.44996e-09
0.00265339
3.73026e-10
0.00265339
5.98071e-09
0.00265339
5.5491e-09
0.00265339
5.32284e-11
0.00265339
-3.4579e-09
0.00265339
-1.08198e-09
0.00265339
3.41303e-09
0.00265339
3.90058e-09
0.00265339
-7.03721e-10
0.00265339
-5.60014e-09
0.00265339
-5.87023e-09
0.00265339
-1.69014e-09
0.00265339
2.61103e-09
0.00265339
3.60975e-09
0.00265339
1.39601e-09
0.00265339
3.82621e-10
0.00265339
-5.98508e-10
0.00265339
7.91195e-09
0.00265339
5.04906e-09
0.00265339
1.55585e-08
2.76933e-08
0.00265079
0.000814197
0.00269009
0.000577117
0.00268458
0.000317937
0.00267391
0.000164371
0.00266672
8.34516e-05
0.00266219
4.21948e-05
0.00265961
2.17047e-05
0.00265822
1.13402e-05
0.00265747
5.96116e-06
0.00265707
3.14639e-06
0.00265685
1.66692e-06
0.00265674
8.83502e-07
0.00265668
4.69999e-07
0.00265664
2.48547e-07
0.00265663
1.33659e-07
0.00265662
7.102e-08
0.00265661
3.58069e-08
0.00265661
2.08971e-08
0.00265661
1.10779e-08
0.00265661
5.42646e-09
0.00265661
2.79173e-09
0.00265661
1.60139e-09
0.00265661
2.22276e-10
0.00265661
3.45382e-09
0.00265661
-3.24557e-09
0.00265661
9.5028e-10
0.00265661
3.23267e-09
0.00265661
-4.16654e-09
0.00265661
4.34375e-09
0.00265661
-4.68125e-09
0.00265661
5.4938e-09
0.00265661
-4.42252e-09
0.00265661
2.50098e-09
0.00265661
1.32502e-09
0.00265661
-5.5661e-09
0.00265661
8.78404e-09
0.00265661
-7.30087e-09
0.00265661
1.33487e-09
0.00265661
4.03118e-09
0.00265661
-3.66152e-09
0.00265661
-1.14993e-09
0.00265661
7.35441e-09
0.00265661
-8.96754e-09
0.00265661
-2.90921e-10
0.00265661
1.30841e-08
0.00265661
-1.76299e-08
0.00265661
1.08135e-08
0.00265661
-2.07932e-09
0.00265661
-7.44675e-09
0.00265661
1.377e-08
0.00265661
-1.67443e-08
0.00265661
8.14821e-09
0.00265661
2.75278e-09
0.00265661
-7.31433e-09
0.00265661
3.42572e-09
0.00265661
-6.2827e-09
0.00265661
1.27558e-08
0.00265661
-1.51188e-08
0.00265661
1.14617e-08
0.00265661
-5.72451e-09
0.00265661
4.01196e-10
0.00265661
6.1364e-09
0.00265661
-3.76953e-09
0.00265661
3.42249e-09
0.00265661
-2.6984e-10
0.00265661
-2.1676e-09
0.00265661
5.71691e-09
0.00265661
1.59501e-09
0.00265661
-4.05688e-09
0.00265661
-1.99842e-10
0.00265661
2.15948e-09
0.00265661
-1.36329e-10
0.00265661
-2.29069e-09
0.00265661
-3.1498e-09
0.00265661
-1.73085e-09
0.00265661
1.17356e-09
0.00265661
9.19574e-10
0.00265661
-2.85414e-09
0.00265661
-4.00389e-09
0.00265661
5.01593e-10
0.00265661
5.52731e-09
0.00265661
5.01842e-09
0.00265661
2.59841e-11
0.00265661
-3.08167e-09
0.00265661
-9.08792e-10
0.00265661
3.0956e-09
0.00265661
3.47547e-09
0.00265661
-6.74035e-10
0.00265661
-5.05586e-09
0.00265661
-5.28959e-09
0.00265661
-1.54234e-09
0.00265661
2.35424e-09
0.00265661
3.3544e-09
0.00265661
1.55908e-09
0.00265661
7.07817e-10
0.0026566
2.53572e-10
0.00265661
7.31269e-09
0.0026566
6.31819e-09
0.0026566
1.46666e-08
2.4274e-08
0.00262605
0.000688149
0.00266927
0.000533896
0.00267344
0.000313766
0.0026688
0.000169007
0.00266446
8.77965e-05
0.00266136
4.52928e-05
0.00265949
2.35736e-05
0.00265845
1.23859e-05
0.00265787
6.53562e-06
0.00265756
3.45751e-06
0.00265739
1.83404e-06
0.0026573
9.72957e-07
0.00265726
5.18411e-07
0.00265723
2.74262e-07
0.00265722
1.46862e-07
0.00265721
7.8005e-08
0.00265721
4.04121e-08
0.0026572
2.30368e-08
0.0026572
1.15722e-08
0.0026572
6.19639e-09
0.0026572
2.87976e-09
0.0026572
2.7475e-09
0.0026572
-5.58272e-10
0.0026572
3.38987e-09
0.0026572
-2.61052e-09
0.0026572
2.76593e-10
0.0026572
4.24313e-09
0.0026572
-5.06019e-09
0.0026572
4.29767e-09
0.0026572
-4.52427e-09
0.0026572
6.42862e-09
0.0026572
-5.21763e-09
0.0026572
1.555e-09
0.0026572
2.82793e-09
0.0026572
-6.05079e-09
0.0026572
8.82066e-09
0.0026572
-7.42086e-09
0.0026572
8.10595e-10
0.0026572
4.81053e-09
0.0026572
-2.91472e-09
0.0026572
-3.36489e-09
0.0026572
8.19422e-09
0.0026572
-7.11795e-09
0.0026572
-2.88947e-09
0.0026572
1.4752e-08
0.0026572
-1.84845e-08
0.0026572
1.04107e-08
0.0026572
1.19873e-10
0.0026572
-9.85668e-09
0.0026572
1.43818e-08
0.0026572
-1.56157e-08
0.0026572
6.87276e-09
0.0026572
3.60635e-09
0.0026572
-7.9309e-09
0.0026572
3.93838e-09
0.0026572
-6.99963e-09
0.0026572
1.40813e-08
0.0026572
-1.61724e-08
0.0026572
1.15697e-08
0.0026572
-5.59167e-09
0.0026572
3.05264e-10
0.0026572
6.8242e-09
0.0026572
-4.55116e-09
0.0026572
2.90697e-09
0.0026572
5.79002e-10
0.0026572
-2.04401e-09
0.0026572
5.18446e-09
0.0026572
1.47703e-09
0.0026572
-3.96258e-09
0.0026572
-8.77985e-11
0.0026572
2.26428e-09
0.0026572
-2.62871e-10
0.0026572
-2.42883e-09
0.0026572
-2.91646e-09
0.0026572
-1.41154e-09
0.0026572
1.08839e-09
0.0026572
6.39906e-10
0.0026572
-2.77414e-09
0.0026572
-3.58447e-09
0.0026572
6.68752e-10
0.0026572
5.14894e-09
0.0026572
4.51682e-09
0.0026572
-4.90507e-11
0.0026572
-2.76663e-09
0.0026572
-7.25038e-10
0.0026572
2.85868e-09
0.0026572
3.11067e-09
0.0026572
-6.76432e-10
0.0026572
-4.6096e-09
0.0026572
-4.78243e-09
0.0026572
-1.38166e-09
0.0026572
2.16528e-09
0.0026572
3.1451e-09
0.0026572
1.68562e-09
0.0026572
9.79464e-10
0.0026572
9.42311e-10
0.0026572
6.84608e-09
0.0026572
7.21098e-09
0.0026572
1.38265e-08
2.14857e-08
0.00260594
0.000582212
0.00265132
0.000488517
0.00266284
0.000302243
0.00266332
0.00016853
0.00266164
8.94698e-05
0.00265996
4.69744e-05
0.00265882
2.47166e-05
0.00265814
1.30623e-05
0.00265776
6.91879e-06
0.00265755
3.669e-06
0.00265743
1.94855e-06
0.00265737
1.03484e-06
0.00265734
5.5208e-07
0.00265732
2.92391e-07
0.00265731
1.55707e-07
0.00265731
8.27776e-08
0.0026573
4.4083e-08
0.0026573
2.45685e-08
0.0026573
1.13808e-08
0.0026573
6.88704e-09
0.0026573
3.17676e-09
0.0026573
3.84441e-09
0.0026573
-1.7487e-09
0.0026573
3.11797e-09
0.0026573
-1.14336e-09
0.0026573
-5.97318e-10
0.0026573
4.51348e-09
0.0026573
-5.64876e-09
0.0026573
4.8416e-09
0.0026573
-4.52286e-09
0.0026573
6.57469e-09
0.0026573
-5.50879e-09
0.0026573
8.89804e-10
0.0026573
4.11421e-09
0.0026573
-6.54688e-09
0.0026573
8.5467e-09
0.0026573
-7.1568e-09
0.0026573
4.30018e-10
0.0026573
5.11473e-09
0.0026573
-1.86009e-09
0.0026573
-5.54423e-09
0.0026573
8.55724e-09
0.0026573
-4.53032e-09
0.0026573
-5.73357e-09
0.0026573
1.58519e-08
0.0026573
-1.86662e-08
0.0026573
9.70646e-09
0.0026573
2.56178e-09
0.0026573
-1.23677e-08
0.0026573
1.44575e-08
0.0026573
-1.37251e-08
0.0026573
5.48481e-09
0.0026573
4.09359e-09
0.0026573
-8.49787e-09
0.0026573
4.59068e-09
0.0026573
-7.47115e-09
0.0026573
1.50088e-08
0.0026573
-1.71183e-08
0.0026573
1.15611e-08
0.0026573
-5.07611e-09
0.0026573
-1.51061e-11
0.0026573
7.34125e-09
0.0026573
-5.12058e-09
0.0026573
2.32612e-09
0.0026573
1.47625e-09
0.0026573
-1.85833e-09
0.0026573
4.49654e-09
0.0026573
1.35154e-09
0.0026573
-3.73248e-09
0.0026573
4.03806e-11
0.0026573
2.30319e-09
0.0026573
-4.20466e-10
0.0026573
-2.56625e-09
0.0026573
-2.66942e-09
0.0026573
-1.07552e-09
0.0026573
1.00341e-09
0.0026573
3.36505e-10
0.0026573
-2.72959e-09
0.0026573
-3.18687e-09
0.0026573
8.60083e-10
0.0026573
4.82916e-09
0.0026573
4.04679e-09
0.0026573
-1.53286e-10
0.0026573
-2.49765e-09
0.0026573
-5.34967e-10
0.0026573
2.68521e-09
0.0026573
2.79542e-09
0.0026573
-7.05221e-10
0.0026573
-4.24795e-09
0.0026573
-4.34305e-09
0.0026573
-1.2168e-09
0.0026573
2.03023e-09
0.0026573
2.97466e-09
0.0026573
1.78129e-09
0.0026573
1.20335e-09
0.0026573
1.49104e-09
0.0026573
6.48316e-09
0.0026573
7.81221e-09
0.0026573
1.3056e-08
1.92408e-08
0.00258979
0.000492425
0.00263618
0.000442125
0.00265325
0.000285175
0.002658
0.000163774
0.00265878
8.86982e-05
0.00265845
4.72963e-05
0.00265803
2.51364e-05
0.00265774
1.33607e-05
0.00265755
7.10293e-06
0.00265744
3.77575e-06
0.00265738
2.00805e-06
0.00265735
1.0675e-06
0.00265733
5.69695e-07
0.00265732
3.02271e-07
0.00265732
1.60591e-07
0.00265732
8.51755e-08
0.00265732
4.61278e-08
0.00265731
2.55292e-08
0.00265731
1.09874e-08
0.00265731
7.51193e-09
0.00265731
3.15306e-09
0.00265731
4.79268e-09
0.00265731
-2.66515e-09
0.00265731
2.50167e-09
0.00265731
5.72074e-10
0.00265731
-1.32948e-09
0.00265731
4.27568e-09
0.00265731
-6.15019e-09
0.00265731
5.91372e-09
0.00265731
-4.54965e-09
0.00265731
5.81223e-09
0.00265731
-5.29664e-09
0.00265731
7.5355e-10
0.00265731
5.03625e-09
0.00265731
-7.25337e-09
0.00265731
8.05491e-09
0.00265731
-6.3066e-09
0.00265731
2.43984e-10
0.00265731
4.59353e-09
0.00265731
-5.59699e-10
0.00265731
-7.20126e-09
0.00265731
8.34538e-09
0.00265731
-1.58885e-09
0.00265731
-8.65223e-09
0.00265731
1.65059e-08
0.00265731
-1.81079e-08
0.00265731
8.5637e-09
0.00265731
5.02256e-09
0.00265731
-1.46535e-08
0.00265731
1.40444e-08
0.00265731
-1.13205e-08
0.00265731
4.06097e-09
0.00265731
4.23147e-09
0.00265731
-8.9599e-09
0.00265731
5.3534e-09
0.00265731
-7.74665e-09
0.00265731
1.55691e-08
0.00265731
-1.79811e-08
0.00265731
1.15043e-08
0.00265731
-4.21114e-09
0.00265731
-5.68535e-10
0.00265731
7.63957e-09
0.00265731
-5.43e-09
0.00265731
1.75e-09
0.00265731
2.33578e-09
0.00265731
-1.63887e-09
0.00265731
3.70958e-09
0.00265731
1.22759e-09
0.00265731
-3.38131e-09
0.00265731
1.75881e-10
0.00265731
2.26476e-09
0.00265731
-6.031e-10
0.00265731
-2.68019e-09
0.00265731
-2.40733e-09
0.00265731
-7.43957e-10
0.00265731
9.06237e-10
0.00265731
2.11273e-11
0.00265731
-2.70256e-09
0.00265731
-2.80475e-09
0.00265731
1.06277e-09
0.00265731
4.55029e-09
0.00265731
3.60583e-09
0.00265731
-2.71752e-10
0.00265731
-2.26072e-09
0.00265731
-3.41656e-10
0.00265731
2.55795e-09
0.00265731
2.51799e-09
0.00265731
-7.54726e-10
0.00265731
-3.95414e-09
0.00265731
-3.9607e-09
0.00265731
-1.05291e-09
0.00265731
1.93537e-09
0.00265731
2.834e-09
0.00265731
1.85024e-09
0.00265731
1.38556e-09
0.00265731
1.92273e-09
0.00265731
6.19595e-09
0.00265731
8.19113e-09
0.00265731
1.23491e-08
1.74326e-08
0.00257686
0.000415565
0.0026235
0.000395482
0.00264472
0.000263955
0.00265303
0.000155467
0.002656
8.57302e-05
0.00265695
4.63424e-05
0.00265723
2.48545e-05
0.00265731
1.32837e-05
0.00265733
7.0866e-06
0.00265733
3.77581e-06
0.00265732
2.0114e-06
0.00265732
1.0702e-06
0.00265732
5.7083e-07
0.00265732
3.03399e-07
0.00265732
1.61607e-07
0.00265732
8.52918e-08
0.00265732
4.6167e-08
0.00265732
2.58361e-08
0.00265732
1.06947e-08
0.00265732
8.17972e-09
0.00265732
2.45143e-09
0.00265732
5.3433e-09
0.00265732
-2.6909e-09
0.00265732
1.63702e-09
0.00265732
1.81503e-09
0.00265732
-1.77443e-09
0.00265732
4.07036e-09
0.00265732
-6.67996e-09
0.00265732
6.99913e-09
0.00265732
-4.41906e-09
0.00265732
4.50549e-09
0.00265732
-4.76232e-09
0.00265732
1.01333e-09
0.00265732
5.57933e-09
0.00265732
-8.05578e-09
0.00265732
7.4043e-09
0.00265732
-4.99377e-09
0.00265732
3.46602e-10
0.00265732
3.17071e-09
0.00265732
8.41899e-10
0.00265732
-8.00584e-09
0.00265732
7.54681e-09
0.00265731
1.34149e-09
0.00265732
-1.14885e-08
0.00265732
1.68661e-08
0.00265732
-1.68093e-08
0.00265732
6.88987e-09
0.00265731
7.28827e-09
0.00265732
-1.6429e-08
0.00265732
1.32466e-08
0.00265731
-8.68545e-09
0.00265732
2.63089e-09
0.00265732
4.11633e-09
0.00265732
-9.25619e-09
0.00265732
6.154e-09
0.00265732
-7.90869e-09
0.00265732
1.58439e-08
0.00265732
-1.87526e-08
0.00265732
1.14161e-08
0.00265731
-3.0487e-09
0.00265732
-1.33421e-09
0.00265732
7.69353e-09
0.00265732
-5.4557e-09
0.00265732
1.23137e-09
0.00265732
3.09366e-09
0.00265732
-1.41823e-09
0.00265732
2.88023e-09
0.00265732
1.11721e-09
0.00265732
-2.93285e-09
0.00265732
3.08801e-10
0.00265732
2.14627e-09
0.00265732
-8.0176e-10
0.00265732
-2.75543e-09
0.00265732
-2.1316e-09
0.00265732
-4.34033e-10
0.00265732
7.91069e-10
0.00265732
-2.97463e-10
0.00265732
-2.67806e-09
0.00265732
-2.43421e-09
0.00265732
1.26621e-09
0.00265732
4.29816e-09
0.00265732
3.19173e-09
0.00265732
-3.92879e-10
0.00265732
-2.0446e-09
0.00265732
-1.4855e-10
0.00265732
2.46288e-09
0.00265732
2.26875e-09
0.00265732
-8.19844e-10
0.00265732
-3.71364e-09
0.00265732
-3.62557e-09
0.00265732
-8.9358e-10
0.00265732
1.86932e-09
0.00265732
2.71519e-09
0.00265732
1.89587e-09
0.00265732
1.53139e-09
0.00265731
2.25746e-09
0.00265732
5.9619e-09
0.00265731
8.40087e-09
0.00265732
1.16961e-08
1.59672e-08
0.00256653
0.000349031
0.00261293
0.000349086
0.00263724
0.00023965
0.00264846
0.000144239
0.00265337
8.0821e-05
0.0026555
4.42153e-05
0.00265645
2.3908e-05
0.00265689
1.28434e-05
0.0026571
6.87413e-06
0.00265721
3.67036e-06
0.00265726
1.95862e-06
0.00265729
1.04297e-06
0.0026573
5.55914e-07
0.00265731
2.95662e-07
0.00265731
1.58399e-07
0.00265731
8.33089e-08
0.00265732
4.43642e-08
0.00265732
2.53678e-08
0.00265732
1.04023e-08
0.00265731
8.97976e-09
0.00265732
1.18382e-09
0.00265732
5.2201e-09
0.00265732
-1.70561e-09
0.00265732
8.49975e-10
0.00265732
2.17493e-09
0.00265732
-2.08556e-09
0.00265732
4.38739e-09
0.00265732
-7.19815e-09
0.00265732
7.57472e-09
0.00265732
-4.08434e-09
0.00265732
3.16919e-09
0.00265732
-4.03246e-09
0.00265732
1.29982e-09
0.00265732
5.75928e-09
0.00265732
-8.60896e-09
0.00265732
6.63622e-09
0.00265732
-3.58534e-09
0.00265732
8.08863e-10
0.00265732
1.06917e-09
0.00265732
2.16876e-09
0.00265732
-7.87018e-09
0.00265732
6.2004e-09
0.00265731
4.03239e-09
0.00265732
-1.40812e-08
0.00265732
1.69944e-08
0.00265731
-1.48044e-08
0.00265732
4.65762e-09
0.00265732
9.18582e-09
0.00265732
-1.74829e-08
0.00265732
1.21899e-08
0.00265731
-6.08718e-09
0.00265732
1.19405e-09
0.00265732
3.873e-09
0.00265732
-9.32297e-09
0.00265732
6.89976e-09
0.00265732
-8.05575e-09
0.00265732
1.59416e-08
0.00265732
-1.93983e-08
0.00265732
1.12762e-08
0.00265732
-1.66e-09
0.00265732
-2.26382e-09
0.00265732
7.50057e-09
0.00265732
-5.19882e-09
0.00265732
8.08368e-10
0.00265732
3.7008e-09
0.00265732
-1.22252e-09
0.00265732
2.0598e-09
0.00265732
1.03279e-09
0.00265732
-2.41536e-09
0.00265732
4.28435e-10
0.00265732
1.95268e-09
0.00265732
-1.00649e-09
0.00265732
-2.78288e-09
0.00265732
-1.84678e-09
0.00265732
-1.58034e-10
0.00265732
6.54519e-10
0.00265732
-6.09342e-10
0.00265732
-2.6463e-09
0.00265732
-2.07356e-09
0.00265732
1.46197e-09
0.00265732
4.06237e-09
0.00265732
2.80332e-09
0.00265732
-5.07788e-10
0.00265732
-1.84143e-09
0.00265732
4.1632e-11
0.00265732
2.38851e-09
0.00265732
2.04049e-09
0.00265732
-8.96138e-10
0.00265732
-3.51471e-09
0.00265732
-3.32967e-09
0.00265732
-7.41539e-10
0.00265732
1.82294e-09
0.00265732
2.61183e-09
0.00265732
1.92124e-09
0.00265732
1.64512e-09
0.00265732
2.5125e-09
0.00265732
5.76353e-09
0.00265732
8.48151e-09
0.00265732
1.10873e-08
1.47662e-08
0.00255831
0.000290719
0.00260416
0.000303235
0.00263074
0.000213072
0.00264436
0.000130624
0.00265095
7.42234e-05
0.00265414
4.10307e-05
0.0026557
2.23465e-05
0.00265648
1.20605e-05
0.00265688
6.47481e-06
0.00265709
3.46354e-06
0.0026572
1.85125e-06
0.00265725
9.86581e-07
0.00265728
5.25795e-07
0.0026573
2.7942e-07
0.00265731
1.50569e-07
0.00265731
7.928e-08
0.00265731
4.12109e-08
0.00265731
2.41074e-08
0.00265732
9.78419e-09
0.00265731
9.79571e-09
0.00265732
-1.51777e-10
0.00265732
4.36714e-09
0.00265732
-1.52356e-10
0.00265732
4.44738e-10
0.00265732
1.77322e-09
0.00265732
-2.52338e-09
0.00265732
5.27142e-09
0.00265732
-7.43985e-09
0.00265732
7.34483e-09
0.00265732
-3.6731e-09
0.00265732
2.24218e-09
0.00265732
-3.16373e-09
0.00265732
1.27706e-09
0.00265732
5.55297e-09
0.00265732
-8.56492e-09
0.00265732
5.86185e-09
0.00265732
-2.54825e-09
0.00265731
1.63963e-09
0.00265732
-1.31414e-09
0.00265732
3.28517e-09
0.00265732
-6.93257e-09
0.00265732
4.36908e-09
0.00265731
6.43312e-09
0.00265732
-1.62967e-08
0.00265732
1.68606e-08
0.00265731
-1.21935e-08
0.00265732
1.97197e-09
0.00265732
1.05803e-08
0.00265732
-1.77143e-08
0.00265732
1.09942e-08
0.00265731
-3.7301e-09
0.00265732
-2.60179e-10
0.00265732
3.61521e-09
0.00265732
-9.10974e-09
0.00265732
7.51642e-09
0.00265732
-8.29795e-09
0.00265732
1.59754e-08
0.00265732
-1.98637e-08
0.00265732
1.10381e-08
0.00265731
-1.26086e-10
0.00265732
-3.29366e-09
0.00265732
7.08181e-09
0.00265732
-4.68396e-09
0.00265732
5.03435e-10
0.00265732
4.12587e-09
0.00265732
-1.06963e-09
0.00265732
1.29035e-09
0.00265732
9.85792e-10
0.00265732
-1.85861e-09
0.00265732
5.24254e-10
0.00265732
1.69436e-09
0.00265732
-1.20691e-09
0.00265732
-2.75902e-09
0.00265732
-1.55855e-09
0.00265732
7.45922e-11
0.00265732
4.96946e-10
0.00265732
-9.06371e-10
0.00265732
-2.60047e-09
0.00265732
-1.72304e-09
0.00265732
1.6435e-09
0.00265732
3.83578e-09
0.00265732
2.44029e-09
0.00265732
-6.09919e-10
0.00265732
-1.64562e-09
0.00265732
2.26062e-10
0.00265732
2.32602e-09
0.00265732
1.82792e-09
0.00265732
-9.79767e-10
0.00265732
-3.34816e-09
0.00265732
-3.06671e-09
0.00265732
-5.98906e-10
0.00265732
1.78896e-09
0.00265732
2.5189e-09
0.00265732
1.9293e-09
0.00265732
1.73032e-09
0.00265732
2.70244e-09
0.00265732
5.58756e-09
0.00265732
8.46303e-09
0.00265732
1.05138e-08
1.37662e-08
0.0025518
0.000238917
0.00259696
0.000258081
0.00262519
0.000184839
0.00264073
0.000115082
0.00264877
6.6182e-05
0.00265289
3.69131e-05
0.00265501
2.02298e-05
0.0026561
1.09631e-05
0.00265668
5.90212e-06
0.00265698
3.16222e-06
0.00265714
1.6925e-06
0.00265722
9.02578e-07
0.00265727
4.81482e-07
0.00265729
2.55453e-07
0.0026573
1.37967e-07
0.00265731
7.31297e-08
0.00265731
3.72357e-08
0.00265731
2.21514e-08
0.00265732
8.58328e-09
0.00265731
1.03157e-08
0.00265732
-1.03649e-09
0.00265732
3.03691e-09
0.00265732
1.31224e-09
0.00265732
4.47524e-10
0.00265732
1.12319e-09
0.00265732
-3.22571e-09
0.00265732
6.35825e-09
0.00265732
-7.18244e-09
0.00265732
6.4416e-09
0.00265732
-3.39151e-09
0.00265732
1.83911e-09
0.00265732
-2.11069e-09
0.00265732
8.15308e-10
0.00265732
4.87582e-09
0.00265732
-7.72049e-09
0.00265732
5.25435e-09
0.00265732
-2.26848e-09
0.00265731
2.74013e-09
0.00265732
-3.51251e-09
0.00265732
4.08696e-09
0.00265731
-5.43256e-09
0.00265732
2.11893e-09
0.00265731
8.58622e-09
0.00265732
-1.79977e-08
0.00265732
1.63638e-08
0.00265731
-9.13862e-09
0.00265732
-9.60798e-10
0.00265732
1.14099e-08
0.00265732
-1.71502e-08
0.00265732
9.75426e-09
0.00265731
-1.73214e-09
0.00265732
-1.73288e-09
0.00265732
3.41452e-09
0.00265732
-8.58086e-09
0.00265732
7.95017e-09
0.00265732
-8.72931e-09
0.00265732
1.60363e-08
0.00265732
-2.00785e-08
0.00265732
1.06464e-08
0.00265731
1.45965e-09
0.00265732
-4.3456e-09
0.00265732
6.474e-09
0.00265732
-3.95234e-09
0.00265732
3.21893e-10
0.00265732
4.35609e-09
0.00265732
-9.69733e-10
0.00265732
6.05629e-10
0.00265732
9.8323e-10
0.00265732
-1.29071e-09
0.00265732
5.87361e-10
0.00265732
1.38476e-09
0.00265732
-1.39311e-09
0.00265732
-2.68464e-09
0.00265732
-1.2739e-09
0.00265732
2.58628e-10
0.00265732
3.2015e-10
0.00265732
-1.18169e-09
0.00265732
-2.53648e-09
0.00265732
-1.38403e-09
0.00265732
1.80581e-09
0.00265732
3.61398e-09
0.00265732
2.10298e-09
0.00265732
-6.94626e-10
0.00265732
-1.45359e-09
0.00265732
4.0214e-10
0.00265732
2.26885e-09
0.00265732
1.62724e-09
0.00265732
-1.06743e-09
0.00265732
-3.20688e-09
0.00265732
-2.83183e-09
0.00265732
-4.67339e-10
0.00265732
1.76152e-09
0.00265732
2.43247e-09
0.00265732
1.92273e-09
0.00265732
1.79119e-09
0.00265732
2.83772e-09
0.00265732
5.42505e-09
0.00265732
8.36754e-09
0.00265732
9.96768e-09
1.29154e-08
0.00254669
0.000192223
0.00259111
0.000213669
0.00262053
0.000155413
0.00263761
9.8005e-05
0.00264686
5.69313e-05
0.00265178
3.19918e-05
0.00265438
1.76256e-05
0.00265576
9.58527e-06
0.00265649
5.17321e-06
0.00265688
2.77555e-06
0.00265708
1.48709e-06
0.00265719
7.93391e-07
0.00265725
4.23944e-07
0.00265728
2.2479e-07
0.0026573
1.20903e-07
0.00265731
6.48095e-08
0.00265731
3.26836e-08
0.00265731
1.96868e-08
0.00265731
6.79805e-09
0.00265732
1.01746e-08
0.00265732
-1.21103e-09
0.00265732
1.68285e-09
0.00265732
2.14504e-09
0.00265732
6.27971e-10
0.00265732
7.81299e-10
0.00265732
-4.08853e-09
0.00265732
7.12212e-09
0.00265732
-6.39382e-09
0.00265732
5.26338e-09
0.00265732
-3.34634e-09
0.00265732
1.76623e-09
0.00265732
-8.50083e-10
0.00265732
6.03108e-11
0.00265732
3.67155e-09
0.00265732
-6.15777e-09
0.00265732
5.01254e-09
0.00265732
-2.90909e-09
0.00265732
3.94702e-09
0.00265732
-5.1811e-09
0.00265732
4.55508e-09
0.00265731
-3.63343e-09
0.00265732
-4.77986e-10
0.00265732
1.05475e-08
0.00265732
-1.9035e-08
0.00265732
1.53731e-08
0.00265731
-5.83486e-09
0.00265732
-3.89656e-09
0.00265732
1.16957e-08
0.00265732
-1.59203e-08
0.00265732
8.51832e-09
0.00265732
-1.1754e-10
0.00265732
-3.20695e-09
0.00265732
3.2986e-09
0.00265732
-7.73736e-09
0.00265732
8.18635e-09
0.00265732
-9.42193e-09
0.00265732
1.61903e-08
0.00265732
-1.99783e-08
0.00265732
1.00528e-08
0.00265732
3.00412e-09
0.00265732
-5.34347e-09
0.00265732
5.72712e-09
0.00265732
-3.05672e-09
0.00265732
2.55451e-10
0.00265732
4.39397e-09
0.00265732
-9.25215e-10
0.00265732
3.11947e-11
0.00265732
1.0261e-09
0.00265732
-7.35994e-10
0.00265732
6.11124e-10
0.00265732
1.03898e-09
0.00265732
-1.55662e-09
0.00265732
-2.56355e-09
0.00265732
-9.99828e-10
0.00265732
3.91454e-10
0.00265732
1.27167e-10
0.00265732
-1.42958e-09
0.00265732
-2.45249e-09
0.00265732
-1.05846e-09
0.00265732
1.94518e-09
0.00265732
3.39472e-09
0.00265732
1.79211e-09
0.00265732
-7.58893e-10
0.00265732
-1.26348e-09
0.00265732
5.6773e-10
0.00265732
2.21214e-09
0.00265732
1.43617e-09
0.00265732
-1.15676e-09
0.00265732
-3.08517e-09
0.00265732
-2.62138e-09
0.00265732
-3.4814e-10
0.00265732
1.73599e-09
0.00265732
2.34967e-09
0.00265732
1.90395e-09
0.00265732
1.83072e-09
0.00265732
2.9289e-09
0.00265732
5.26808e-09
0.00265732
8.2116e-09
0.00265732
9.44129e-09
1.2172e-08
0.00254275
0.000149471
0.00258645
0.000169968
0.00261672
0.000125143
0.002635
7.97294e-05
0.00264524
4.66943e-05
0.00265083
2.63992e-05
0.00265385
1.46075e-05
0.00265546
7.96676e-06
0.00265633
4.30868e-06
0.00265679
2.31456e-06
0.00265704
1.24105e-06
0.00265717
6.62252e-07
0.00265724
3.54404e-07
0.00265727
1.88407e-07
0.00265729
1.00122e-07
0.0026573
5.44143e-08
0.00265731
2.75451e-08
0.00265731
1.6843e-08
0.00265731
4.69999e-09
0.00265732
9.14589e-09
0.00265732
-8.00979e-10
0.00265732
7.54273e-10
0.00265732
2.17814e-09
0.00265732
6.1719e-10
0.00265732
1.05369e-09
0.00265732
-4.78881e-09
0.00265732
7.13215e-09
0.00265732
-5.27061e-09
0.00265732
4.26093e-09
0.00265732
-3.4735e-09
0.00265732
1.69102e-09
0.00265732
5.21687e-10
0.00265732
-6.5539e-10
0.00265732
1.98711e-09
0.00265732
-4.2002e-09
0.00265732
5.27517e-09
0.00265732
-4.37514e-09
0.00265732
5.07157e-09
0.00265732
-6.13597e-09
0.00265732
4.7049e-09
0.00265731
-1.72984e-09
0.00265732
-3.35355e-09
0.00265732
1.23494e-08
0.00265732
-1.92879e-08
0.00265732
1.38074e-08
0.00265731
-2.52469e-09
0.00265732
-6.5675e-09
0.00265732
1.15086e-08
0.00265732
-1.42112e-08
0.00265732
7.2984e-09
0.00265732
1.13868e-09
0.00265732
-4.61975e-09
0.00265732
3.24325e-09
0.00265732
-6.6198e-09
0.00265732
8.25314e-09
0.00265732
-1.04142e-08
0.00265732
1.64666e-08
0.00265732
-1.95113e-08
0.00265732
9.22132e-09
0.00265732
4.42201e-09
0.00265732
-6.21468e-09
0.00265732
4.89585e-09
0.00265732
-2.05622e-09
0.00265732
2.85272e-10
0.00265732
4.25609e-09
0.00265732
-9.32701e-10
0.00265732
-4.17361e-10
0.00265732
1.11281e-09
0.00265732
-2.17045e-10
0.00265732
5.93197e-10
0.00265732
6.72033e-10
0.00265732
-1.69064e-09
0.00265732
-2.40186e-09
0.00265732
-7.42874e-10
0.00265732
4.72606e-10
0.00265732
-7.80028e-11
0.00265732
-1.64565e-09
0.00265732
-2.34849e-09
0.00265732
-7.48729e-10
0.00265732
2.05914e-09
0.00265732
3.17743e-09
0.00265732
1.50866e-09
0.00265732
-8.01102e-10
0.00265732
-1.07472e-09
0.00265732
7.21178e-10
0.00265732
2.15256e-09
0.00265732
1.25308e-09
0.00265732
-1.2452e-09
0.00265732
-2.97907e-09
0.00265732
-2.43265e-09
0.00265732
-2.4235e-10
0.00265732
1.70872e-09
0.00265732
2.26867e-09
0.00265732
1.87444e-09
0.00265732
1.8532e-09
0.00265732
2.98321e-09
0.00265732
5.11128e-09
0.00265732
8.00738e-09
0.00265732
8.92772e-09
1.15019e-08
0.00253979
0.000109678
0.00258287
0.00012689
0.00261372
9.42899e-05
0.00263291
6.05468e-05
0.00264392
3.56834e-05
0.00265005
2.02692e-05
0.0026534
1.12536e-05
0.00265522
6.1512e-06
0.00265619
3.33212e-06
0.00265672
1.79185e-06
0.002657
9.61424e-07
0.00265715
5.13008e-07
0.00265723
2.74567e-07
0.00265727
1.47161e-07
0.00265729
7.65403e-08
0.0026573
4.23003e-08
0.00265731
2.16689e-08
0.00265731
1.36327e-08
0.00265731
2.6752e-09
0.00265732
7.27739e-09
0.00265732
-1.8421e-10
0.00265732
4.44695e-10
0.00265732
1.63963e-09
0.00265732
1.4158e-10
0.00265732
1.85623e-09
0.00265732
-4.95787e-09
0.00265732
6.26851e-09
0.00265732
-4.16629e-09
0.00265732
3.73768e-09
0.00265732
-3.55313e-09
0.00265732
1.31515e-09
0.00265732
1.76947e-09
0.00265732
-9.50062e-10
0.00265732
1.98082e-12
0.00265732
-2.29785e-09
0.00265731
6.05495e-09
0.00265732
-6.35932e-09
0.00265732
5.97265e-09
0.00265732
-6.38781e-09
0.00265732
4.55543e-09
0.00265731
1.87302e-10
0.00265732
-6.40629e-09
0.00265732
1.39556e-08
0.00265732
-1.86806e-08
0.00265732
1.16485e-08
0.00265731
5.63411e-10
0.00265732
-8.76342e-09
0.00265732
1.09717e-08
0.00265732
-1.22285e-08
0.00265732
6.06165e-09
0.00265732
2.12585e-09
0.00265732
-5.90205e-09
0.00265732
3.19103e-09
0.00265732
-5.29659e-09
0.00265732
8.2071e-09
0.00265732
-1.17035e-08
0.00265732
1.68557e-08
0.00265732
-1.86469e-08
0.00265732
8.13971e-09
0.00265732
5.6392e-09
0.00265732
-6.90122e-09
0.00265732
4.03845e-09
0.00265732
-1.01158e-09
0.00265732
3.86552e-10
0.00265732
3.9672e-09
0.00265732
-9.80233e-10
0.00265732
-7.37795e-10
0.00265732
1.23986e-09
0.00265732
2.48818e-10
0.00265732
5.33316e-10
0.00265732
2.98698e-10
0.00265732
-1.79032e-09
0.00265732
-2.20746e-09
0.00265732
-5.08631e-10
0.00265732
5.03473e-10
0.00265732
-2.90868e-10
0.00265732
-1.82717e-09
0.00265732
-2.22501e-09
0.00265732
-4.58464e-10
0.00265732
2.14717e-09
0.00265732
2.96266e-09
0.00265732
1.25361e-09
0.00265732
-8.20768e-10
0.00265732
-8.87723e-10
0.00265732
8.61255e-10
0.00265732
2.088e-09
0.00265732
1.07733e-09
0.00265732
-1.33104e-09
0.00265732
-2.88551e-09
0.00265732
-2.26377e-09
0.00265732
-1.5082e-10
0.00265732
1.67693e-09
0.00265732
2.18794e-09
0.00265732
1.83772e-09
0.00265732
1.85964e-09
0.00265732
3.00791e-09
0.00265732
4.95045e-09
0.00265732
7.76392e-09
0.00265732
8.42064e-09
1.08771e-08
0.00253768
7.19942e-05
0.00258027
8.43075e-05
0.00261151
6.30507e-05
0.00263134
4.07137e-05
0.00264292
2.41011e-05
0.00264945
1.37362e-05
0.00265306
7.64503e-06
0.00265503
4.1853e-06
0.00265609
2.26962e-06
0.00265666
1.22145e-06
0.00265697
6.5589e-07
0.00265713
3.49957e-07
0.00265722
1.86648e-07
0.00265726
1.01876e-07
0.00265729
5.11076e-08
0.0026573
2.8958e-08
0.00265731
1.49785e-08
0.00265731
9.98546e-09
0.00265731
1.01323e-09
0.00265732
4.86717e-09
0.00265732
2.49791e-10
0.00265732
6.24051e-10
0.00265732
9.56767e-10
0.00265732
-8.14728e-10
0.00265732
2.79917e-09
0.00265732
-4.37841e-09
0.00265732
4.76924e-09
0.00265732
-3.42786e-09
0.00265732
3.70827e-09
0.00265732
-3.30488e-09
0.00265732
5.33423e-10
0.00265732
2.5844e-09
0.00265732
-5.83572e-10
0.00265732
-1.95611e-09
0.00265732
-8.97612e-10
0.00265731
7.22991e-09
0.00265732
-8.456e-09
0.00265732
6.59413e-09
0.00265732
-6.08602e-09
0.00265732
4.0958e-09
0.00265731
2.1231e-09
0.00265732
-9.487e-09
0.00265732
1.52538e-08
0.00265731
-1.7213e-08
0.00265732
8.98283e-09
0.00265731
3.22396e-09
0.00265732
-1.03476e-08
0.00265732
1.02233e-08
0.00265732
-1.01518e-08
0.00265732
4.75297e-09
0.00265732
2.93545e-09
0.00265732
-6.96215e-09
0.00265732
3.0754e-09
0.00265732
-3.87799e-09
0.00265732
8.1365e-09
0.00265732
-1.32533e-08
0.00265732
1.73175e-08
0.00265732
-1.73811e-08
0.00265732
6.82039e-09
0.00265732
6.59846e-09
0.00265732
-7.3606e-09
0.00265732
3.20721e-09
0.00265732
2.15553e-11
0.00265732
5.31314e-10
0.00265732
3.55838e-09
0.00265732
-1.05447e-09
0.00265732
-9.32033e-10
0.00265732
1.39841e-09
0.00265732
6.50073e-10
0.00265732
4.33233e-10
0.00265732
-6.69293e-11
0.00265732
-1.85317e-09
0.00265732
-1.98872e-09
0.00265732
-3.02693e-10
0.00265732
4.87721e-10
0.00265732
-5.06916e-10
0.00265732
-1.97253e-09
0.00265732
-2.08482e-09
0.00265732
-1.89361e-10
0.00265732
2.20876e-09
0.00265732
2.75208e-09
0.00265732
1.02786e-09
0.00265732
-8.18329e-10
0.00265732
-7.03457e-10
0.00265732
9.87e-10
0.00265732
2.01762e-09
0.00265732
9.08563e-10
0.00265732
-1.41287e-09
0.00265732
-2.8024e-09
0.00265732
-2.11367e-09
0.00265732
-7.42943e-11
0.00265732
1.63878e-09
0.00265732
2.1068e-09
0.00265732
1.79468e-09
0.00265732
1.85502e-09
0.00265732
3.00688e-09
0.00265732
4.7827e-09
0.00265732
7.48802e-09
0.00265732
7.9142e-09
1.0274e-08
0.00253633
3.56665e-05
0.00257857
4.20691e-05
0.00261004
3.15777e-05
0.00263029
2.04609e-05
0.00264225
1.21425e-05
0.00264905
6.93489e-06
0.00265283
3.86542e-06
0.0026549
2.11791e-06
0.00265602
1.14903e-06
0.00265662
6.18546e-07
0.00265695
3.32685e-07
0.00265712
1.77579e-07
0.00265721
9.33592e-08
0.00265726
5.34894e-08
0.00265729
2.45938e-08
0.0026573
1.49641e-08
0.00265731
7.56112e-09
0.00265731
5.83647e-09
0.00265731
-1.93189e-10
0.00265732
2.33674e-09
0.00265732
2.44433e-10
0.00265732
9.53023e-10
0.00265732
5.22941e-10
0.00265732
-1.99115e-09
0.00265732
3.39554e-09
0.00265731
-3.09263e-09
0.00265732
3.07203e-09
0.00265732
-3.20984e-09
0.00265732
3.92676e-09
0.00265732
-2.53381e-09
0.00265732
-5.24426e-10
0.00265732
2.68667e-09
0.00265732
4.80389e-10
0.00265732
-3.53144e-09
0.00265732
-2.93927e-10
0.00265731
8.57497e-09
0.00265732
-1.02856e-08
0.00265732
6.96221e-09
0.00265732
-5.42944e-09
0.00265732
3.27557e-09
0.00265731
4.14012e-09
0.00265732
-1.24053e-08
0.00265732
1.60895e-08
0.00265731
-1.49775e-08
0.00265732
5.97708e-09
0.00265732
5.33428e-09
0.00265732
-1.12866e-08
0.00265732
9.39453e-09
0.00265731
-8.1202e-09
0.00265732
3.31604e-09
0.00265732
3.64294e-09
0.00265732
-7.69459e-09
0.00265732
2.82274e-09
0.00265732
-2.48727e-09
0.00265732
8.13217e-09
0.00265732
-1.49883e-08
0.00265732
1.77843e-08
0.00265731
-1.57367e-08
0.00265732
5.29921e-09
0.00265732
7.26209e-09
0.00265732
-7.56908e-09
0.00265732
2.44852e-09
0.00265732
9.92574e-10
0.00265732
6.93024e-10
0.00265732
3.06317e-09
0.00265732
-1.14076e-09
0.00265732
-1.00803e-09
0.00265732
1.57856e-09
0.00265732
9.78862e-10
0.00265732
2.97564e-10
0.00265732
-4.13203e-10
0.00265732
-1.87814e-09
0.00265732
-1.75458e-09
0.00265732
-1.295e-10
0.00265732
4.2996e-10
0.00265732
-7.2114e-10
0.00265732
-2.08213e-09
0.00265732
-1.93049e-09
0.00265732
5.583e-11
0.00265732
2.24529e-09
0.00265732
2.54775e-09
0.00265732
8.32034e-10
0.00265732
-7.94999e-10
0.00265732
-5.22998e-10
0.00265732
1.09768e-09
0.00265732
1.94144e-09
0.00265732
7.46684e-10
0.00265732
-1.48956e-09
0.00265732
-2.72847e-09
0.00265732
-1.98193e-09
0.00265732
-1.33997e-11
0.00265732
1.59315e-09
0.00265732
2.02469e-09
0.00265732
1.74811e-09
0.00265732
1.84098e-09
0.00265732
2.98526e-09
0.00265732
4.60535e-09
0.00265732
7.18502e-09
0.00265732
7.40303e-09
9.67225e-09
0.00253566
2.03899e-09
0.00257773
6.41765e-09
0.00260931
-5.45968e-09
0.00262977
2.34156e-09
0.00264191
-2.83281e-09
0.00264885
-5.18479e-10
0.00265272
-1.51059e-10
0.00265483
-6.60608e-10
0.00265598
-6.92826e-10
0.0026566
-8.48893e-10
0.00265694
4.68642e-10
0.00265711
4.22514e-10
0.00265721
-2.34534e-09
0.00265726
3.17362e-09
0.00265729
-2.37217e-09
0.0026573
8.04242e-10
0.00265731
-2.76705e-10
0.00265731
1.21074e-09
0.00265731
-1.10205e-09
0.00265732
9.24938e-11
0.00265732
-1.93066e-10
0.00265732
1.01481e-09
0.00265732
5.39687e-10
0.00265732
-2.9827e-09
0.00265732
3.28786e-09
0.00265731
-1.39402e-09
0.00265732
1.64254e-09
0.00265732
-3.4406e-09
0.00265732
4.03581e-09
0.00265732
-1.23613e-09
0.00265732
-1.5533e-09
0.00265732
1.94391e-09
0.00265732
2.03845e-09
0.00265732
-4.41341e-09
0.00265732
-5.60232e-10
0.00265732
9.80863e-09
0.00265732
-1.15721e-08
0.00265732
7.16793e-09
0.00265732
-4.60974e-09
0.00265732
2.0286e-09
0.00265731
6.29113e-09
0.00265732
-1.49343e-08
0.00265732
1.63058e-08
0.00265731
-1.21515e-08
0.00265732
2.86472e-09
0.00265732
6.83411e-09
0.00265732
-1.16264e-08
0.00265732
8.58199e-09
0.00265731
-6.21104e-09
0.00265732
1.70677e-09
0.00265732
4.2976e-09
0.00265732
-8.01133e-09
0.00265732
2.38611e-09
0.00265732
-1.25644e-09
0.00265732
8.28064e-09
0.00265732
-1.68142e-08
0.00265732
1.81803e-08
0.00265731
-1.37631e-08
0.00265732
3.6311e-09
0.00265732
7.61392e-09
0.00265732
-7.52106e-09
0.00265732
1.79593e-09
0.00265732
1.86357e-09
0.00265732
8.46419e-10
0.00265732
2.51483e-09
0.00265732
-1.22356e-09
0.00265732
-9.78621e-10
0.00265732
1.76976e-09
0.00265732
1.23136e-09
0.00265732
1.32445e-10
0.00265732
-7.30169e-10
0.00265732
-1.86616e-09
0.00265732
-1.51434e-09
0.00265732
8.18401e-12
0.00265732
3.35695e-10
0.00265732
-9.28929e-10
0.00265732
-2.15749e-09
0.00265732
-1.76588e-09
0.00265732
2.75897e-10
0.00265732
2.25848e-09
0.00265732
2.3523e-09
0.00265732
6.66237e-10
0.00265732
-7.52606e-10
0.00265732
-3.4722e-10
0.00265732
1.19314e-09
0.00265732
1.85946e-09
0.00265732
5.9217e-10
0.00265732
-1.56047e-09
0.00265732
-2.66306e-09
0.00265732
-1.86857e-09
0.00265732
3.09881e-11
0.00265732
1.53975e-09
0.00265732
1.94129e-09
0.00265732
1.70064e-09
0.00265732
1.81938e-09
0.00265732
2.94742e-09
0.00265732
4.4163e-09
0.00265732
6.85933e-09
0.00265732
6.88217e-09
9.05372e-09
0.00253566
-3.56624e-05
0.00257773
-4.20563e-05
0.00260931
-3.15886e-05
0.00262977
-2.04563e-05
0.00264191
-1.21482e-05
0.00264885
-6.93574e-06
0.00265272
-3.86582e-06
0.00265483
-2.1194e-06
0.00265598
-1.15015e-06
0.0026566
-6.20262e-07
0.00265694
-3.31881e-07
0.00265711
-1.76893e-07
0.00265721
-9.75152e-08
0.00265726
-4.76586e-08
0.00265729
-2.92112e-08
0.0026573
-1.31838e-08
0.00265731
-8.10542e-09
0.00265731
-3.73755e-09
0.00265731
-1.97644e-09
0.00265731
-1.63216e-09
0.00265732
-8.74166e-10
0.00265732
5.44868e-10
0.00265732
9.39474e-10
0.00265732
-3.40352e-09
0.00265732
2.37859e-09
0.00265732
2.96221e-10
0.00265732
7.87542e-10
0.00265732
-3.84202e-09
0.00265732
3.7173e-09
0.00265732
3.72681e-10
0.00265732
-2.18522e-09
0.00265732
4.28782e-10
0.00265732
3.72415e-09
0.00265732
-4.43271e-09
0.00265732
-1.55508e-09
0.00265732
1.06868e-08
0.00265732
-1.21997e-08
0.00265732
7.31069e-09
0.00265732
-3.73955e-09
0.00265732
2.92788e-10
0.00265731
8.57642e-09
0.00265732
-1.68379e-08
0.00265732
1.57879e-08
0.00265731
-8.9735e-09
0.00265732
-1.11012e-10
0.00265732
7.74942e-09
0.00265732
-1.14849e-08
0.00265732
7.83724e-09
0.00265731
-4.44154e-09
0.00265732
-8.94047e-11
0.00265732
4.90639e-09
0.00265732
-7.84441e-09
0.00265732
1.7494e-09
0.00265732
-3.15876e-10
0.00265732
8.65083e-09
0.00265732
-1.8619e-08
0.00265732
1.84256e-08
0.00265731
-1.15295e-08
0.00265732
1.8833e-09
0.00265732
7.65872e-09
0.00265732
-7.23005e-09
0.00265732
1.27427e-09
0.00265732
2.60539e-09
0.00265732
9.7128e-10
0.00265732
1.94468e-09
0.00265732
-1.28857e-09
0.00265732
-8.5957e-10
0.00265732
1.96105e-09
0.00265732
1.40756e-09
0.00265732
-5.46104e-11
0.00265732
-1.01029e-09
0.00265732
-1.81981e-09
0.00265732
-1.27671e-09
0.00265732
1.08606e-10
0.00265732
2.11425e-10
0.00265732
-1.12631e-09
0.00265732
-2.20133e-09
0.00265732
-1.59528e-09
0.00265732
4.70126e-10
0.00265732
2.25099e-09
0.00265732
2.16806e-09
0.00265732
5.30846e-10
0.00265732
-6.93168e-10
0.00265732
-1.77859e-10
0.00265732
1.27392e-09
0.00265732
1.77268e-09
0.00265732
4.45222e-10
0.00265732
-1.6252e-09
0.00265732
-2.60601e-09
0.00265732
-1.77401e-09
0.00265732
5.81688e-11
0.00265732
1.47861e-09
0.00265732
1.85686e-09
0.00265732
1.65432e-09
0.00265732
1.79236e-09
0.00265732
2.89736e-09
0.00265732
4.21379e-09
0.00265732
6.51498e-09
0.00265732
6.34697e-09
8.40119e-09
0.00253633
-7.19901e-05
0.00257857
-8.42948e-05
0.00261004
-6.30616e-05
0.00263029
-4.07092e-05
0.00264225
-2.41069e-05
0.00264905
-1.37367e-05
0.00265283
-7.64564e-06
0.0026549
-4.18713e-06
0.00265602
-2.27018e-06
0.00265662
-1.22323e-06
0.00265695
-6.55299e-07
0.00265712
-3.49714e-07
0.00265721
-1.8948e-07
0.00265726
-9.73705e-08
0.00265729
-5.53334e-08
0.0026573
-2.67856e-08
0.00265731
-1.54912e-08
0.00265731
-8.72969e-09
0.00265731
-3.06438e-09
0.00265731
-2.83346e-09
0.00265732
-1.52072e-09
0.00265732
-4.90139e-10
0.00265732
1.47316e-09
0.00265732
-3.05148e-09
0.00265732
8.58041e-10
0.00265732
1.58197e-09
0.00265732
5.55736e-10
0.00265732
-4.05334e-09
0.00265732
2.82963e-09
0.00265732
1.9349e-09
0.00265732
-2.14751e-09
0.00265732
-1.5808e-09
0.00265732
5.13142e-09
0.00265732
-3.61324e-09
0.00265732
-2.97781e-09
0.00265732
1.10656e-08
0.00265732
-1.22182e-08
0.00265732
7.45913e-09
0.00265732
-2.83307e-09
0.00265732
-1.95576e-09
0.00265732
1.09224e-08
0.00265732
-1.79088e-08
0.00265732
1.4494e-08
0.00265731
-5.71715e-09
0.00265732
-2.72781e-09
0.00265732
8.17001e-09
0.00265732
-1.10136e-08
0.00265732
7.16159e-09
0.00265731
-2.77739e-09
0.00265732
-2.06014e-09
0.00265732
5.446e-09
0.00265732
-7.16258e-09
0.00265732
9.30054e-10
0.00265732
2.26452e-10
0.00265732
9.28163e-09
0.00265732
-2.0285e-08
0.00265732
1.84481e-08
0.00265731
-9.11948e-09
0.00265732
1.27958e-10
0.00265732
7.41945e-09
0.00265732
-6.72334e-09
0.00265732
8.95414e-10
0.00265732
3.20135e-09
0.00265732
1.05225e-09
0.00265732
1.38079e-09
0.00265732
-1.32384e-09
0.00265732
-6.68245e-10
0.00265732
2.14159e-09
0.00265732
1.51171e-09
0.00265732
-2.56248e-10
0.00265732
-1.24804e-09
0.00265732
-1.74317e-09
0.00265732
-1.04986e-09
0.00265732
1.71746e-10
0.00265732
6.36625e-11
0.00265732
-1.30983e-09
0.00265732
-2.21736e-09
0.00265732
-1.42321e-09
0.00265732
6.38275e-10
0.00265732
2.22643e-09
0.00265732
1.99746e-09
0.00265732
4.25375e-10
0.00265732
-6.18741e-10
0.00265732
-1.63091e-11
0.00265732
1.34047e-09
0.00265732
1.68278e-09
0.00265732
3.06185e-10
0.00265732
-1.68382e-09
0.00265732
-2.55756e-09
0.00265732
-1.69898e-09
0.00265732
6.73184e-11
0.00265732
1.40998e-09
0.00265732
1.77286e-09
0.00265732
1.60992e-09
0.00265732
1.7626e-09
0.00265732
2.83899e-09
0.00265732
3.99628e-09
0.00265732
6.15604e-09
0.00265732
5.79308e-09
7.6976e-09
0.00253768
-0.000109674
0.00258027
-0.000126877
0.00261151
-9.43007e-05
0.00263134
-6.05424e-05
0.00264292
-3.56893e-05
0.00264945
-2.02691e-05
0.00265306
-1.12544e-05
0.00265503
-6.15333e-06
0.00265609
-3.33217e-06
0.00265666
-1.79376e-06
0.00265697
-9.60884e-07
0.00265713
-5.13383e-07
0.00265722
-2.75839e-07
0.00265726
-1.44319e-07
0.00265729
-8.00768e-08
0.0026573
-3.9809e-08
0.00265731
-2.21158e-08
0.00265731
-1.34397e-08
0.00265731
-4.48963e-09
0.00265731
-3.66112e-09
0.00265731
-1.92321e-09
0.00265732
-1.88028e-09
0.00265732
1.8361e-09
0.00265731
-1.98249e-09
0.00265732
-9.06129e-10
0.00265732
2.26262e-09
0.00265732
7.31701e-10
0.00265732
-3.76717e-09
0.00265732
1.46831e-09
0.00265732
3.04616e-09
0.00265732
-1.34695e-09
0.00265732
-3.67251e-09
0.00265732
5.92806e-09
0.00265731
-2.15363e-09
0.00265732
-4.47836e-09
0.00265732
1.09412e-08
0.00265732
-1.17965e-08
0.00265732
7.61309e-09
0.00265731
-1.81642e-09
0.00265732
-4.66561e-09
0.00265732
1.31661e-08
0.00265732
-1.79997e-08
0.00265732
1.24764e-08
0.00265731
-2.6523e-09
0.00265732
-4.82624e-09
0.00265732
8.23419e-09
0.00265732
-1.0367e-08
0.00265732
6.51288e-09
0.00265731
-1.16224e-09
0.00265732
-4.14275e-09
0.00265732
5.85717e-09
0.00265732
-5.9754e-09
0.00265732
-2.36923e-11
0.00265732
2.99055e-10
0.00265732
1.01753e-08
0.00265732
-2.17007e-08
0.00265732
1.81938e-08
0.00265731
-6.62651e-09
0.00265732
-1.56285e-09
0.00265732
6.93326e-09
0.00265732
-6.03863e-09
0.00265732
6.60987e-10
0.00265732
3.64403e-09
0.00265732
1.08072e-09
0.00265732
8.46641e-10
0.00265732
-1.32047e-09
0.00265732
-4.22845e-10
0.00265732
2.30192e-09
0.00265732
1.54975e-09
0.00265732
-4.62541e-10
0.00265732
-1.44156e-09
0.00265732
-1.64166e-09
0.00265732
-8.40627e-10
0.00265732
1.98948e-10
0.00265732
-1.01192e-10
0.00265732
-1.4768e-09
0.00265732
-2.21015e-09
0.00265732
-1.25421e-09
0.00265732
7.80746e-10
0.00265732
2.1889e-09
0.00265732
1.84285e-09
0.00265732
3.48914e-10
0.00265732
-5.31487e-10
0.00265732
1.36401e-10
0.00265732
1.39354e-09
0.00265732
1.59136e-09
0.00265732
1.75682e-10
0.00265732
-1.73661e-09
0.00265732
-2.51838e-09
0.00265732
-1.64444e-09
0.00265732
5.74949e-11
0.00265732
1.33439e-09
0.00265732
1.68995e-09
0.00265732
1.57041e-09
0.00265732
1.73147e-09
0.00265732
2.77659e-09
0.00265732
3.76221e-09
0.00265732
5.78726e-09
0.00265732
5.21637e-09
6.92501e-09
0.00253979
-0.000149467
0.00258287
-0.000169956
0.00261372
-0.000125154
0.00263291
-7.97248e-05
0.00264392
-4.67006e-05
0.00265005
-2.63987e-05
0.0026534
-1.46084e-05
0.00265522
-7.96901e-06
0.00265619
-4.30852e-06
0.00265672
-2.31668e-06
0.002657
-1.24018e-06
0.00265715
-6.63311e-07
0.00265723
-3.54458e-07
0.00265727
-1.87023e-07
0.00265729
-1.02695e-07
0.0026573
-5.20192e-08
0.00265731
-2.78173e-08
0.00265731
-1.75756e-08
0.00265731
-6.2102e-09
0.00265731
-4.31963e-09
0.00265731
-2.025e-09
0.00265732
-3.26836e-09
0.00265732
1.81136e-09
0.00265731
-4.92081e-10
0.00265732
-2.49621e-09
0.00265732
2.36326e-09
0.00265732
9.5636e-10
0.00265732
-2.84663e-09
0.00265732
-7.37707e-11
0.00265732
3.39132e-09
0.00265731
8.99557e-11
0.00265732
-5.4013e-09
0.00265732
5.9407e-09
0.00265731
-3.78654e-10
0.00265732
-5.73748e-09
0.00265732
1.04191e-08
0.00265732
-1.11287e-08
0.00265732
7.67679e-09
0.00265731
-5.63465e-10
0.00265732
-7.69752e-09
0.00265732
1.50882e-08
0.00265731
-1.7065e-08
0.00265732
9.89376e-09
0.00265731
-2.11442e-11
0.00265732
-6.32749e-09
0.00265732
8.10679e-09
0.00265732
-9.67764e-09
0.00265732
5.81962e-09
0.00265731
4.64038e-10
0.00265732
-6.24208e-09
0.00265732
6.06823e-09
0.00265732
-4.33726e-09
0.00265732
-1.03319e-09
0.00265732
-1.36976e-10
0.00265732
1.13025e-08
0.00265732
-2.27691e-08
0.00265732
1.76288e-08
0.00265731
-4.14404e-09
0.00265732
-3.12395e-09
0.00265732
6.24677e-09
0.00265732
-5.21882e-09
0.00265732
5.62313e-10
0.00265732
3.93501e-09
0.00265732
1.05439e-09
0.00265732
3.61233e-10
0.00265732
-1.27349e-09
0.00265732
-1.41355e-10
0.00265732
2.43441e-09
0.00265732
1.53083e-09
0.00265732
-6.65199e-10
0.00265732
-1.59067e-09
0.00265732
-1.52221e-09
0.00265732
-6.53967e-10
0.00265732
1.92444e-10
0.00265732
-2.76509e-10
0.00265732
-1.62589e-09
0.00265732
-2.18487e-09
0.00265732
-1.09282e-09
0.00265732
8.99271e-10
0.00265732
2.14192e-09
0.00265732
1.707e-09
0.00265732
3.00181e-10
0.00265732
-4.33323e-10
0.00265732
2.78961e-10
0.00265732
1.43423e-09
0.00265732
1.49993e-09
0.00265732
5.46291e-11
0.00265732
-1.78399e-09
0.00265732
-2.48946e-09
0.00265732
-1.61178e-09
0.00265732
2.81381e-11
0.00265732
1.2516e-09
0.00265732
1.60993e-09
0.00265732
1.53836e-09
0.00265732
1.70053e-09
0.00265732
2.71466e-09
0.00265732
3.50985e-09
0.00265732
5.41461e-09
0.00265732
4.61294e-09
6.06362e-09
0.00254275
-0.000192219
0.00258645
-0.000213657
0.00261672
-0.000155423
0.002635
-9.80002e-05
0.00264524
-5.6938e-05
0.00265083
-3.19911e-05
0.00265385
-1.76262e-05
0.00265546
-9.58745e-06
0.00265633
-5.17325e-06
0.00265679
-2.77797e-06
0.00265704
-1.48543e-06
0.00265717
-7.95201e-07
0.00265724
-4.23344e-07
0.00265727
-2.24286e-07
0.00265729
-1.22427e-07
0.0026573
-6.308e-08
0.00265731
-3.25854e-08
0.00265731
-2.093e-08
0.00265731
-8.03362e-09
0.00265732
-4.99722e-09
0.00265732
-1.90688e-09
0.00265732
-4.29297e-09
0.00265732
1.33658e-09
0.00265732
1.01786e-09
0.00265732
-3.61003e-09
0.00265732
2.12693e-09
0.00265732
8.61286e-10
0.00265731
-1.37826e-09
0.00265732
-1.39873e-09
0.00265732
2.83829e-09
0.00265732
1.85053e-09
0.00265732
-6.3986e-09
0.00265732
5.18991e-09
0.00265732
1.34939e-09
0.00265732
-6.55287e-09
0.00265732
9.69262e-09
0.00265732
-1.03974e-08
0.00265732
7.51072e-09
0.00265731
1.02636e-09
0.00265732
-1.0815e-08
0.00265732
1.64455e-08
0.00265731
-1.51688e-08
0.00265732
6.98734e-09
0.00265732
1.99029e-09
0.00265732
-7.23125e-09
0.00265732
7.94487e-09
0.00265732
-9.03565e-09
0.00265732
4.99638e-09
0.00265731
2.1514e-09
0.00265732
-8.24688e-09
0.00265732
6.01172e-09
0.00265731
-2.33627e-09
0.00265732
-2.00985e-09
0.00265732
-1.07926e-09
0.00265732
1.2606e-08
0.00265732
-2.34158e-08
0.00265732
1.67437e-08
0.00265731
-1.76268e-09
0.00265732
-4.49828e-09
0.00265732
5.41231e-09
0.00265732
-4.31065e-09
0.00265732
5.82671e-10
0.00265732
4.08578e-09
0.00265732
9.74796e-10
0.00265732
-6.07088e-11
0.00265732
-1.18207e-09
0.00265732
1.58866e-10
0.00265732
2.53418e-09
0.00265732
1.46574e-09
0.00265732
-8.56303e-10
0.00265732
-1.69783e-09
0.00265732
-1.39214e-09
0.00265732
-4.94031e-10
0.00265732
1.56651e-10
0.00265732
-4.56699e-10
0.00265732
-1.75671e-09
0.00265732
-2.14714e-09
0.00265732
-9.43312e-10
0.00265732
9.95151e-10
0.00265732
2.09122e-09
0.00265732
1.59154e-09
0.00265732
2.77852e-10
0.00265732
-3.26368e-10
0.00265732
4.10436e-10
0.00265732
1.46347e-09
0.00265732
1.41021e-09
0.00265732
-5.57163e-11
0.00265732
-1.82641e-09
0.00265732
-2.47224e-09
0.00265732
-1.60281e-09
0.00265732
-2.17532e-11
0.00265732
1.16208e-09
0.00265732
1.53481e-09
0.00265732
1.51578e-09
0.00265732
1.6718e-09
0.00265732
2.65802e-09
0.00265732
3.237e-09
0.00265732
5.04604e-09
0.00265732
3.97917e-09
5.09066e-09
0.00254669
-0.000238913
0.00259111
-0.000258069
0.00262053
-0.000184849
0.00263761
-0.000115077
0.00264686
-6.61892e-05
0.00265178
-3.69124e-05
0.00265438
-2.02299e-05
0.00265576
-1.09651e-05
0.00265649
-5.90257e-06
0.00265688
-3.16495e-06
0.00265708
-1.68979e-06
0.00265719
-9.05204e-07
0.00265725
-4.80654e-07
0.00265728
-2.55189e-07
0.0026573
-1.38597e-07
0.00265731
-7.25666e-08
0.00265731
-3.64913e-08
0.00265731
-2.34102e-08
0.00265731
-9.70924e-09
0.00265732
-5.76518e-09
0.00265732
-1.74949e-09
0.00265732
-4.71501e-09
0.00265732
5.35537e-10
0.00265732
2.14036e-09
0.00265732
-4.11567e-09
0.00265732
1.89743e-09
0.00265732
2.09603e-10
0.00265732
3.53053e-10
0.00265732
-2.13432e-09
0.00265732
1.47851e-09
0.00265732
3.52394e-09
0.00265732
-6.45943e-09
0.00265732
3.88496e-09
0.00265732
2.68529e-09
0.00265732
-6.85193e-09
0.00265732
8.98816e-09
0.00265732
-9.71607e-09
0.00265732
6.93265e-09
0.00265731
3.02588e-09
0.00265732
-1.37458e-08
0.00265732
1.70371e-08
0.00265731
-1.2486e-08
0.00265732
4.02698e-09
0.00265732
3.3078e-09
0.00265732
-7.62684e-09
0.00265732
7.87855e-09
0.00265732
-8.48267e-09
0.00265732
3.96253e-09
0.00265731
3.92273e-09
0.00265732
-1.00367e-08
0.00265732
5.63492e-09
0.00265731
-9.35941e-11
0.00265732
-2.85762e-09
0.00265732
-2.48328e-09
0.00265732
1.40028e-08
0.00265732
-2.35951e-08
0.00265732
1.55564e-08
0.00265731
4.3456e-10
0.00265732
-5.642e-09
0.00265732
4.48473e-09
0.00265732
-3.36131e-09
0.00265732
7.01478e-10
0.00265732
4.1119e-09
0.00265732
8.50392e-10
0.00265732
-4.11263e-10
0.00265732
-1.04907e-09
0.00265732
4.62538e-10
0.00265732
2.59901e-09
0.00265732
1.36649e-09
0.00265732
-1.02886e-09
0.00265732
-1.76776e-09
0.00265732
-1.2599e-09
0.00265732
-3.62176e-10
0.00265732
9.63236e-11
0.00265732
-6.36198e-10
0.00265732
-1.87055e-09
0.00265732
-2.10284e-09
0.00265732
-8.09659e-10
0.00265732
1.07091e-09
0.00265732
2.04145e-09
0.00265732
1.49896e-09
0.00265732
2.80293e-10
0.00265732
-2.12909e-10
0.00265732
5.30027e-10
0.00265732
1.48218e-09
0.00265732
1.32422e-09
0.00265732
-1.54101e-10
0.00265732
-1.86418e-09
0.00265732
-2.46851e-09
0.00265732
-1.6198e-09
0.00265732
-9.34549e-11
0.00265732
1.06644e-09
0.00265732
1.46651e-09
0.00265732
1.50541e-09
0.00265732
1.64694e-09
0.00265732
2.61221e-09
0.00265732
2.94063e-09
0.00265732
4.69222e-09
0.00265732
3.31172e-09
3.97926e-09
0.0025518
-0.000290715
0.00259696
-0.000303223
0.00262519
-0.000213082
0.00264073
-0.000130618
0.00264877
-7.4231e-05
0.00265289
-4.10299e-05
0.00265501
-2.2346e-05
0.0026561
-1.20627e-05
0.00265668
-6.47554e-06
0.00265698
-3.46658e-06
0.00265714
-1.84759e-06
0.00265722
-9.9007e-07
0.00265727
-5.24714e-07
0.00265729
-2.79065e-07
0.0026573
-1.50659e-07
0.00265731
-8.0035e-08
0.00265731
-3.96133e-08
0.00265731
-2.50187e-08
0.00265731
-1.10137e-08
0.00265732
-6.56977e-09
0.00265732
-1.74468e-09
0.00265732
-4.47943e-09
0.00265732
-3.62706e-10
0.00265732
2.62434e-09
0.00265732
-4.10331e-09
0.00265732
2.02593e-09
0.00265732
-1.04739e-09
0.00265732
1.95941e-09
0.00265732
-2.04894e-09
0.00265732
-3.96658e-10
0.00265732
4.71245e-09
0.00265732
-5.57993e-09
0.00265732
2.3317e-09
0.00265732
3.42026e-09
0.00265732
-6.71398e-09
0.00265732
8.50097e-09
0.00265732
-9.09758e-09
0.00265732
5.77947e-09
0.00265731
5.40989e-09
0.00265732
-1.61899e-08
0.00265732
1.6728e-08
0.00265731
-9.26945e-09
0.00265732
1.2883e-09
0.00265732
3.92908e-09
0.00265732
-7.64878e-09
0.00265732
7.9924e-09
0.00265732
-8.01388e-09
0.00265732
2.66507e-09
0.00265732
5.75923e-09
0.00265732
-1.1494e-08
0.00265732
4.91133e-09
0.00265731
2.25687e-09
0.00265732
-3.50009e-09
0.00265732
-4.26433e-09
0.00265732
1.53995e-08
0.00265732
-2.32958e-08
0.00265732
1.41076e-08
0.00265732
2.38099e-09
0.00265732
-6.52806e-09
0.00265732
3.51789e-09
0.00265732
-2.41617e-09
0.00265732
8.95475e-10
0.00265732
4.0339e-09
0.00265732
6.93287e-10
0.00265732
-6.87556e-10
0.00265732
-8.81219e-10
0.00265732
7.56443e-10
0.00265732
2.63013e-09
0.00265732
1.24578e-09
0.00265732
-1.17752e-09
0.00265732
-1.80721e-09
0.00265732
-1.13361e-09
0.00265732
-2.59021e-10
0.00265732
1.825e-11
0.00265732
-8.10703e-10
0.00265732
-1.96978e-09
0.00265732
-2.05839e-09
0.00265732
-6.94868e-10
0.00265732
1.12909e-09
0.00265732
1.99735e-09
0.00265732
1.43188e-09
0.00265732
3.05983e-10
0.00265732
-9.54229e-11
0.00265732
6.36816e-10
0.00265732
1.49148e-09
0.00265732
1.24415e-09
0.00265732
-2.38728e-10
0.00265732
-1.8978e-09
0.00265732
-2.48053e-09
0.00265732
-1.66563e-09
0.00265732
-1.88295e-10
0.00265732
9.65129e-10
0.00265732
1.40719e-09
0.00265732
1.51042e-09
0.00265732
1.62746e-09
0.00265732
2.5836e-09
0.00265732
2.61637e-09
0.00265732
4.3675e-09
0.00265732
2.60771e-09
2.69711e-09
0.00255831
-0.000349027
0.00260416
-0.000349075
0.00263074
-0.000239659
0.00264436
-0.000144233
0.00265095
-8.0829e-05
0.00265414
-4.4214e-05
0.0026557
-2.39072e-05
0.00265648
-1.28458e-05
0.00265688
-6.8747e-06
0.00265709
-3.67371e-06
0.0026572
-1.95439e-06
0.00265725
-1.04729e-06
0.00265728
-5.54099e-07
0.0026573
-2.95438e-07
0.00265731
-1.58247e-07
0.00265731
-8.51078e-08
0.00265731
-4.19626e-08
0.00265731
-2.58259e-08
0.00265732
-1.18097e-08
0.00265732
-7.26907e-09
0.00265732
-2.00799e-09
0.00265732
-3.72817e-09
0.00265732
-1.09252e-09
0.00265732
2.4146e-09
0.00265732
-3.80852e-09
0.00265732
2.73196e-09
0.00265732
-2.73487e-09
0.00265732
3.04867e-09
0.00265731
-1.11127e-09
0.00265732
-2.37667e-09
0.00265732
5.1319e-09
0.00265731
-3.94606e-09
0.00265732
8.66507e-10
0.00265732
3.48389e-09
0.00265732
-6.3091e-09
0.00265732
8.34763e-09
0.00265732
-8.47054e-09
0.00265732
3.95616e-09
0.00265731
8.05047e-09
0.00265732
-1.78669e-08
0.00265732
1.54745e-08
0.00265731
-5.81584e-09
0.00265732
-9.92867e-10
0.00265732
3.92881e-09
0.00265732
-7.45482e-09
0.00265732
8.31778e-09
0.00265732
-7.58916e-09
0.00265732
1.08423e-09
0.00265732
7.61386e-09
0.00265732
-1.25281e-08
0.00265732
3.85578e-09
0.00265731
4.56576e-09
0.00265732
-3.87737e-09
0.00265732
-6.30189e-09
0.00265732
1.66874e-08
0.00265732
-2.25326e-08
0.00265732
1.24571e-08
0.00265732
4.02903e-09
0.00265732
-7.14559e-09
0.00265732
2.56023e-09
0.00265732
-1.51532e-09
0.00265732
1.13853e-09
0.00265732
3.87736e-09
0.00265732
5.17886e-10
0.00265732
-8.91453e-10
0.00265732
-6.89144e-10
0.00265732
1.03023e-09
0.00265732
2.63225e-09
0.00265732
1.11663e-09
0.00265732
-1.29917e-09
0.00265732
-1.82446e-09
0.00265732
-1.02137e-09
0.00265732
-1.83246e-10
0.00265732
-7.02637e-11
0.00265732
-9.76181e-10
0.00265732
-2.05838e-09
0.00265732
-2.02017e-09
0.00265732
-6.01725e-10
0.00265732
1.17268e-09
0.00265732
1.96383e-09
0.00265732
1.393e-09
0.00265732
3.53417e-10
0.00265732
2.35847e-11
0.00265732
7.29386e-10
0.00265732
1.49272e-09
0.00265732
1.17302e-09
0.00265732
-3.0791e-10
0.00265732
-1.92768e-09
0.00265732
-2.511e-09
0.00265732
-1.74361e-09
0.00265732
-3.08161e-10
0.00265732
8.58737e-10
0.00265732
1.35934e-09
0.00265732
1.53443e-09
0.00265732
1.61459e-09
0.00265732
2.57952e-09
0.00265732
2.25797e-09
0.00265732
4.09108e-09
0.00265732
1.86483e-09
1.205e-09
0.00256653
-0.000415562
0.00261293
-0.000395472
0.00263724
-0.000263964
0.00264846
-0.000155462
0.00265337
-8.57384e-05
0.0026555
-4.63403e-05
0.00265645
-2.48537e-05
0.00265689
-1.32864e-05
0.0026571
-7.08661e-06
0.00265721
-3.77949e-06
0.00265726
-2.00708e-06
0.00265729
-1.07513e-06
0.0026573
-5.67816e-07
0.00265731
-3.03899e-07
0.00265731
-1.61218e-07
0.00265731
-8.75283e-08
0.00265732
-4.34634e-08
0.00265732
-2.59168e-08
0.00265732
-1.2088e-08
0.00265732
-7.68274e-09
0.00265732
-2.54249e-09
0.00265732
-2.72556e-09
0.00265732
-1.45614e-09
0.00265732
1.65926e-09
0.00265732
-3.52169e-09
0.00265731
4.04593e-09
0.00265732
-4.53034e-09
0.00265732
3.34607e-09
0.00265731
4.97946e-10
0.00265732
-4.02768e-09
0.00265732
4.67072e-09
0.00265731
-1.88926e-09
0.00265732
-2.08958e-10
0.00265732
2.94311e-09
0.00265732
-5.84703e-09
0.00265732
8.54714e-09
0.00265732
-7.71293e-09
0.00265732
1.46029e-09
0.00265731
1.07474e-08
0.00265732
-1.85739e-08
0.00265732
1.33494e-08
0.00265731
-2.43683e-09
0.00265732
-2.64855e-09
0.00265732
3.43635e-09
0.00265732
-7.19072e-09
0.00265732
8.83134e-09
0.00265732
-7.15142e-09
0.00265732
-7.50056e-10
0.00265732
9.40489e-09
0.00265732
-1.30797e-08
0.00265732
2.51357e-09
0.00265732
6.70247e-09
0.00265732
-3.96441e-09
0.00265732
-8.45781e-09
0.00265732
1.77685e-08
0.00265732
-2.13526e-08
0.00265732
1.06803e-08
0.00265732
5.34858e-09
0.00265732
-7.49672e-09
0.00265732
1.64939e-09
0.00265732
-6.91687e-10
0.00265732
1.40636e-09
0.00265732
3.66994e-09
0.00265732
3.39818e-10
0.00265732
-1.02917e-09
0.00265732
-4.86722e-10
0.00265732
1.2767e-09
0.00265732
2.61364e-09
0.00265732
9.9181e-10
0.00265732
-1.39324e-09
0.00265732
-1.82923e-09
0.00265732
-9.30619e-10
0.00265732
-1.31937e-10
0.00265732
-1.61377e-10
0.00265732
-1.12924e-09
0.00265732
-2.14136e-09
0.00265732
-1.99524e-09
0.00265732
-5.32102e-10
0.00265732
1.20476e-09
0.00265732
1.94593e-09
0.00265732
1.38532e-09
0.00265732
4.21355e-10
0.00265732
1.40753e-10
0.00265732
8.06424e-10
0.00265732
1.48731e-09
0.00265732
1.11433e-09
0.00265732
-3.5915e-10
0.00265732
-1.95489e-09
0.00265732
-2.56306e-09
0.00265732
-1.85748e-09
0.00265732
-4.55529e-10
0.00265732
7.4794e-10
0.00265732
1.32592e-09
0.00265732
1.58171e-09
0.00265732
1.60922e-09
0.00265732
2.60832e-09
0.00265732
1.85668e-09
0.00265732
3.88876e-09
0.00265732
1.08154e-09
-5.45008e-10
0.00257686
-0.000492422
0.0026235
-0.000442115
0.00264472
-0.000285183
0.00265303
-0.000163768
0.002656
-8.87068e-05
0.00265695
-4.72934e-05
0.00265723
-2.51358e-05
0.00265731
-1.33636e-05
0.00265733
-7.10236e-06
0.00265733
-3.77973e-06
0.00265732
-2.0039e-06
0.00265732
-1.07275e-06
0.00265732
-5.65385e-07
0.00265732
-3.04098e-07
0.00265732
-1.59628e-07
0.00265732
-8.72003e-08
0.00265732
-4.39532e-08
0.00265732
-2.53828e-08
0.00265732
-1.1927e-08
0.00265732
-7.66667e-09
0.00265732
-3.23771e-09
0.00265732
-1.77063e-09
0.00265732
-1.37313e-09
0.00265732
6.4787e-10
0.00265732
-3.49807e-09
0.00265731
5.80397e-09
0.00265732
-6.04707e-09
0.00265732
2.75293e-09
0.00265731
2.44437e-09
0.00265732
-5.00099e-09
0.00265732
3.40536e-09
0.00265731
2.17544e-10
0.00265732
-7.23715e-10
0.00265732
1.98818e-09
0.00265732
-5.51727e-09
0.00265732
9.01786e-09
0.00265731
-6.69909e-09
0.00265732
-1.59228e-09
0.00265732
1.32467e-08
0.00265731
-1.82144e-08
0.00265732
1.05391e-08
0.00265731
5.72311e-10
0.00265732
-3.59054e-09
0.00265732
2.6108e-09
0.00265732
-6.97077e-09
0.00265732
9.46986e-09
0.00265731
-6.64633e-09
0.00265732
-2.76615e-09
0.00265732
1.10397e-08
0.00265732
-1.31391e-08
0.00265732
9.72603e-10
0.00265732
8.54959e-09
0.00265731
-3.77111e-09
0.00265732
-1.05744e-08
0.00265732
1.85497e-08
0.00265731
-1.98256e-08
0.00265732
8.86274e-09
0.00265732
6.32901e-09
0.00265732
-7.59932e-09
0.00265732
8.17355e-10
0.00265732
2.41643e-11
0.00265732
1.68013e-09
0.00265732
3.43957e-09
0.00265732
1.75968e-10
0.00265732
-1.1122e-09
0.00265732
-2.89447e-10
0.00265732
1.49137e-09
0.00265732
2.58644e-09
0.00265732
8.83116e-10
0.00265732
-1.46173e-09
0.00265732
-1.83252e-09
0.00265732
-8.67597e-10
0.00265732
-1.00903e-10
0.00265732
-2.46592e-10
0.00265732
-1.26739e-09
0.00265732
-2.22455e-09
0.00265732
-1.99099e-09
0.00265732
-4.8801e-10
0.00265732
1.22921e-09
0.00265732
1.94907e-09
0.00265732
1.41182e-09
0.00265732
5.08425e-10
0.00265732
2.52609e-10
0.00265732
8.66252e-10
0.00265732
1.47681e-09
0.00265732
1.07252e-09
0.00265732
-3.89844e-10
0.00265732
-1.98059e-09
0.00265732
-2.64052e-09
0.00265732
-2.01146e-09
0.00265732
-6.33233e-10
0.00265732
6.33297e-10
0.00265732
1.31046e-09
0.00265732
1.65734e-09
0.00265732
1.61167e-09
0.00265732
2.67932e-09
0.00265732
1.40028e-09
0.00265732
3.79576e-09
0.00265732
2.56488e-10
-2.61141e-09
0.00258979
-0.00058221
0.00263618
-0.000488508
0.00265325
-0.000302251
0.002658
-0.000168524
0.00265878
-8.94789e-05
0.00265845
-4.69704e-05
0.00265803
-2.47162e-05
0.00265774
-1.30653e-05
0.00265755
-6.91804e-06
0.00265744
-3.67319e-06
0.00265738
-1.94444e-06
0.00265735
-1.04016e-06
0.00265733
-5.46859e-07
0.00265733
-2.95809e-07
0.00265732
-1.53678e-07
0.00265732
-8.41876e-08
0.00265732
-4.32382e-08
0.00265731
-2.42868e-08
0.00265731
-1.14589e-08
0.00265731
-7.15139e-09
0.00265731
-3.91099e-09
0.00265731
-1.11829e-09
0.00265731
-8.84497e-10
0.00265731
-2.89067e-10
0.00265731
-3.87442e-09
0.00265731
7.7028e-09
0.00265731
-6.95765e-09
0.00265731
1.37839e-09
0.00265731
4.32086e-09
0.00265731
-5.10246e-09
0.00265732
1.58658e-09
0.00265731
1.99979e-09
0.00265731
-6.25424e-10
0.00265731
8.63175e-10
0.00265731
-5.44528e-09
0.00265731
9.61393e-09
0.00265731
-5.34783e-09
0.00265732
-4.98292e-09
0.00265731
1.52958e-08
0.00265731
-1.68196e-08
0.00265732
7.29848e-09
0.00265731
3.00136e-09
0.00265731
-3.83286e-09
0.00265731
1.61723e-09
0.00265731
-6.86295e-09
0.00265731
1.01488e-08
0.00265731
-6.05125e-09
0.00265731
-4.83694e-09
0.00265731
1.24174e-08
0.00265731
-1.2748e-08
0.00265731
-6.4942e-10
0.00265731
1.00226e-08
0.00265731
-3.34748e-09
0.00265731
-1.24891e-08
0.00265731
1.8953e-08
0.00265731
-1.80401e-08
0.00265731
7.09471e-09
0.00265731
6.97806e-09
0.00265731
-7.4835e-09
0.00265731
8.38426e-11
0.00265731
6.11736e-10
0.00265731
1.9436e-09
0.00265731
3.21546e-09
0.00265731
4.13256e-11
0.00265731
-1.15514e-09
0.00265731
-1.14666e-10
0.00265731
1.67286e-09
0.00265731
2.56579e-09
0.00265731
8.02043e-10
0.00265731
-1.5095e-09
0.00265731
-1.84655e-09
0.00265731
-8.37189e-10
0.00265731
-8.48096e-11
0.00265731
-3.17084e-10
0.00265731
-1.38878e-09
0.00265731
-2.31438e-09
0.00265731
-2.01538e-09
0.00265731
-4.71628e-10
0.00265731
1.25059e-09
0.00265731
1.97941e-09
0.00265731
1.47548e-09
0.00265731
6.12945e-10
0.00265731
3.55285e-10
0.00265731
9.07021e-10
0.00265731
1.46341e-09
0.00265731
1.05203e-09
0.00265731
-3.96684e-10
0.00265731
-2.006e-09
0.00265731
-2.74796e-09
0.00265731
-2.21066e-09
0.00265731
-8.4441e-10
0.00265731
5.15478e-10
0.00265731
1.31714e-09
0.00265731
1.7673e-09
0.00265731
1.62151e-09
0.00265731
2.80316e-09
0.00265731
8.72064e-10
0.00265731
3.85916e-09
0.00265732
-6.1089e-10
-5.06507e-09
0.00260594
-0.000688147
0.00265132
-0.000533888
0.00266284
-0.000313773
0.00266332
-0.000169002
0.00266164
-8.78064e-05
0.00265996
-4.52878e-05
0.00265882
-2.35729e-05
0.00265814
-1.23889e-05
0.00265776
-6.5352e-06
0.00265755
-3.46171e-06
0.00265743
-1.8298e-06
0.00265737
-9.78231e-07
0.00265734
-5.12812e-07
0.00265732
-2.79002e-07
0.00265731
-1.43666e-07
0.0026573
-7.86787e-08
0.0026573
-4.11596e-08
0.0026573
-2.26644e-08
0.0026573
-1.08027e-08
0.0026573
-6.16934e-09
0.0026573
-4.37658e-09
0.0026573
-8.93003e-10
0.0026573
-1.39157e-10
0.0026573
-8.78087e-10
0.0026573
-4.63452e-09
0.0026573
9.38364e-09
0.0026573
-7.06598e-09
0.0026573
-5.09635e-10
0.0026573
5.75704e-09
0.0026573
-4.327e-09
0.0026573
-4.61283e-10
0.0026573
3.21432e-09
0.0026573
-7.59118e-12
0.0026573
-1.89416e-10
0.0026573
-5.66734e-09
0.0026573
1.01686e-08
0.0026573
-3.66874e-09
0.0026573
-8.40584e-09
0.0026573
1.66886e-08
0.0026573
-1.45557e-08
0.0026573
3.92836e-09
0.0026573
4.72649e-09
0.0026573
-3.45838e-09
0.0026573
5.82382e-10
0.0026573
-6.86969e-09
0.0026573
1.0772e-08
0.0026573
-5.37842e-09
0.0026573
-6.80082e-09
0.0026573
1.34471e-08
0.0026573
-1.19986e-08
0.0026573
-2.21351e-09
0.0026573
1.10783e-08
0.0026573
-2.7859e-09
0.0026573
-1.40388e-08
0.0026573
1.89177e-08
0.0026573
-1.60988e-08
0.0026573
5.46832e-09
0.0026573
7.31919e-09
0.0026573
-7.18886e-09
0.0026573
-5.42426e-10
0.0026573
1.05637e-09
0.0026573
2.18796e-09
0.0026573
3.02548e-09
0.0026573
-5.09809e-11
0.0026573
-1.17586e-09
0.0026573
1.88032e-11
0.0026573
1.8235e-09
0.0026573
2.56876e-09
0.0026573
7.59882e-10
0.0026573
-1.54379e-09
0.0026573
-1.88499e-09
0.0026573
-8.42944e-10
0.0026573
-7.65932e-11
0.0026573
-3.64318e-10
0.0026573
-1.49178e-09
0.0026573
-2.4179e-09
0.0026573
-2.07688e-09
0.0026573
-4.85342e-10
0.0026573
1.27412e-09
0.0026573
2.04401e-09
0.0026573
1.57913e-09
0.0026573
7.32859e-10
0.0026573
4.4409e-10
0.0026573
9.27395e-10
0.0026573
1.4492e-09
0.0026573
1.05749e-09
0.0026573
-3.75758e-10
0.0026573
-2.03185e-09
0.0026573
-2.89072e-09
0.0026573
-2.46133e-09
0.0026573
-1.09253e-09
0.0026573
3.95927e-10
0.0026573
1.35068e-09
0.0026573
1.918e-09
0.0026573
1.63733e-09
0.0026573
2.99198e-09
0.0026573
2.49558e-10
0.0026573
4.1401e-09
0.0026573
-1.51791e-09
-7.99233e-09
0.00262605
-0.000814195
0.00266927
-0.00057711
0.00267344
-0.000317943
0.0026688
-0.000164365
0.00266446
-8.34624e-05
0.00266136
-4.21888e-05
0.00265949
-2.17037e-05
0.00265845
-1.1343e-05
0.00265787
-5.96139e-06
0.00265756
-3.15028e-06
0.00265739
-1.66269e-06
0.0026573
-8.8867e-07
0.00265726
-4.64296e-07
0.00265723
-2.53942e-07
0.00265722
-1.29951e-07
0.00265721
-7.09363e-08
0.00265721
-3.76516e-08
0.0026572
-2.05364e-08
0.0026572
-1.00222e-08
0.0026572
-4.83761e-09
0.0026572
-4.50046e-09
0.0026572
-1.0812e-09
0.0026572
6.77424e-10
0.0026572
-9.86444e-10
0.0026572
-5.61782e-09
0.0026572
1.05285e-08
0.0026572
-6.35494e-09
0.0026572
-2.55865e-09
0.0026572
6.51009e-09
0.0026572
-2.85858e-09
0.0026572
-2.37869e-09
0.0026572
3.73477e-09
0.0026572
9.6296e-10
0.0026572
-9.97633e-10
0.0026572
-6.12788e-09
0.0026572
1.05413e-08
0.0026572
-1.77401e-09
0.0026572
-1.15195e-08
0.0026572
1.73004e-08
0.0026572
-1.1692e-08
0.0026572
7.25299e-10
0.0026572
5.72857e-09
0.0026572
-2.61101e-09
0.0026572
-4.11872e-10
0.0026572
-6.93905e-09
0.0026572
1.12581e-08
0.0026572
-4.68675e-09
0.0026572
-8.47574e-09
0.0026572
1.4063e-08
0.0026572
-1.10324e-08
0.0026572
-3.56621e-09
0.0026572
1.1716e-08
0.0026572
-2.21778e-09
0.0026572
-1.50633e-08
0.0026572
1.83997e-08
0.0026572
-1.41113e-08
0.0026572
4.07376e-09
0.0026572
7.38752e-09
0.0026572
-6.7589e-09
0.0026572
-1.06834e-09
0.0026572
1.3517e-09
0.0026572
2.41118e-09
0.0026572
2.89653e-09
0.0026572
-9.24486e-11
0.0026572
-1.19488e-09
0.0026572
9.37536e-11
0.0026572
1.94691e-09
0.0026572
2.61453e-09
0.0026572
7.66121e-10
0.0026572
-1.57324e-09
0.0026572
-1.96133e-09
0.0026572
-8.88688e-10
0.0026572
-6.73584e-11
0.0026572
-3.7853e-10
0.0026572
-1.57522e-09
0.0026572
-2.5425e-09
0.0026572
-2.18419e-09
0.0026572
-5.31202e-10
0.0026572
1.3054e-09
0.0026572
2.15007e-09
0.0026572
1.72562e-09
0.0026572
8.64749e-10
0.0026572
5.14044e-10
0.0026572
9.25659e-10
0.0026572
1.43632e-09
0.0026572
1.09342e-09
0.0026572
-3.2256e-10
0.0026572
-2.05787e-09
0.0026572
-3.07413e-09
0.0026572
-2.77053e-09
0.0026572
-1.38086e-09
0.0026572
2.77344e-10
0.0026572
1.41649e-09
0.0026572
2.11469e-09
0.0026572
1.657e-09
0.0026572
3.25808e-09
0.0026572
-4.95578e-10
0.0026572
4.71682e-09
0.0026572
-2.45942e-09
-1.14898e-08
0.00265079
-0.00096499
0.00269009
-0.000616407
0.00268458
-0.000312437
0.00267391
-0.000153692
0.00266672
-7.62697e-05
0.00266219
-3.76572e-05
0.00265961
-1.9131e-05
0.00265822
-9.94943e-06
0.00265747
-5.21083e-06
0.00265707
-2.74727e-06
0.00265685
-1.44767e-06
0.00265674
-7.73991e-07
0.00265668
-4.02804e-07
0.00265664
-2.21271e-07
0.00265663
-1.12921e-07
0.00265662
-6.12703e-08
0.00265661
-3.27786e-08
0.00265661
-1.79291e-08
0.00265661
-9.10687e-09
0.00265661
-3.32009e-09
0.00265661
-4.24209e-09
0.00265661
-1.5466e-09
0.00265661
1.39306e-09
0.00265661
-6.33868e-10
0.00265661
-6.58674e-09
0.00265661
1.09458e-08
0.00265661
-4.9899e-09
0.00265661
-4.40917e-09
0.00265661
6.50514e-09
0.00265661
-9.97811e-10
0.00265661
-3.88511e-09
0.00265661
3.59032e-09
0.00265661
2.08344e-09
0.00265661
-1.48637e-09
0.00265661
-6.71091e-09
0.00265661
1.06669e-08
0.0026566
1.19046e-10
0.00265661
-1.39925e-08
0.00265661
1.71112e-08
0.0026566
-8.57149e-09
0.00265661
-2.04749e-09
0.00265661
6.08073e-09
0.00265661
-1.45503e-09
0.00265661
-1.35947e-09
0.00265661
-6.96445e-09
0.00265661
1.15543e-08
0.00265661
-4.08499e-09
0.00265661
-9.66864e-09
0.00265661
1.42273e-08
0.00265661
-1.0022e-08
0.00265661
-4.55705e-09
0.00265661
1.19754e-08
0.00265661
-1.79832e-09
0.00265661
-1.54172e-08
0.00265661
1.73735e-08
0.00265661
-1.21858e-08
0.00265661
2.99351e-09
0.00265661
7.22447e-09
0.00265661
-6.23948e-09
0.00265661
-1.50716e-09
0.00265661
1.49544e-09
0.00265661
2.6154e-09
0.00265661
2.8505e-09
0.00265661
-7.80001e-11
0.00265661
-1.23372e-09
0.00265661
9.24132e-11
0.00265661
2.04809e-09
0.00265661
2.72019e-09
0.00265661
8.28736e-10
0.00265661
-1.60664e-09
0.00265661
-2.0886e-09
0.00265661
-9.75181e-10
0.00265661
-4.71217e-11
0.00265661
-3.48348e-10
0.00265661
-1.63655e-09
0.00265661
-2.69379e-09
0.00265661
-2.34376e-09
0.00265661
-6.09596e-10
0.00265661
1.34953e-09
0.00265661
2.30212e-09
0.00265661
1.9147e-09
0.00265661
1.00401e-09
0.00265661
5.58498e-10
0.00265661
8.98709e-10
0.00265661
1.42574e-09
0.00265661
1.16375e-09
0.00265661
-2.32088e-10
0.00265661
-2.08166e-09
0.00265661
-3.30032e-09
0.00265661
-3.14116e-09
0.00265661
-1.71035e-09
0.00265661
1.63916e-10
0.00265661
1.5194e-09
0.00265661
2.36022e-09
0.00265661
1.67225e-09
0.00265661
3.61363e-09
0.00265661
-1.3974e-09
0.00265661
5.67532e-09
0.00265661
-3.41442e-09
-1.56394e-08
0.00267977
-0.00114476
0.00271199
-0.000648623
0.00269389
-0.000294332
0.00267627
-0.000136076
0.00266616
-6.61615e-05
0.00266025
-3.17436e-05
0.00265703
-1.59137e-05
0.00265533
-8.24752e-06
0.00265442
-4.30624e-06
0.00265394
-2.26523e-06
0.00265369
-1.19158e-06
0.00265355
-6.37741e-07
0.00265348
-3.30361e-07
0.00265344
-1.82088e-07
0.00265342
-9.30203e-08
0.00265341
-5.00392e-08
0.0026534
-2.67509e-08
0.0026534
-1.48881e-08
0.0026534
-7.98534e-09
0.0026534
-1.79924e-09
0.00265339
-3.64901e-09
0.00265339
-2.08867e-09
0.00265339
1.90438e-09
0.00265339
1.32932e-12
0.00265339
-7.26672e-09
0.00265339
1.05937e-08
0.00265339
-3.26067e-09
0.00265339
-5.7861e-09
0.0026534
5.84638e-09
0.00265339
8.97251e-10
0.00265339
-4.80964e-09
0.00265339
2.92821e-09
0.00265339
3.16368e-09
0.00265339
-1.68656e-09
0.00265339
-7.26162e-09
0.00265339
1.056e-08
0.00265339
1.71549e-09
0.00265339
-1.55316e-08
0.0026534
1.61958e-08
0.00265339
-5.55974e-09
0.00265339
-4.20074e-09
0.00265339
5.9338e-09
0.00265339
-1.61988e-10
0.00265339
-2.30066e-09
0.00265339
-6.8064e-09
0.00265339
1.16294e-08
0.00265339
-3.7092e-09
0.00265339
-1.01862e-08
0.00265339
1.39215e-08
0.00265339
-9.14218e-09
0.00265339
-5.04181e-09
0.00265339
1.19085e-08
0.00265339
-1.68227e-09
0.00265339
-1.49663e-08
0.0026534
1.58247e-08
0.00265339
-1.04115e-08
0.00265339
2.28888e-09
0.00265339
6.86806e-09
0.00265339
-5.66831e-09
0.00265339
-1.87251e-09
0.00265339
1.48837e-09
0.00265339
2.79605e-09
0.00265339
2.895e-09
0.00265339
-8.73829e-12
0.00265339
-1.31114e-09
0.00265339
-5.08546e-13
0.00265339
2.12559e-09
0.00265339
2.89008e-09
0.00265339
9.49148e-10
0.00265339
-1.64868e-09
0.00265339
-2.26906e-09
0.00265339
-1.09629e-09
0.00265339
-3.34254e-12
0.00265339
-2.61163e-10
0.00265339
-1.66655e-09
0.00265339
-2.86495e-09
0.00265339
-2.54895e-09
0.00265339
-7.15314e-10
0.00265339
1.40652e-09
0.00265339
2.49199e-09
0.00265339
2.1337e-09
0.00265339
1.13894e-09
0.00265339
5.6714e-10
0.00265339
8.39322e-10
0.00265339
1.4132e-09
0.00265339
1.26742e-09
0.00265339
-1.00085e-10
0.00265339
-2.09268e-09
0.00265339
-3.55446e-09
0.00265339
-3.55637e-09
0.00265339
-2.0662e-09
0.00265339
6.10591e-11
0.00265339
1.65665e-09
0.00265339
2.64448e-09
0.00265339
1.66553e-09
0.00265339
4.05223e-09
0.0026534
-2.4874e-09
0.00265339
7.06739e-09
0.00265339
-4.30328e-09
-2.03942e-08
0.00270717
-0.00135194
0.00272525
-0.000666706
0.00269112
-0.000260192
0.00266605
-0.000111008
0.00265319
-5.33084e-05
0.00264607
-2.4623e-05
0.00264233
-1.21724e-05
0.00264039
-6.30504e-06
0.00263937
-3.28374e-06
0.00263883
-1.72345e-06
0.00263854
-9.04823e-07
0.00263839
-4.85203e-07
0.00263831
-2.49883e-07
0.00263826
-1.38097e-07
0.00263824
-7.08915e-08
0.00263823
-3.7691e-08
0.00263822
-1.99289e-08
0.00263822
-1.15029e-08
0.00263822
-6.5759e-09
0.00263821
-4.41713e-10
0.00263821
-2.84154e-09
0.00263821
-2.48599e-09
0.00263821
2.16744e-09
0.00263821
6.65132e-10
0.00263821
-7.42493e-09
0.00263821
9.55469e-09
0.00263821
-1.51276e-09
0.00263821
-6.50933e-09
0.00263821
4.77341e-09
0.00263821
2.44262e-09
0.00263821
-5.07733e-09
0.00263821
1.95872e-09
0.00263821
4.03511e-09
0.00263821
-1.69085e-09
0.00263821
-7.5964e-09
0.00263821
1.02406e-08
0.00263821
2.71128e-09
0.00263821
-1.58695e-08
0.00263821
1.46583e-08
0.00263821
-3.01027e-09
0.00263821
-5.57972e-09
0.00263821
5.4483e-09
0.00263821
1.08601e-09
0.00263821
-3.2491e-09
0.00263821
-6.30721e-09
0.00263821
1.14056e-08
0.00263821
-3.644e-09
0.00263821
-9.84533e-09
0.00263821
1.31023e-08
0.00263821
-8.4794e-09
0.00263821
-4.90938e-09
0.00263821
1.15076e-08
0.00263821
-1.94893e-09
0.00263821
-1.35786e-08
0.00263821
1.37301e-08
0.00263821
-8.81616e-09
0.00263821
1.96518e-09
0.00263821
6.32382e-09
0.00263821
-5.04844e-09
0.00263821
-2.15205e-09
0.00263821
1.32782e-09
0.00263821
2.91322e-09
0.00263821
2.98886e-09
0.00263821
1.00912e-10
0.00263821
-1.42658e-09
0.00263821
-1.89938e-10
0.00263821
2.15042e-09
0.00263821
3.0801e-09
0.00263821
1.10583e-09
0.00263821
-1.6852e-09
0.00263821
-2.46308e-09
0.00263821
-1.22199e-09
0.00263821
7.76927e-11
0.00263821
-1.06573e-10
0.00263821
-1.63409e-09
0.00263821
-3.00275e-09
0.00263821
-2.74583e-09
0.00263821
-8.25629e-10
0.00263821
1.45568e-09
0.00263821
2.66793e-09
0.00263821
2.32844e-09
0.00263821
1.23351e-09
0.00263821
5.2109e-10
0.00263821
7.31103e-10
0.00263821
1.37702e-09
0.00263821
1.38109e-09
0.00263821
7.13984e-11
0.00263821
-2.05252e-09
0.00263821
-3.7608e-09
0.00263821
-3.92872e-09
0.00263821
-2.38637e-09
0.00263821
-1.72191e-11
0.00263821
1.79675e-09
0.00263821
2.91078e-09
0.00263821
1.58359e-09
0.00263821
4.51052e-09
0.00263821
-3.75455e-09
0.00263821
8.75137e-09
0.00263821
-4.86212e-09
-2.521e-08
0.00270745
-0.00155939
0.0026933
-0.000652552
0.0026398
-0.000206695
0.00260813
-7.93336e-05
0.00259315
-3.83319e-05
0.00258523
-1.67058e-05
0.0025812
-8.14098e-06
0.00257914
-4.23967e-06
0.00257806
-2.20371e-06
0.00257749
-1.15362e-06
0.00257719
-6.04222e-07
0.00257703
-3.25034e-07
0.00257694
-1.66038e-07
0.0025769
-9.20018e-08
0.00257687
-4.76438e-08
0.00257686
-2.49217e-08
0.00257685
-1.2854e-08
0.00257685
-7.92457e-09
0.00257685
-4.84669e-09
0.00257685
5.70033e-10
0.00257685
-1.9441e-09
0.00257685
-2.54266e-09
0.00257685
2.14808e-09
0.00257685
1.10989e-09
0.00257685
-6.85722e-09
0.00257685
7.90982e-09
0.00257685
-9.14923e-11
0.00257685
-6.41258e-09
0.00257685
3.52475e-09
0.00257685
3.29779e-09
0.00257685
-4.68443e-09
0.00257685
9.23893e-10
0.00257685
4.46442e-09
0.00257685
-1.56253e-09
0.00257685
-7.42383e-09
0.00257685
9.52794e-09
0.00257685
2.87216e-09
0.00257684
-1.46451e-08
0.00257685
1.24556e-08
0.00257685
-1.19437e-09
0.00257685
-5.99919e-09
0.00257685
4.69816e-09
0.00257685
2.0502e-09
0.00257685
-4.02473e-09
0.00257685
-5.30829e-09
0.00257685
1.0599e-08
0.00257685
-3.77319e-09
0.00257684
-8.46719e-09
0.00257685
1.15862e-08
0.00257685
-7.84948e-09
0.00257684
-4.10404e-09
0.00257685
1.05319e-08
0.00257685
-2.45617e-09
0.00257684
-1.11036e-08
0.00257685
1.10246e-08
0.00257685
-7.27883e-09
0.00257685
1.89456e-09
0.00257685
5.50094e-09
0.00257685
-4.29253e-09
0.00257685
-2.25068e-09
0.00257685
1.01018e-09
0.00257685
2.82525e-09
0.00257685
2.96715e-09
0.00257685
2.0782e-10
0.00257685
-1.51573e-09
0.00257685
-4.3977e-10
0.00257685
2.02173e-09
0.00257685
3.11858e-09
0.00257685
1.20914e-09
0.00257685
-1.63755e-09
0.00257685
-2.52831e-09
0.00257685
-1.25667e-09
0.00257685
1.94455e-10
0.00257685
1.07587e-10
0.00257685
-1.46075e-09
0.00257685
-2.93556e-09
0.00257685
-2.76439e-09
0.00257685
-8.714e-10
0.00257685
1.41969e-09
0.00257685
2.66798e-09
0.00257685
2.34469e-09
0.00257685
1.19783e-09
0.00257685
3.91679e-10
0.00257685
5.46131e-10
0.00257685
1.2513e-09
0.00257685
1.41972e-09
0.00257685
2.56642e-10
0.00257685
-1.85908e-09
0.00257685
-3.69185e-09
0.00257685
-3.99595e-09
0.00257685
-2.4917e-09
0.00257685
-4.6759e-11
0.00257685
1.8313e-09
0.00257685
2.98201e-09
0.00257685
1.3073e-09
0.00257685
4.76944e-09
0.00257685
-5.00594e-09
0.00257685
1.003e-08
0.00257685
-4.46181e-09
-2.8242e-08
0.00260037
-0.00165976
0.00251116
-0.000563334
0.00243744
-0.00013298
0.00240288
-4.47762e-05
0.00238706
-2.25117e-05
0.00237918
-8.81782e-06
0.00237528
-4.2488e-06
0.0023733
-2.25443e-06
0.00237226
-1.16924e-06
0.00237172
-6.09776e-07
0.00237143
-3.18225e-07
0.00237128
-1.72098e-07
0.0023712
-8.67483e-08
0.00237116
-4.82516e-08
0.00237114
-2.53194e-08
0.00237112
-1.29134e-08
0.00237112
-6.36673e-09
0.00237111
-4.39095e-09
0.00237111
-2.89207e-09
0.00237111
1.01277e-09
0.00237111
-1.07534e-09
0.00237111
-2.0749e-09
0.00237111
1.766e-09
0.00237111
1.10886e-09
0.00237111
-5.28542e-09
0.00237111
5.59682e-09
0.00237111
6.45646e-10
0.00237111
-5.19226e-09
0.00237111
2.26979e-09
0.00237111
3.06909e-09
0.00237111
-3.56633e-09
0.00237111
9.75511e-11
0.00237111
4.00953e-09
0.00237111
-1.23824e-09
0.00237111
-6.19238e-09
0.00237111
7.75658e-09
0.00237111
2.14067e-09
0.00237111
-1.12634e-08
0.00237111
9.23238e-09
0.00237111
-2.98306e-10
0.00237111
-5.1015e-09
0.00237111
3.56515e-09
0.00237111
2.30782e-09
0.00237111
-4.00605e-09
0.00237111
-3.69259e-09
0.00237111
8.50745e-09
0.00237111
-3.56401e-09
0.00237111
-5.92993e-09
0.00237111
8.89803e-09
0.00237111
-6.56068e-09
0.00237111
-2.68266e-09
0.00237111
8.30956e-09
0.00237111
-2.65422e-09
0.00237111
-7.43754e-09
0.00237111
7.59797e-09
0.00237111
-5.44508e-09
0.00237111
1.74973e-09
0.00237111
4.12235e-09
0.00237111
-3.16699e-09
0.00237111
-1.9241e-09
0.00237111
5.65161e-10
0.00237111
2.23729e-09
0.00237111
2.47519e-09
0.00237111
2.40803e-10
0.00237111
-1.37898e-09
0.00237111
-6.15086e-10
0.00237111
1.55375e-09
0.00237111
2.61824e-09
0.00237111
1.08718e-09
0.00237111
-1.34128e-09
0.00237111
-2.14374e-09
0.00237111
-1.04304e-09
0.00237111
2.97973e-10
0.00237111
3.02376e-10
0.00237111
-1.03345e-09
0.00237111
-2.33765e-09
0.00237111
-2.26603e-09
0.00237111
-7.3716e-10
0.00237111
1.14918e-09
0.00237111
2.17689e-09
0.00237111
1.89872e-09
0.00237111
9.04565e-10
0.00237111
1.7013e-10
0.00237111
2.73301e-10
0.00237111
9.17661e-10
0.00237111
1.20091e-09
0.00237111
3.69875e-10
0.00237111
-1.34969e-09
0.00237111
-2.92834e-09
0.00237111
-3.26493e-09
0.00237111
-2.05766e-09
0.00237111
-1.29106e-11
0.00237111
1.5333e-09
0.00237111
2.50905e-09
0.00237111
7.04211e-10
0.00237111
4.3282e-09
0.00237111
-5.53132e-09
0.00237111
9.3018e-09
0.00237111
-2.3839e-09
-2.56416e-08
0.00219547
-0.00135523
0.00196343
-0.000331302
0.00188062
-5.01647e-05
0.00185034
-1.4501e-05
0.00183596
-8.12949e-06
0.00182965
-2.50481e-06
0.00182662
-1.21627e-06
0.00182505
-6.83092e-07
0.00182423
-3.52014e-07
0.0018238
-1.82033e-07
0.00182358
-9.42959e-08
0.00182346
-5.14175e-08
0.00182339
-2.53018e-08
0.00182336
-1.41337e-08
0.00182334
-7.54367e-09
0.00182333
-3.71295e-09
0.00182333
-1.66169e-09
0.00182333
-1.38187e-09
0.00182332
-1.00633e-09
0.00182332
6.30623e-10
0.00182332
-3.26414e-10
0.00182332
-9.73593e-10
0.00182332
8.15738e-10
0.00182332
6.54856e-10
0.00182332
-2.46946e-09
0.00182332
2.3719e-09
0.00182332
5.52947e-10
0.00182332
-2.45742e-09
0.00182332
8.98845e-10
0.00182332
1.53622e-09
0.00182332
-1.57384e-09
0.00182332
-2.51706e-10
0.00182332
2.05457e-09
0.00182332
-4.72617e-10
0.00182332
-3.16916e-09
0.00182332
3.78461e-09
0.00182333
9.31275e-10
0.00182332
-5.18668e-09
0.00182332
4.23533e-09
0.00182332
-6.46995e-11
0.00182332
-2.49194e-09
0.00182332
1.63274e-09
0.00182332
1.38352e-09
0.00182332
-2.19581e-09
0.00182332
-1.60235e-09
0.00182333
4.16296e-09
0.00182332
-1.99537e-09
0.00182332
-2.47613e-09
0.00182332
4.27959e-09
0.00182332
-3.37751e-09
0.00182332
-1.05225e-09
0.00182332
3.97856e-09
0.00182332
-1.59333e-09
0.00182332
-2.91082e-09
0.00182332
3.31056e-09
0.00182332
-2.64781e-09
0.00182332
9.49647e-10
0.00182332
1.90828e-09
0.00182332
-1.40355e-09
0.00182332
-9.10922e-10
0.00182332
1.17351e-10
0.00182332
9.52196e-10
0.00182332
1.18463e-09
0.00182332
1.64639e-10
0.00182332
-7.03973e-10
0.00182332
-4.37456e-10
0.00182332
6.33357e-10
0.00182333
1.24089e-09
0.00182333
5.61708e-10
0.00182332
-6.10364e-10
0.00182332
-1.02874e-09
0.00182332
-4.92548e-10
0.00182332
2.04093e-10
0.00182332
2.58615e-10
0.00182332
-3.7096e-10
0.00182332
-1.02077e-09
0.00182332
-1.03203e-09
0.00182332
-3.46759e-10
0.00182332
5.14283e-10
0.00182332
9.887e-10
0.00182332
8.54629e-10
0.00182332
3.69892e-10
0.00182332
-7.63567e-12
0.00182332
2.04464e-11
0.00182332
3.45079e-10
0.00182332
5.51325e-10
0.00182332
2.48687e-10
0.00182332
-5.08814e-10
0.00182332
-1.25777e-09
0.00182332
-1.45524e-09
0.00182332
-9.26336e-10
0.00182332
2.39006e-11
0.00182332
7.0616e-10
0.00182332
1.21585e-09
0.00182332
1.48512e-11
0.00182332
2.4594e-09
0.00182332
-3.5922e-09
0.00182333
4.72894e-09
0.00182332
2.48093e-10
-1.33163e-08
0.00114477
0.000813468
0.000763303
0.000748802
0.000740673
0.000738168
0.000736951
0.000736268
0.000735916
0.000735734
0.00073564
0.000735589
0.000735563
0.000735549
0.000735542
0.000735538
0.000735536
0.000735535
0.000735534
0.000735535
0.000735534
0.000735533
0.000735534
0.000735535
0.000735532
0.000735535
0.000735535
0.000735533
0.000735534
0.000735535
0.000735534
0.000735533
0.000735535
0.000735535
0.000735532
0.000735536
0.000735536
0.000735531
0.000735535
0.000735535
0.000735533
0.000735535
0.000735536
0.000735534
0.000735532
0.000735536
0.000735534
0.000735532
0.000735536
0.000735533
0.000735532
0.000735536
0.000735534
0.000735531
0.000735534
0.000735532
0.000735533
0.000735535
0.000735533
0.000735532
0.000735532
0.000735533
0.000735535
0.000735535
0.000735534
0.000735534
0.000735534
0.000735536
0.000735536
0.000735535
0.000735534
0.000735534
0.000735534
0.000735534
0.000735534
0.000735533
0.000735532
0.000735532
0.000735532
0.000735533
0.000735534
0.000735534
0.000735534
0.000735534
0.000735535
0.000735535
0.000735536
0.000735535
0.000735534
0.000735532
0.000735531
0.000735531
0.000735532
0.000735533
0.000735533
0.000735536
0.000735532
0.000735537
0.000735537
)
;

boundaryField
{
    inlet
    {
        type            calculated;
        value           nonuniform List<scalar> 
40
(
-0.0025
-0.0025
-0.0025
-0.0025
-0.0025
-0.0025
-0.0025
-0.0025
-0.0025
-0.0025
-0.0025
-0.0025
-0.0025
-0.0025
-0.0025
-0.0025
-0.0025
-0.0025
-0.0025
-0.0025
-0.0025
-0.0025
-0.0025
-0.0025
-0.0025
-0.0025
-0.0025
-0.0025
-0.0025
-0.0025
-0.0025
-0.0025
-0.0025
-0.0025
-0.0025
-0.0025
-0.0025
-0.0025
-0.0025
-0.0025
)
;
    }
    outlet
    {
        type            calculated;
        value           nonuniform List<scalar> 
40
(
0.000735515
0.0018233
0.0023711
0.00257684
0.00263821
0.0026534
0.00265661
0.0026572
0.0026573
0.00265732
0.00265732
0.00265732
0.00265732
0.00265732
0.00265732
0.00265732
0.00265732
0.00265732
0.00265732
0.00265732
0.00265732
0.00265732
0.00265732
0.00265732
0.00265732
0.00265732
0.00265732
0.00265732
0.00265732
0.00265732
0.00265732
0.0026573
0.00265721
0.00265661
0.0026534
0.00263822
0.00257685
0.00237111
0.00182331
0.000735524
)
;
    }
    upperWall
    {
        type            calculated;
        value           uniform 0;
    }
    lowerWall
    {
        type            calculated;
        value           uniform 0;
    }
    frontAndBack
    {
        type            empty;
        value           nonuniform 0();
    }
}


// ************************************************************************* //
