/*--------------------------------*- C++ -*----------------------------------*\
| =========                 |                                                 |
| \\      /  F ield         | OpenFOAM: The Open Source CFD Toolbox           |
|  \\    /   O peration     | Version:  5.x                                   |
|   \\  /    A nd           | Web:      www.OpenFOAM.org                      |
|    \\/     M anipulation  |                                                 |
\*---------------------------------------------------------------------------*/
FoamFile
{
    version     2.0;
    format      ascii;
    class       volVectorField;
    location    "0.08";
    object      U;
}
// * * * * * * * * * * * * * * * * * * * * * * * * * * * * * * * * * * * * * //

dimensions      [0 1 -1 0 0 0 0];

internalField   nonuniform List<vector> 
4000
(
(0.284081 0.0951082 0)
(0.209846 0.0158802 0)
(0.118976 0.00353857 0)
(0.100419 0.00169157 0)
(0.0870945 0.00072051 0)
(0.0815042 0.000402804 0)
(0.0781083 0.000195498 0)
(0.0764827 0.000103532 0)
(0.0756058 4.84287e-05 0)
(0.0752036 2.22246e-05 0)
(0.0750213 8.23248e-06 0)
(0.074958 2.01816e-06 0)
(0.0749458 -6.80925e-07 0)
(0.0749554 -1.48321e-06 0)
(0.0749705 -1.50816e-06 0)
(0.0749849 -1.22438e-06 0)
(0.0749962 -8.89598e-07 0)
(0.0750042 -5.94874e-07 0)
(0.0750095 -3.73491e-07 0)
(0.0750127 -2.21493e-07 0)
(0.0750146 -1.22523e-07 0)
(0.0750156 -6.35721e-08 0)
(0.0750162 -3.11487e-08 0)
(0.0750164 -1.24232e-08 0)
(0.0750165 -4.18128e-09 0)
(0.0750165 2.57093e-10 0)
(0.0750165 2.0894e-09 0)
(0.0750165 7.47796e-10 0)
(0.0750165 -3.82959e-10 0)
(0.0750165 1.87415e-10 0)
(0.0750165 -2.07075e-11 0)
(0.0750165 2.48001e-10 0)
(0.0750165 -1.93276e-10 0)
(0.0750165 -4.23411e-10 0)
(0.0750165 3.78483e-10 0)
(0.0750165 2.54811e-09 0)
(0.0750165 2.58861e-09 0)
(0.0750164 2.87454e-09 0)
(0.0750164 3.26265e-09 0)
(0.0750163 3.13887e-09 0)
(0.0750163 4.24496e-09 0)
(0.0750163 4.23458e-09 0)
(0.0750162 3.23734e-09 0)
(0.0750162 2.73457e-09 0)
(0.0750162 9.51404e-10 0)
(0.0750161 1.30467e-09 0)
(0.0750161 1.16049e-09 0)
(0.0750161 -1.2131e-09 0)
(0.0750162 -2.35715e-09 0)
(0.0750162 -2.24789e-09 0)
(0.0750162 -1.1767e-09 0)
(0.0750162 -2.62036e-09 0)
(0.0750163 -3.46686e-09 0)
(0.0750163 -2.5299e-09 0)
(0.0750163 -3.12448e-09 0)
(0.0750164 -3.45733e-09 0)
(0.0750164 -3.77235e-09 0)
(0.0750165 -3.60815e-09 0)
(0.0750165 -4.38562e-09 0)
(0.0750166 -4.07076e-09 0)
(0.0750166 -3.32287e-09 0)
(0.0750167 -3.69647e-09 0)
(0.0750167 -3.34492e-09 0)
(0.0750167 -2.08397e-09 0)
(0.0750168 -7.56543e-10 0)
(0.0750167 6.41444e-10 0)
(0.0750167 2.62577e-09 0)
(0.0750167 4.21243e-09 0)
(0.0750166 5.32681e-09 0)
(0.0750165 6.43827e-09 0)
(0.0750165 7.90452e-09 0)
(0.0750164 7.84826e-09 0)
(0.0750163 7.17535e-09 0)
(0.0750162 6.52379e-09 0)
(0.0750161 4.89233e-09 0)
(0.0750161 2.54721e-09 0)
(0.0750161 6.5297e-10 0)
(0.0750161 -1.39025e-09 0)
(0.0750161 -4.54998e-09 0)
(0.0750162 -7.39249e-09 0)
(0.0750163 -8.12003e-09 0)
(0.0750164 -8.29173e-09 0)
(0.0750165 -8.67255e-09 0)
(0.0750166 -8.4915e-09 0)
(0.0750167 -6.92305e-09 0)
(0.0750167 -3.40773e-09 0)
(0.0750168 1.88206e-10 0)
(0.0750168 1.40681e-09 0)
(0.0750167 3.48755e-09 0)
(0.0750167 4.44887e-09 0)
(0.0750166 5.58148e-09 0)
(0.0750165 5.53928e-09 0)
(0.0750165 2.57108e-09 0)
(0.0750165 -1.83492e-10 0)
(0.0750165 -5.30622e-10 0)
(0.0750165 4.17042e-10 0)
(0.0750165 -7.64961e-10 0)
(0.0750164 6.01832e-09 0)
(0.0750164 5.41989e-09 0)
(0.0750161 3.95481e-08 0)
(0.624504 0.240993 0)
(0.521049 0.056945 0)
(0.338599 0.0189331 0)
(0.287838 0.00912797 0)
(0.252432 0.00438499 0)
(0.236416 0.00239429 0)
(0.226834 0.00123465 0)
(0.222061 0.000653378 0)
(0.219476 0.000322372 0)
(0.218242 0.000152904 0)
(0.217665 6.33732e-05 0)
(0.217442 2.0665e-05 0)
(0.217381 1.33115e-06 0)
(0.217391 -5.72206e-06 0)
(0.217424 -7.20552e-06 0)
(0.217459 -6.33927e-06 0)
(0.217488 -4.80803e-06 0)
(0.217509 -3.31414e-06 0)
(0.217523 -2.12886e-06 0)
(0.217532 -1.28878e-06 0)
(0.217537 -7.31181e-07 0)
(0.21754 -3.87453e-07 0)
(0.217541 -1.9205e-07 0)
(0.217542 -8.16846e-08 0)
(0.217542 -2.8681e-08 0)
(0.217542 -4.82089e-09 0)
(0.217542 5.87139e-09 0)
(0.217542 5.07247e-09 0)
(0.217542 1.50828e-09 0)
(0.217542 7.35511e-10 0)
(0.217542 1.64255e-10 0)
(0.217542 1.57218e-09 0)
(0.217542 2.51081e-10 0)
(0.217542 3.53996e-10 0)
(0.217542 4.23165e-09 0)
(0.217542 1.26783e-08 0)
(0.217542 1.53817e-08 0)
(0.217542 1.75265e-08 0)
(0.217542 2.05907e-08 0)
(0.217542 2.10458e-08 0)
(0.217542 2.41455e-08 0)
(0.217542 2.42301e-08 0)
(0.217541 1.94914e-08 0)
(0.217541 1.53493e-08 0)
(0.217541 8.11386e-09 0)
(0.217541 5.6953e-09 0)
(0.217541 2.54209e-09 0)
(0.217541 -5.54847e-09 0)
(0.217541 -1.16808e-08 0)
(0.217541 -1.41955e-08 0)
(0.217541 -1.27429e-08 0)
(0.217541 -1.61778e-08 0)
(0.217542 -1.95573e-08 0)
(0.217542 -1.89072e-08 0)
(0.217542 -1.99483e-08 0)
(0.217542 -2.11417e-08 0)
(0.217542 -2.31751e-08 0)
(0.217542 -2.33982e-08 0)
(0.217542 -2.53917e-08 0)
(0.217543 -2.50674e-08 0)
(0.217543 -2.27295e-08 0)
(0.217543 -2.17505e-08 0)
(0.217543 -1.87712e-08 0)
(0.217543 -1.17357e-08 0)
(0.217543 -3.43003e-09 0)
(0.217543 5.06084e-09 0)
(0.217543 1.51859e-08 0)
(0.217543 2.56274e-08 0)
(0.217543 3.43911e-08 0)
(0.217542 4.10306e-08 0)
(0.217542 4.64931e-08 0)
(0.217542 4.80622e-08 0)
(0.217542 4.49715e-08 0)
(0.217541 4.03466e-08 0)
(0.217541 3.04817e-08 0)
(0.217541 1.67632e-08 0)
(0.217541 2.19956e-09 0)
(0.217541 -1.16915e-08 0)
(0.217541 -2.64353e-08 0)
(0.217541 -4.24189e-08 0)
(0.217542 -5.135e-08 0)
(0.217542 -5.39531e-08 0)
(0.217542 -5.32647e-08 0)
(0.217542 -4.79622e-08 0)
(0.217543 -3.90655e-08 0)
(0.217543 -2.26857e-08 0)
(0.217543 -3.06986e-09 0)
(0.217543 9.93992e-09 0)
(0.217543 2.2236e-08 0)
(0.217543 2.80363e-08 0)
(0.217543 3.05547e-08 0)
(0.217542 2.89377e-08 0)
(0.217542 1.74469e-08 0)
(0.217542 4.22441e-09 0)
(0.217542 -3.13985e-09 0)
(0.217542 -9.05357e-10 0)
(0.217542 2.18824e-09 0)
(0.217542 3.22622e-08 0)
(0.217542 5.33427e-08 0)
(0.217541 1.64557e-07 0)
(0.829588 0.312204 0)
(0.746422 0.107069 0)
(0.532135 0.0472498 0)
(0.45917 0.0234859 0)
(0.407252 0.0120573 0)
(0.382477 0.00656582 0)
(0.367617 0.00348708 0)
(0.360015 0.00185207 0)
(0.355868 0.000936372 0)
(0.353838 0.000451751 0)
(0.352867 0.000195881 0)
(0.35247 7.00007e-05 0)
(0.352344 1.18259e-05 0)
(0.35234 -1.10034e-05 0)
(0.352379 -1.71193e-05 0)
(0.352427 -1.59837e-05 0)
(0.352469 -1.24774e-05 0)
(0.352499 -8.77073e-06 0)
(0.352521 -5.7143e-06 0)
(0.352534 -3.49838e-06 0)
(0.352542 -2.01465e-06 0)
(0.352546 -1.0865e-06 0)
(0.352549 -5.46973e-07 0)
(0.35255 -2.4559e-07 0)
(0.352551 -9.29567e-08 0)
(0.352551 -2.41409e-08 0)
(0.352551 4.29743e-09 0)
(0.352551 1.03953e-08 0)
(0.352551 7.31696e-09 0)
(0.352551 2.77089e-09 0)
(0.352551 -1.61485e-09 0)
(0.352551 4.25787e-10 0)
(0.352551 1.19699e-09 0)
(0.352551 5.06749e-09 0)
(0.352551 1.40176e-08 0)
(0.352551 2.94418e-08 0)
(0.35255 4.14807e-08 0)
(0.35255 5.05012e-08 0)
(0.35255 5.97292e-08 0)
(0.35255 6.32934e-08 0)
(0.35255 6.67322e-08 0)
(0.35255 6.4928e-08 0)
(0.352549 5.46178e-08 0)
(0.352549 4.42615e-08 0)
(0.352549 2.70136e-08 0)
(0.352549 1.38814e-08 0)
(0.352549 2.28441e-09 0)
(0.352549 -1.40175e-08 0)
(0.352549 -2.75449e-08 0)
(0.352549 -3.77943e-08 0)
(0.352549 -4.05882e-08 0)
(0.352549 -4.57267e-08 0)
(0.35255 -5.31727e-08 0)
(0.35255 -5.52259e-08 0)
(0.35255 -5.91557e-08 0)
(0.35255 -6.26235e-08 0)
(0.35255 -6.70767e-08 0)
(0.352551 -6.93817e-08 0)
(0.352551 -7.17397e-08 0)
(0.352551 -7.22423e-08 0)
(0.352551 -6.75604e-08 0)
(0.352552 -6.12144e-08 0)
(0.352552 -4.96075e-08 0)
(0.352552 -3.09692e-08 0)
(0.352552 -8.24307e-09 0)
(0.352552 1.7812e-08 0)
(0.352552 4.56422e-08 0)
(0.352552 7.37192e-08 0)
(0.352551 9.87504e-08 0)
(0.352551 1.17774e-07 0)
(0.35255 1.30879e-07 0)
(0.35255 1.35187e-07 0)
(0.35255 1.27039e-07 0)
(0.352549 1.1067e-07 0)
(0.352549 8.42035e-08 0)
(0.352549 4.69004e-08 0)
(0.352549 4.98888e-09 0)
(0.352549 -3.7205e-08 0)
(0.352549 -7.73286e-08 0)
(0.352549 -1.16253e-07 0)
(0.35255 -1.42595e-07 0)
(0.35255 -1.53404e-07 0)
(0.352551 -1.51072e-07 0)
(0.352551 -1.32901e-07 0)
(0.352551 -1.0315e-07 0)
(0.352552 -6.2535e-08 0)
(0.352552 -1.32886e-08 0)
(0.352552 2.78889e-08 0)
(0.352552 6.20806e-08 0)
(0.352551 8.06956e-08 0)
(0.352551 8.24944e-08 0)
(0.352551 7.3199e-08 0)
(0.352551 4.81525e-08 0)
(0.352551 1.76242e-08 0)
(0.352551 -4.07901e-09 0)
(0.352551 -3.88077e-09 0)
(0.352551 1.52396e-08 0)
(0.35255 8.69193e-08 0)
(0.35255 1.71637e-07 0)
(0.352549 3.6517e-07 0)
(0.951458 0.336953 0)
(0.906071 0.152975 0)
(0.696528 0.0808653 0)
(0.612504 0.0420468 0)
(0.550206 0.0225884 0)
(0.51898 0.0124059 0)
(0.500033 0.00671291 0)
(0.490115 0.00358925 0)
(0.484649 0.00184229 0)
(0.481918 0.00090054 0)
(0.480585 0.000401196 0)
(0.480018 0.000151108 0)
(0.479818 3.36922e-05 0)
(0.47979 -1.43272e-05 0)
(0.479828 -2.8767e-05 0)
(0.479882 -2.83342e-05 0)
(0.47993 -2.26587e-05 0)
(0.479968 -1.61711e-05 0)
(0.479994 -1.06557e-05 0)
(0.480011 -6.58247e-06 0)
(0.480021 -3.82799e-06 0)
(0.480027 -2.08903e-06 0)
(0.48003 -1.06397e-06 0)
(0.480032 -4.9071e-07 0)
(0.480032 -1.94395e-07 0)
(0.480033 -5.67217e-08 0)
(0.480033 -2.07072e-10 0)
(0.480033 1.51997e-08 0)
(0.480033 1.49105e-08 0)
(0.480033 7.04862e-09 0)
(0.480033 -3.33373e-09 0)
(0.480033 -2.00087e-09 0)
(0.480033 2.25829e-09 0)
(0.480033 1.2617e-08 0)
(0.480032 2.96971e-08 0)
(0.480032 5.41509e-08 0)
(0.480032 7.85227e-08 0)
(0.480032 9.83538e-08 0)
(0.480032 1.16827e-07 0)
(0.480032 1.25324e-07 0)
(0.480031 1.28767e-07 0)
(0.480031 1.23732e-07 0)
(0.480031 1.05408e-07 0)
(0.480031 8.52508e-08 0)
(0.48003 5.52879e-08 0)
(0.48003 2.72238e-08 0)
(0.48003 1.22771e-09 0)
(0.48003 -2.71165e-08 0)
(0.48003 -5.05398e-08 0)
(0.48003 -7.10865e-08 0)
(0.480031 -8.26467e-08 0)
(0.480031 -9.18436e-08 0)
(0.480031 -1.03661e-07 0)
(0.480031 -1.10305e-07 0)
(0.480032 -1.18251e-07 0)
(0.480032 -1.25039e-07 0)
(0.480032 -1.32799e-07 0)
(0.480032 -1.38169e-07 0)
(0.480033 -1.4094e-07 0)
(0.480033 -1.41235e-07 0)
(0.480033 -1.32519e-07 0)
(0.480034 -1.17565e-07 0)
(0.480034 -9.31298e-08 0)
(0.480034 -5.7021e-08 0)
(0.480034 -1.30531e-08 0)
(0.480034 3.79424e-08 0)
(0.480034 9.13807e-08 0)
(0.480034 1.44845e-07 0)
(0.480033 1.92973e-07 0)
(0.480033 2.30335e-07 0)
(0.480032 2.53829e-07 0)
(0.480032 2.61891e-07 0)
(0.480031 2.47308e-07 0)
(0.480031 2.13616e-07 0)
(0.48003 1.61877e-07 0)
(0.48003 9.17509e-08 0)
(0.48003 1.0266e-08 0)
(0.48003 -7.4436e-08 0)
(0.48003 -1.52326e-07 0)
(0.480031 -2.24069e-07 0)
(0.480031 -2.75612e-07 0)
(0.480032 -2.98399e-07 0)
(0.480032 -2.93895e-07 0)
(0.480033 -2.57923e-07 0)
(0.480034 -1.97382e-07 0)
(0.480034 -1.19407e-07 0)
(0.480034 -2.88724e-08 0)
(0.480034 5.25683e-08 0)
(0.480034 1.18033e-07 0)
(0.480034 1.55584e-07 0)
(0.480033 1.58773e-07 0)
(0.480033 1.36682e-07 0)
(0.480033 9.14132e-08 0)
(0.480032 3.78366e-08 0)
(0.480032 -2.37812e-09 0)
(0.480032 -5.5399e-09 0)
(0.480032 3.81686e-08 0)
(0.480032 1.6332e-07 0)
(0.480032 3.44378e-07 0)
(0.48003 6.10654e-07 0)
(1.02085 0.335496 0)
(1.01555 0.18896 0)
(0.831938 0.113633 0)
(0.747029 0.0621641 0)
(0.680385 0.0346894 0)
(0.645364 0.0193217 0)
(0.623728 0.0106177 0)
(0.612152 0.00572482 0)
(0.605696 0.00297408 0)
(0.602412 0.00147116 0)
(0.600779 0.000669155 0)
(0.60006 0.000262088 0)
(0.599789 6.82654e-05 0)
(0.599732 -1.34409e-05 0)
(0.59976 -3.99987e-05 0)
(0.599814 -4.16849e-05 0)
(0.599866 -3.41356e-05 0)
(0.599907 -2.47095e-05 0)
(0.599936 -1.64526e-05 0)
(0.599956 -1.0249e-05 0)
(0.599967 -6.00992e-06 0)
(0.599974 -3.31297e-06 0)
(0.599977 -1.70622e-06 0)
(0.599979 -8.01859e-07 0)
(0.59998 -3.29191e-07 0)
(0.59998 -1.03659e-07 0)
(0.599981 -8.24729e-09 0)
(0.599981 1.87228e-08 0)
(0.599981 2.06687e-08 0)
(0.599981 1.122e-08 0)
(0.599981 -4.84648e-09 0)
(0.599981 -5.38741e-09 0)
(0.599981 3.17025e-09 0)
(0.599981 2.20947e-08 0)
(0.59998 5.03254e-08 0)
(0.59998 8.65441e-08 0)
(0.59998 1.25344e-07 0)
(0.59998 1.58965e-07 0)
(0.59998 1.89091e-07 0)
(0.599979 2.04278e-07 0)
(0.599979 2.0769e-07 0)
(0.599979 1.98401e-07 0)
(0.599978 1.70402e-07 0)
(0.599978 1.37401e-07 0)
(0.599978 9.14752e-08 0)
(0.599978 4.51966e-08 0)
(0.599978 8.77385e-10 0)
(0.599978 -4.36338e-08 0)
(0.599978 -7.99983e-08 0)
(0.599978 -1.12607e-07 0)
(0.599978 -1.35336e-07 0)
(0.599978 -1.51522e-07 0)
(0.599979 -1.69134e-07 0)
(0.599979 -1.81333e-07 0)
(0.599979 -1.94941e-07 0)
(0.59998 -2.06395e-07 0)
(0.59998 -2.17971e-07 0)
(0.59998 -2.2688e-07 0)
(0.599981 -2.30403e-07 0)
(0.599981 -2.29535e-07 0)
(0.599982 -2.14713e-07 0)
(0.599982 -1.88118e-07 0)
(0.599982 -1.46863e-07 0)
(0.599982 -8.83068e-08 0)
(0.599983 -1.73134e-08 0)
(0.599982 6.49645e-08 0)
(0.599982 1.50935e-07 0)
(0.599982 2.36071e-07 0)
(0.599981 3.12204e-07 0)
(0.599981 3.72463e-07 0)
(0.59998 4.09527e-07 0)
(0.59998 4.21347e-07 0)
(0.599979 3.98869e-07 0)
(0.599978 3.43681e-07 0)
(0.599978 2.59317e-07 0)
(0.599977 1.47603e-07 0)
(0.599977 1.76087e-08 0)
(0.599977 -1.20345e-07 0)
(0.599978 -2.47833e-07 0)
(0.599978 -3.6074e-07 0)
(0.599979 -4.431e-07 0)
(0.59998 -4.80853e-07 0)
(0.59998 -4.73265e-07 0)
(0.599981 -4.15876e-07 0)
(0.599982 -3.17295e-07 0)
(0.599982 -1.90844e-07 0)
(0.599982 -4.84024e-08 0)
(0.599982 8.22912e-08 0)
(0.599982 1.8627e-07 0)
(0.599982 2.46773e-07 0)
(0.599981 2.53731e-07 0)
(0.599981 2.16312e-07 0)
(0.599981 1.45355e-07 0)
(0.599981 6.36345e-08 0)
(0.59998 2.97965e-09 0)
(0.59998 -3.23861e-09 0)
(0.59998 7.12516e-08 0)
(0.59998 2.58082e-07 0)
(0.59998 5.54797e-07 0)
(0.599978 8.83226e-07 0)
(1.05709 0.318538 0)
(1.08724 0.213973 0)
(0.940328 0.142253 0)
(0.86279 0.081874 0)
(0.797283 0.0472742 0)
(0.761231 0.0267736 0)
(0.738419 0.0149231 0)
(0.725953 0.00812046 0)
(0.718903 0.00426361 0)
(0.715256 0.00213233 0)
(0.713412 0.00098674 0)
(0.712576 0.000398788 0)
(0.712244 0.00011526 0)
(0.712156 -7.19478e-06 0)
(0.712171 -4.93797e-05 0)
(0.71222 -5.47738e-05 0)
(0.712271 -4.59556e-05 0)
(0.712313 -3.37317e-05 0)
(0.712343 -2.26841e-05 0)
(0.712363 -1.42456e-05 0)
(0.712375 -8.41768e-06 0)
(0.712382 -4.68081e-06 0)
(0.712386 -2.43576e-06 0)
(0.712388 -1.1619e-06 0)
(0.712389 -4.89091e-07 0)
(0.71239 -1.63059e-07 0)
(0.71239 -2.08062e-08 0)
(0.71239 2.12745e-08 0)
(0.71239 2.41741e-08 0)
(0.71239 1.39092e-08 0)
(0.71239 -6.17962e-09 0)
(0.71239 -9.02768e-09 0)
(0.71239 4.07828e-09 0)
(0.71239 3.3356e-08 0)
(0.71239 7.5283e-08 0)
(0.71239 1.25709e-07 0)
(0.712389 1.80919e-07 0)
(0.712389 2.30668e-07 0)
(0.712389 2.7441e-07 0)
(0.712388 2.97445e-07 0)
(0.712388 3.00715e-07 0)
(0.712388 2.86462e-07 0)
(0.712387 2.47584e-07 0)
(0.712387 1.99333e-07 0)
(0.712387 1.34411e-07 0)
(0.712387 6.69839e-08 0)
(0.712387 1.50911e-09 0)
(0.712387 -6.25142e-08 0)
(0.712387 -1.14947e-07 0)
(0.712387 -1.61726e-07 0)
(0.712387 -1.97526e-07 0)
(0.712387 -2.22852e-07 0)
(0.712388 -2.47842e-07 0)
(0.712388 -2.66527e-07 0)
(0.712388 -2.86746e-07 0)
(0.712389 -3.04119e-07 0)
(0.712389 -3.20212e-07 0)
(0.71239 -3.32649e-07 0)
(0.71239 -3.36806e-07 0)
(0.712391 -3.33999e-07 0)
(0.712391 -3.11663e-07 0)
(0.712391 -2.7096e-07 0)
(0.712392 -2.09351e-07 0)
(0.712392 -1.2396e-07 0)
(0.712392 -2.10887e-08 0)
(0.712392 9.75293e-08 0)
(0.712392 2.21594e-07 0)
(0.712391 3.44206e-07 0)
(0.712391 4.53116e-07 0)
(0.71239 5.39529e-07 0)
(0.712389 5.92524e-07 0)
(0.712389 6.08462e-07 0)
(0.712388 5.76847e-07 0)
(0.712387 4.97029e-07 0)
(0.712387 3.74205e-07 0)
(0.712386 2.1289e-07 0)
(0.712386 2.63773e-08 0)
(0.712386 -1.72714e-07 0)
(0.712386 -3.59306e-07 0)
(0.712387 -5.21283e-07 0)
(0.712388 -6.39545e-07 0)
(0.712389 -6.9496e-07 0)
(0.71239 -6.83475e-07 0)
(0.71239 -6.0108e-07 0)
(0.712391 -4.59086e-07 0)
(0.712392 -2.76147e-07 0)
(0.712392 -7.23846e-08 0)
(0.712392 1.15647e-07 0)
(0.712392 2.64409e-07 0)
(0.712391 3.5106e-07 0)
(0.712391 3.63024e-07 0)
(0.71239 3.09402e-07 0)
(0.71239 2.09172e-07 0)
(0.71239 9.51094e-08 0)
(0.71239 1.2311e-08 0)
(0.71239 3.36673e-09 0)
(0.71239 1.13456e-07 0)
(0.712389 3.67187e-07 0)
(0.712389 7.90667e-07 0)
(0.712387 1.17317e-06 0)
(1.07281 0.292686 0)
(1.13105 0.228557 0)
(1.02463 0.165017 0)
(0.960495 0.0996647 0)
(0.90078 0.0593814 0)
(0.866359 0.0342305 0)
(0.843912 0.0193401 0)
(0.831383 0.0106243 0)
(0.824183 0.00563269 0)
(0.820399 0.00284578 0)
(0.818452 0.00133649 0)
(0.817547 0.000554307 0)
(0.81717 0.00017277 0)
(0.817056 4.63568e-06 0)
(0.817056 -5.59781e-05 0)
(0.817096 -6.65996e-05 0)
(0.817142 -5.72895e-05 0)
(0.817181 -4.26353e-05 0)
(0.817211 -2.89479e-05 0)
(0.81723 -1.83209e-05 0)
(0.817243 -1.09046e-05 0)
(0.81725 -6.11108e-06 0)
(0.817254 -3.20982e-06 0)
(0.817256 -1.55129e-06 0)
(0.817257 -6.65518e-07 0)
(0.817257 -2.3151e-07 0)
(0.817258 -3.84279e-08 0)
(0.817258 2.24202e-08 0)
(0.817258 2.57617e-08 0)
(0.817258 1.40437e-08 0)
(0.817258 -8.07051e-09 0)
(0.817258 -1.23531e-08 0)
(0.817258 5.08049e-09 0)
(0.817258 4.54615e-08 0)
(0.817258 1.03169e-07 0)
(0.817257 1.7049e-07 0)
(0.817257 2.44094e-07 0)
(0.817257 3.11298e-07 0)
(0.817256 3.70023e-07 0)
(0.817256 4.02408e-07 0)
(0.817256 4.05698e-07 0)
(0.817255 3.85635e-07 0)
(0.817255 3.34721e-07 0)
(0.817254 2.69373e-07 0)
(0.817254 1.83244e-07 0)
(0.817254 9.19881e-08 0)
(0.817254 3.01657e-09 0)
(0.817254 -8.3157e-08 0)
(0.817254 -1.54272e-07 0)
(0.817254 -2.16832e-07 0)
(0.817255 -2.6732e-07 0)
(0.817255 -3.035e-07 0)
(0.817255 -3.37371e-07 0)
(0.817256 -3.63672e-07 0)
(0.817256 -3.90957e-07 0)
(0.817257 -4.15123e-07 0)
(0.817257 -4.36806e-07 0)
(0.817258 -4.5314e-07 0)
(0.817258 -4.57657e-07 0)
(0.817259 -4.51921e-07 0)
(0.817259 -4.20879e-07 0)
(0.817259 -3.64267e-07 0)
(0.81726 -2.79624e-07 0)
(0.81726 -1.6356e-07 0)
(0.81726 -2.44638e-08 0)
(0.81726 1.34751e-07 0)
(0.81726 3.01116e-07 0)
(0.817259 4.65517e-07 0)
(0.817259 6.11744e-07 0)
(0.817258 7.2744e-07 0)
(0.817257 7.98037e-07 0)
(0.817256 8.18292e-07 0)
(0.817256 7.76461e-07 0)
(0.817255 6.69634e-07 0)
(0.817254 5.04092e-07 0)
(0.817254 2.86735e-07 0)
(0.817253 3.62653e-08 0)
(0.817254 -2.3031e-07 0)
(0.817254 -4.82936e-07 0)
(0.817255 -7.00694e-07 0)
(0.817255 -8.59294e-07 0)
(0.817256 -9.34696e-07 0)
(0.817257 -9.19121e-07 0)
(0.817258 -8.08672e-07 0)
(0.817259 -6.18367e-07 0)
(0.81726 -3.73489e-07 0)
(0.81726 -1.01273e-07 0)
(0.81726 1.50971e-07 0)
(0.81726 3.49637e-07 0)
(0.817259 4.65553e-07 0)
(0.817259 4.8314e-07 0)
(0.817258 4.12934e-07 0)
(0.817258 2.81469e-07 0)
(0.817258 1.31786e-07 0)
(0.817258 2.57472e-08 0)
(0.817258 1.41149e-08 0)
(0.817257 1.6337e-07 0)
(0.817257 4.86598e-07 0)
(0.817257 1.04184e-06 0)
(0.817255 1.47233e-06 0)
(1.07626 0.262529 0)
(1.1548 0.23388 0)
(1.08822 0.181127 0)
(1.04136 0.114403 0)
(0.991111 0.0701749 0)
(0.960719 0.0411807 0)
(0.940114 0.0235737 0)
(0.928361 0.0130736 0)
(0.921477 0.00699424 0)
(0.9178 0.003567 0)
(0.915875 0.00169696 0)
(0.914958 0.00071932 0)
(0.914561 0.000237482 0)
(0.914428 2.14897e-05 0)
(0.914411 -5.92772e-05 0)
(0.91444 -7.63675e-05 0)
(0.914479 -6.74025e-05 0)
(0.914514 -5.08535e-05 0)
(0.91454 -3.48517e-05 0)
(0.914558 -2.22229e-05 0)
(0.914569 -1.3319e-05 0)
(0.914576 -7.51842e-06 0)
(0.91458 -3.98223e-06 0)
(0.914582 -1.94735e-06 0)
(0.914583 -8.49081e-07 0)
(0.914584 -3.04865e-07 0)
(0.914584 -6.03393e-08 0)
(0.914584 2.12791e-08 0)
(0.914584 2.56843e-08 0)
(0.914584 1.1378e-08 0)
(0.914584 -1.15657e-08 0)
(0.914584 -1.55788e-08 0)
(0.914584 6.41224e-09 0)
(0.914584 5.8051e-08 0)
(0.914584 1.32801e-07 0)
(0.914584 2.19381e-07 0)
(0.914584 3.13645e-07 0)
(0.914583 3.99264e-07 0)
(0.914583 4.73228e-07 0)
(0.914582 5.16168e-07 0)
(0.914582 5.20252e-07 0)
(0.914582 4.93722e-07 0)
(0.914581 4.2967e-07 0)
(0.914581 3.45647e-07 0)
(0.91458 2.36927e-07 0)
(0.91458 1.20048e-07 0)
(0.91458 5.69754e-09 0)
(0.91458 -1.04777e-07 0)
(0.91458 -1.96949e-07 0)
(0.914581 -2.76472e-07 0)
(0.914581 -3.42774e-07 0)
(0.914581 -3.91401e-07 0)
(0.914582 -4.35301e-07 0)
(0.914582 -4.70434e-07 0)
(0.914582 -5.05198e-07 0)
(0.914583 -5.36422e-07 0)
(0.914583 -5.64455e-07 0)
(0.914584 -5.85255e-07 0)
(0.914585 -5.90054e-07 0)
(0.914585 -5.8041e-07 0)
(0.914586 -5.39441e-07 0)
(0.914586 -4.6542e-07 0)
(0.914586 -3.56051e-07 0)
(0.914587 -2.06725e-07 0)
(0.914587 -2.79168e-08 0)
(0.914587 1.75533e-07 0)
(0.914586 3.87537e-07 0)
(0.914586 5.96318e-07 0)
(0.914585 7.83088e-07 0)
(0.914585 9.31138e-07 0)
(0.914584 1.02091e-06 0)
(0.914583 1.0455e-06 0)
(0.914582 9.9237e-07 0)
(0.914581 8.56785e-07 0)
(0.91458 6.45753e-07 0)
(0.91458 3.6814e-07 0)
(0.91458 4.77717e-08 0)
(0.91458 -2.91715e-07 0)
(0.91458 -6.15119e-07 0)
(0.914581 -8.93407e-07 0)
(0.914582 -1.09603e-06 0)
(0.914583 -1.19339e-06 0)
(0.914584 -1.1741e-06 0)
(0.914585 -1.03396e-06 0)
(0.914586 -7.91121e-07 0)
(0.914586 -4.80356e-07 0)
(0.914587 -1.35252e-07 0)
(0.914587 1.865e-07 0)
(0.914586 4.39048e-07 0)
(0.914586 5.87225e-07 0)
(0.914585 6.11064e-07 0)
(0.914585 5.23956e-07 0)
(0.914584 3.60735e-07 0)
(0.914584 1.73304e-07 0)
(0.914584 4.33625e-08 0)
(0.914584 2.8789e-08 0)
(0.914584 2.18959e-07 0)
(0.914583 6.12072e-07 0)
(0.914583 1.29924e-06 0)
(0.914581 1.77279e-06 0)
(1.0728 0.231147 0)
(1.16453 0.23141 0)
(1.13453 0.190432 0)
(1.10697 0.125334 0)
(1.06882 0.0789812 0)
(1.04447 0.0471657 0)
(1.02704 0.0273419 0)
(1.01686 0.0153055 0)
(1.01075 0.00825806 0)
(1.00744 0.00424822 0)
(1.00566 0.0020442 0)
(1.0048 0.000882757 0)
(1.00441 0.000304957 0)
(1.00427 4.21138e-05 0)
(1.00424 -5.91689e-05 0)
(1.00425 -8.3512e-05 0)
(1.00428 -7.56828e-05 0)
(1.00431 -5.78812e-05 0)
(1.00433 -4.00305e-05 0)
(1.00435 -2.5711e-05 0)
(1.00436 -1.55125e-05 0)
(1.00436 -8.81736e-06 0)
(1.00437 -4.7065e-06 0)
(1.00437 -2.32596e-06 0)
(1.00437 -1.02944e-06 0)
(1.00437 -3.79293e-07 0)
(1.00437 -8.51917e-08 0)
(1.00437 1.7119e-08 0)
(1.00437 2.36959e-08 0)
(1.00437 6.2309e-09 0)
(1.00437 -1.7046e-08 0)
(1.00437 -1.91314e-08 0)
(1.00437 8.10918e-09 0)
(1.00437 7.10384e-08 0)
(1.00437 1.63522e-07 0)
(1.00437 2.70822e-07 0)
(1.00437 3.87616e-07 0)
(1.00437 4.92805e-07 0)
(1.00437 5.81545e-07 0)
(1.00437 6.3538e-07 0)
(1.00437 6.41418e-07 0)
(1.00437 6.08329e-07 0)
(1.00437 5.30388e-07 0)
(1.00437 4.26441e-07 0)
(1.00437 2.94167e-07 0)
(1.00437 1.50707e-07 0)
(1.00437 9.78949e-09 0)
(1.00437 -1.26502e-07 0)
(1.00437 -2.41818e-07 0)
(1.00437 -3.39419e-07 0)
(1.00437 -4.21997e-07 0)
(1.00437 -4.84358e-07 0)
(1.00437 -5.3909e-07 0)
(1.00437 -5.8404e-07 0)
(1.00437 -6.26874e-07 0)
(1.00437 -6.65103e-07 0)
(1.00437 -6.99654e-07 0)
(1.00437 -7.25359e-07 0)
(1.00437 -7.30575e-07 0)
(1.00437 -7.16423e-07 0)
(1.00437 -6.64607e-07 0)
(1.00437 -5.71804e-07 0)
(1.00437 -4.36502e-07 0)
(1.00437 -2.52608e-07 0)
(1.00437 -3.20567e-08 0)
(1.00437 2.18238e-07 0)
(1.00437 4.78693e-07 0)
(1.00437 7.33456e-07 0)
(1.00437 9.62128e-07 0)
(1.00437 1.14473e-06 0)
(1.00437 1.25546e-06 0)
(1.00437 1.28466e-06 0)
(1.00437 1.21933e-06 0)
(1.00437 1.0537e-06 0)
(1.00437 7.95524e-07 0)
(1.00437 4.55546e-07 0)
(1.00437 6.17012e-08 0)
(1.00437 -3.54885e-07 0)
(1.00437 -7.52506e-07 0)
(1.00437 -1.09411e-06 0)
(1.00437 -1.34331e-06 0)
(1.00437 -1.46423e-06 0)
(1.00437 -1.44176e-06 0)
(1.00437 -1.27185e-06 0)
(1.00437 -9.73846e-07 0)
(1.00437 -5.93983e-07 0)
(1.00437 -1.7382e-07 0)
(1.00437 2.20659e-07 0)
(1.00437 5.29879e-07 0)
(1.00437 7.12785e-07 0)
(1.00437 7.44064e-07 0)
(1.00437 6.39821e-07 0)
(1.00437 4.45081e-07 0)
(1.00437 2.19247e-07 0)
(1.00437 6.46855e-08 0)
(1.00437 4.69334e-08 0)
(1.00437 2.77819e-07 0)
(1.00437 7.393e-07 0)
(1.00437 1.55512e-06 0)
(1.00437 2.06732e-06 0)
(1.06582 0.200456 0)
(1.16487 0.22268 0)
(1.16684 0.193239 0)
(1.15908 0.132046 0)
(1.13471 0.085307 0)
(1.11795 0.0518041 0)
(1.10482 0.0303937 0)
(1.09693 0.0171677 0)
(1.09202 0.00933667 0)
(1.08931 0.00484161 0)
(1.08782 0.00235341 0)
(1.08707 0.00103263 0)
(1.08672 0.000370003 0)
(1.08658 6.47065e-05 0)
(1.08654 -5.59144e-05 0)
(1.08654 -8.77027e-05 0)
(1.08656 -8.16603e-05 0)
(1.08658 -6.32956e-05 0)
(1.0866 -4.41637e-05 0)
(1.08661 -2.85669e-05 0)
(1.08661 -1.73476e-05 0)
(1.08662 -9.92689e-06 0)
(1.08662 -5.33823e-06 0)
(1.08662 -2.66383e-06 0)
(1.08663 -1.19576e-06 0)
(1.08663 -4.51221e-07 0)
(1.08663 -1.11786e-07 0)
(1.08663 9.86961e-09 0)
(1.08663 1.97234e-08 0)
(1.08663 -7.75794e-10 0)
(1.08663 -2.43273e-08 0)
(1.08663 -2.33452e-08 0)
(1.08663 1.00578e-08 0)
(1.08663 8.42617e-08 0)
(1.08663 1.94813e-07 0)
(1.08663 3.23441e-07 0)
(1.08663 4.63489e-07 0)
(1.08662 5.89482e-07 0)
(1.08662 6.92702e-07 0)
(1.08662 7.56916e-07 0)
(1.08662 7.6586e-07 0)
(1.08662 7.26663e-07 0)
(1.08662 6.34597e-07 0)
(1.08662 5.10088e-07 0)
(1.08662 3.53668e-07 0)
(1.08662 1.83105e-07 0)
(1.08662 1.51533e-08 0)
(1.08662 -1.47569e-07 0)
(1.08662 -2.87391e-07 0)
(1.08662 -4.0424e-07 0)
(1.08662 -5.03179e-07 0)
(1.08662 -5.80022e-07 0)
(1.08662 -6.46076e-07 0)
(1.08662 -7.01338e-07 0)
(1.08662 -7.52934e-07 0)
(1.08662 -7.98238e-07 0)
(1.08663 -8.39028e-07 0)
(1.08663 -8.69782e-07 0)
(1.08663 -8.75563e-07 0)
(1.08663 -8.5664e-07 0)
(1.08663 -7.93621e-07 0)
(1.08663 -6.81102e-07 0)
(1.08663 -5.18925e-07 0)
(1.08663 -2.99928e-07 0)
(1.08663 -3.70706e-08 0)
(1.08663 2.61064e-07 0)
(1.08663 5.71853e-07 0)
(1.08663 8.73947e-07 0)
(1.08663 1.14461e-06 0)
(1.08663 1.36236e-06 0)
(1.08663 1.49554e-06 0)
(1.08662 1.53019e-06 0)
(1.08662 1.45229e-06 0)
(1.08662 1.25582e-06 0)
(1.08662 9.4969e-07 0)
(1.08662 5.46744e-07 0)
(1.08662 7.8295e-08 0)
(1.08662 -4.17472e-07 0)
(1.08662 -8.9166e-07 0)
(1.08662 -1.29796e-06 0)
(1.08662 -1.59489e-06 0)
(1.08662 -1.74052e-06 0)
(1.08663 -1.71533e-06 0)
(1.08663 -1.51648e-06 0)
(1.08663 -1.16305e-06 0)
(1.08663 -7.11892e-07 0)
(1.08663 -2.15862e-07 0)
(1.08663 2.52245e-07 0)
(1.08663 6.19675e-07 0)
(1.08663 8.38813e-07 0)
(1.08663 8.79202e-07 0)
(1.08663 7.58152e-07 0)
(1.08663 5.3214e-07 0)
(1.08663 2.68788e-07 0)
(1.08663 8.89011e-08 0)
(1.08663 6.78006e-08 0)
(1.08663 3.37744e-07 0)
(1.08663 8.64088e-07 0)
(1.08662 1.80291e-06 0)
(1.08662 2.3498e-06 0)
(1.05745 0.171554 0)
(1.15927 0.209127 0)
(1.18813 0.190134 0)
(1.19956 0.134415 0)
(1.18974 0.0888375 0)
(1.18164 0.0548061 0)
(1.17368 0.032521 0)
(1.16866 0.0185271 0)
(1.16533 0.0101507 0)
(1.16342 0.00530237 0)
(1.16233 0.00260062 0)
(1.16177 0.00115692 0)
(1.16149 0.00042711 0)
(1.16136 8.71137e-05 0)
(1.16132 -5.00707e-05 0)
(1.16131 -8.88285e-05 0)
(1.16131 -8.50133e-05 0)
(1.16132 -6.67683e-05 0)
(1.16133 -4.69884e-05 0)
(1.16134 -3.0604e-05 0)
(1.16134 -1.87041e-05 0)
(1.16135 -1.07746e-05 0)
(1.16135 -5.83707e-06 0)
(1.16135 -2.9399e-06 0)
(1.16135 -1.33764e-06 0)
(1.16135 -5.16715e-07 0)
(1.16135 -1.38953e-07 0)
(1.16135 -1.29358e-10 0)
(1.16135 1.39602e-08 0)
(1.16135 -8.92724e-09 0)
(1.16135 -3.2976e-08 0)
(1.16135 -2.84758e-08 0)
(1.16135 1.20805e-08 0)
(1.16135 9.75313e-08 0)
(1.16135 2.26037e-07 0)
(1.16135 3.76081e-07 0)
(1.16135 5.38901e-07 0)
(1.16135 6.86398e-07 0)
(1.16135 8.04394e-07 0)
(1.16135 8.78137e-07 0)
(1.16135 8.90273e-07 0)
(1.16135 8.45713e-07 0)
(1.16135 7.39818e-07 0)
(1.16135 5.94772e-07 0)
(1.16135 4.14224e-07 0)
(1.16135 2.16342e-07 0)
(1.16135 2.13968e-08 0)
(1.16135 -1.675e-07 0)
(1.16135 -3.32176e-07 0)
(1.16135 -4.69183e-07 0)
(1.16135 -5.84526e-07 0)
(1.16135 -6.76071e-07 0)
(1.16135 -7.53659e-07 0)
(1.16135 -8.19177e-07 0)
(1.16135 -8.80026e-07 0)
(1.16135 -9.32795e-07 0)
(1.16135 -9.79372e-07 0)
(1.16135 -1.01496e-06 0)
(1.16135 -1.02137e-06 0)
(1.16135 -9.97542e-07 0)
(1.16135 -9.23464e-07 0)
(1.16136 -7.91029e-07 0)
(1.16136 -6.01521e-07 0)
(1.16136 -3.4744e-07 0)
(1.16136 -4.27016e-08 0)
(1.16136 3.02641e-07 0)
(1.16136 6.64045e-07 0)
(1.16136 1.01438e-06 0)
(1.16135 1.32678e-06 0)
(1.16135 1.57885e-06 0)
(1.16135 1.73498e-06 0)
(1.16135 1.77613e-06 0)
(1.16135 1.6861e-06 0)
(1.16135 1.45872e-06 0)
(1.16135 1.10469e-06 0)
(1.16135 6.39325e-07 0)
(1.16135 9.70481e-08 0)
(1.16135 -4.77456e-07 0)
(1.16135 -1.02888e-06 0)
(1.16135 -1.5004e-06 0)
(1.16135 -1.84488e-06 0)
(1.16135 -2.01573e-06 0)
(1.16135 -1.98834e-06 0)
(1.16135 -1.76156e-06 0)
(1.16135 -1.35465e-06 0)
(1.16136 -8.31982e-07 0)
(1.16136 -2.60032e-07 0)
(1.16136 2.80598e-07 0)
(1.16136 7.06335e-07 0)
(1.16135 9.62133e-07 0)
(1.16135 1.0132e-06 0)
(1.16135 8.76694e-07 0)
(1.16135 6.19538e-07 0)
(1.16135 3.2055e-07 0)
(1.16135 1.15164e-07 0)
(1.16135 9.03904e-08 0)
(1.16135 3.96915e-07 0)
(1.16135 9.82777e-07 0)
(1.16135 2.03687e-06 0)
(1.16135 2.61509e-06 0)
(1.04895 0.144991 0)
(1.15027 0.192007 0)
(1.201 0.181848 0)
(1.23025 0.132534 0)
(1.235 0.0894225 0)
(1.23613 0.0559787 0)
(1.23392 0.0335678 0)
(1.23222 0.019277 0)
(1.23074 0.0106337 0)
(1.22983 0.00559172 0)
(1.22924 0.00276444 0)
(1.22891 0.0012445 0)
(1.22872 0.00047093 0)
(1.22863 0.000107054 0)
(1.22858 -4.23958e-05 0)
(1.22856 -8.6967e-05 0)
(1.22855 -8.55668e-05 0)
(1.22855 -6.80728e-05 0)
(1.22855 -4.83081e-05 0)
(1.22856 -3.16763e-05 0)
(1.22856 -1.94838e-05 0)
(1.22856 -1.13001e-05 0)
(1.22856 -6.16839e-06 0)
(1.22856 -3.13584e-06 0)
(1.22856 -1.44574e-06 0)
(1.22856 -5.71472e-07 0)
(1.22856 -1.65136e-07 0)
(1.22856 -1.23695e-08 0)
(1.22856 6.4759e-09 0)
(1.22856 -1.7782e-08 0)
(1.22856 -4.25041e-08 0)
(1.22856 -3.46846e-08 0)
(1.22856 1.38914e-08 0)
(1.22856 1.10705e-07 0)
(1.22856 2.56497e-07 0)
(1.22856 4.27646e-07 0)
(1.22856 6.12032e-07 0)
(1.22856 7.80729e-07 0)
(1.22856 9.14071e-07 0)
(1.22856 9.96737e-07 0)
(1.22856 1.01168e-06 0)
(1.22856 9.62422e-07 0)
(1.22856 8.43555e-07 0)
(1.22856 6.78545e-07 0)
(1.22856 4.7461e-07 0)
(1.22856 2.49683e-07 0)
(1.22856 2.81203e-08 0)
(1.22856 -1.86025e-07 0)
(1.22856 -3.74992e-07 0)
(1.22856 -5.3244e-07 0)
(1.22856 -6.64198e-07 0)
(1.22856 -7.70279e-07 0)
(1.22856 -8.59414e-07 0)
(1.22856 -9.34721e-07 0)
(1.22856 -1.00475e-06 0)
(1.22856 -1.06555e-06 0)
(1.22856 -1.11759e-06 0)
(1.22856 -1.15745e-06 0)
(1.22856 -1.16441e-06 0)
(1.22856 -1.13558e-06 0)
(1.22856 -1.05092e-06 0)
(1.22856 -8.99165e-07 0)
(1.22857 -6.82596e-07 0)
(1.22857 -3.94119e-07 0)
(1.22857 -4.8597e-08 0)
(1.22857 3.42131e-07 0)
(1.22857 7.52665e-07 0)
(1.22856 1.15097e-06 0)
(1.22856 1.50479e-06 0)
(1.22856 1.78962e-06 0)
(1.22856 1.96798e-06 0)
(1.22856 2.01635e-06 0)
(1.22856 1.91538e-06 0)
(1.22856 1.658e-06 0)
(1.22856 1.2571e-06 0)
(1.22856 7.31029e-07 0)
(1.22856 1.17101e-07 0)
(1.22856 -5.33518e-07 0)
(1.22856 -1.16051e-06 0)
(1.22856 -1.69679e-06 0)
(1.22856 -2.08782e-06 0)
(1.22856 -2.28353e-06 0)
(1.22856 -2.25472e-06 0)
(1.22856 -2.00107e-06 0)
(1.22856 -1.5438e-06 0)
(1.22856 -9.52098e-07 0)
(1.22857 -3.05185e-07 0)
(1.22857 3.05601e-07 0)
(1.22857 7.88145e-07 0)
(1.22856 1.08005e-06 0)
(1.22856 1.14268e-06 0)
(1.22856 9.92992e-07 0)
(1.22856 7.05341e-07 0)
(1.22856 3.72791e-07 0)
(1.22856 1.42659e-07 0)
(1.22856 1.13632e-07 0)
(1.22856 4.53664e-07 0)
(1.22856 1.09257e-06 0)
(1.22856 2.25191e-06 0)
(1.22856 2.85894e-06 0)
(1.04101 0.120952 0)
(1.13969 0.172363 0)
(1.20769 0.16916 0)
(1.2529 0.126665 0)
(1.27164 0.0870568 0)
(1.28211 0.0552265 0)
(1.28592 0.0334365 0)
(1.2878 0.019343 0)
(1.28836 0.0107363 0)
(1.28856 0.00567955 0)
(1.28855 0.00282761 0)
(1.2885 0.00128606 0)
(1.28843 0.00049675 0)
(1.28838 0.000122355 0)
(1.28833 -3.3745e-05 0)
(1.2883 -8.23446e-05 0)
(1.28829 -8.32841e-05 0)
(1.28828 -6.70882e-05 0)
(1.28827 -4.7999e-05 0)
(1.28827 -3.16847e-05 0)
(1.28826 -1.96159e-05 0)
(1.28826 -1.14575e-05 0)
(1.28826 -6.30486e-06 0)
(1.28826 -3.23649e-06 0)
(1.28826 -1.51201e-06 0)
(1.28826 -6.11282e-07 0)
(1.28827 -1.88406e-07 0)
(1.28827 -2.61622e-08 0)
(1.28827 -2.87548e-09 0)
(1.28827 -2.73989e-08 0)
(1.28827 -5.25026e-08 0)
(1.28827 -4.18827e-08 0)
(1.28827 1.51352e-08 0)
(1.28827 1.23565e-07 0)
(1.28827 2.85557e-07 0)
(1.28827 4.76999e-07 0)
(1.28826 6.81492e-07 0)
(1.28826 8.70101e-07 0)
(1.28826 1.01895e-06 0)
(1.28826 1.11036e-06 0)
(1.28826 1.12751e-06 0)
(1.28826 1.07389e-06 0)
(1.28826 9.43341e-07 0)
(1.28826 7.59416e-07 0)
(1.28826 5.33458e-07 0)
(1.28826 2.82517e-07 0)
(1.28826 3.50424e-08 0)
(1.28826 -2.02955e-07 0)
(1.28826 -4.14989e-07 0)
(1.28826 -5.92427e-07 0)
(1.28826 -7.4035e-07 0)
(1.28826 -8.60453e-07 0)
(1.28826 -9.60975e-07 0)
(1.28826 -1.04553e-06 0)
(1.28826 -1.12397e-06 0)
(1.28826 -1.19311e-06 0)
(1.28826 -1.25055e-06 0)
(1.28827 -1.29399e-06 0)
(1.28827 -1.30132e-06 0)
(1.28827 -1.26736e-06 0)
(1.28827 -1.17277e-06 0)
(1.28827 -1.00298e-06 0)
(1.28827 -7.60433e-07 0)
(1.28827 -4.39066e-07 0)
(1.28827 -5.45196e-08 0)
(1.28827 3.78973e-07 0)
(1.28827 8.35754e-07 0)
(1.28827 1.28008e-06 0)
(1.28827 1.67444e-06 0)
(1.28827 1.99043e-06 0)
(1.28826 2.18939e-06 0)
(1.28826 2.24497e-06 0)
(1.28826 2.13462e-06 0)
(1.28826 1.84919e-06 0)
(1.28826 1.40359e-06 0)
(1.28826 8.19797e-07 0)
(1.28826 1.37666e-07 0)
(1.28826 -5.8495e-07 0)
(1.28826 -1.28343e-06 0)
(1.28826 -1.88245e-06 0)
(1.28826 -2.31859e-06 0)
(1.28826 -2.53801e-06 0)
(1.28826 -2.50861e-06 0)
(1.28827 -2.22964e-06 0)
(1.28827 -1.72539e-06 0)
(1.28827 -1.06949e-06 0)
(1.28827 -3.50501e-07 0)
(1.28827 3.27377e-07 0)
(1.28827 8.63788e-07 0)
(1.28827 1.19033e-06 0)
(1.28827 1.26465e-06 0)
(1.28827 1.10423e-06 0)
(1.28827 7.88002e-07 0)
(1.28827 4.23775e-07 0)
(1.28827 1.70393e-07 0)
(1.28827 1.36578e-07 0)
(1.28827 5.06273e-07 0)
(1.28826 1.19152e-06 0)
(1.28826 2.44381e-06 0)
(1.28826 3.07773e-06 0)
(1.03401 0.0993832 0)
(1.12883 0.151021 0)
(1.21007 0.152836 0)
(1.26912 0.117177 0)
(1.30078 0.081858 0)
(1.32029 0.0525471 0)
(1.33011 0.0320893 0)
(1.33564 0.0186867 0)
(1.33833 0.0104296 0)
(1.33971 0.00554659 0)
(1.34032 0.00277836 0)
(1.34056 0.00127484 0)
(1.34063 0.000500932 0)
(1.34062 0.000131177 0)
(1.34059 -2.49641e-05 0)
(1.34055 -7.52929e-05 0)
(1.34052 -7.82528e-05 0)
(1.3405 -6.37992e-05 0)
(1.34049 -4.60132e-05 0)
(1.34048 -3.05811e-05 0)
(1.34048 -1.90612e-05 0)
(1.34047 -1.1218e-05 0)
(1.34047 -6.22794e-06 0)
(1.34047 -3.23081e-06 0)
(1.34047 -1.53007e-06 0)
(1.34047 -6.32471e-07 0)
(1.34047 -2.06798e-07 0)
(1.34047 -4.06156e-08 0)
(1.34047 -1.41076e-08 0)
(1.34047 -3.81031e-08 0)
(1.34047 -6.274e-08 0)
(1.34047 -4.9682e-08 0)
(1.34047 1.55724e-08 0)
(1.34047 1.35716e-07 0)
(1.34047 3.126e-07 0)
(1.34047 5.22966e-07 0)
(1.34047 7.46013e-07 0)
(1.34047 9.52628e-07 0)
(1.34047 1.1163e-06 0)
(1.34047 1.2164e-06 0)
(1.34047 1.23543e-06 0)
(1.34047 1.17755e-06 0)
(1.34047 1.03677e-06 0)
(1.34047 8.35427e-07 0)
(1.34047 5.89216e-07 0)
(1.34047 3.14186e-07 0)
(1.34047 4.20147e-08 0)
(1.34047 -2.18122e-07 0)
(1.34047 -4.51484e-07 0)
(1.34047 -6.47832e-07 0)
(1.34047 -8.11232e-07 0)
(1.34047 -9.44478e-07 0)
(1.34047 -1.05589e-06 0)
(1.34047 -1.14936e-06 0)
(1.34047 -1.23501e-06 0)
(1.34047 -1.3121e-06 0)
(1.34047 -1.37506e-06 0)
(1.34047 -1.42146e-06 0)
(1.34047 -1.42897e-06 0)
(1.34047 -1.38979e-06 0)
(1.34047 -1.28595e-06 0)
(1.34047 -1.09995e-06 0)
(1.34047 -8.33281e-07 0)
(1.34047 -4.81377e-07 0)
(1.34047 -6.03271e-08 0)
(1.34047 4.12623e-07 0)
(1.34047 9.11842e-07 0)
(1.34047 1.39873e-06 0)
(1.34047 1.83151e-06 0)
(1.34047 2.177e-06 0)
(1.34047 2.39465e-06 0)
(1.34047 2.4567e-06 0)
(1.34047 2.33848e-06 0)
(1.34047 2.02785e-06 0)
(1.34047 1.54084e-06 0)
(1.34047 9.03603e-07 0)
(1.34047 1.58144e-07 0)
(1.34047 -6.31265e-07 0)
(1.34047 -1.39538e-06 0)
(1.34047 -2.05301e-06 0)
(1.34047 -2.53231e-06 0)
(1.34047 -2.77383e-06 0)
(1.34047 -2.7443e-06 0)
(1.34047 -2.44245e-06 0)
(1.34047 -1.89475e-06 0)
(1.34047 -1.18071e-06 0)
(1.34047 -3.95135e-07 0)
(1.34047 3.45933e-07 0)
(1.34047 9.32301e-07 0)
(1.34047 1.29099e-06 0)
(1.34047 1.37667e-06 0)
(1.34047 1.20742e-06 0)
(1.34047 8.65897e-07 0)
(1.34047 4.72085e-07 0)
(1.34047 1.97096e-07 0)
(1.34047 1.58384e-07 0)
(1.34047 5.53088e-07 0)
(1.34047 1.2782e-06 0)
(1.34047 2.60941e-06 0)
(1.34047 3.26838e-06 0)
(1.02808 0.0800853 0)
(1.11855 0.128607 0)
(1.20966 0.133587 0)
(1.28034 0.104513 0)
(1.3235 0.0740437 0)
(1.35139 0.0480234 0)
(1.36692 0.0295483 0)
(1.37599 0.0173071 0)
(1.38079 0.00970646 0)
(1.38334 0.00518591 0)
(1.38457 0.00261146 0)
(1.38513 0.00120732 0)
(1.38533 0.000481262 0)
(1.38538 0.000132211 0)
(1.38536 -1.67913e-05 0)
(1.38532 -6.62038e-05 0)
(1.38528 -7.06659e-05 0)
(1.38525 -5.82914e-05 0)
(1.38522 -4.23804e-05 0)
(1.38521 -2.83699e-05 0)
(1.3852 -1.78148e-05 0)
(1.3852 -1.05733e-05 0)
(1.38519 -5.92947e-06 0)
(1.38519 -3.113e-06 0)
(1.38519 -1.49603e-06 0)
(1.38519 -6.32347e-07 0)
(1.38519 -2.18597e-07 0)
(1.38519 -5.47452e-08 0)
(1.38519 -2.68337e-08 0)
(1.38519 -5.00056e-08 0)
(1.38519 -7.31162e-08 0)
(1.38519 -5.75696e-08 0)
(1.38519 1.51954e-08 0)
(1.38519 1.46662e-07 0)
(1.38519 3.36976e-07 0)
(1.38519 5.64401e-07 0)
(1.38519 8.04312e-07 0)
(1.38519 1.02674e-06 0)
(1.38519 1.20376e-06 0)
(1.38519 1.31219e-06 0)
(1.38519 1.33317e-06 0)
(1.38519 1.2712e-06 0)
(1.38519 1.12155e-06 0)
(1.38519 9.04712e-07 0)
(1.38519 6.40273e-07 0)
(1.38519 3.43842e-07 0)
(1.38519 4.89554e-08 0)
(1.38519 -2.31354e-07 0)
(1.38519 -4.8387e-07 0)
(1.38519 -6.97525e-07 0)
(1.38519 -8.75242e-07 0)
(1.38519 -1.02046e-06 0)
(1.38519 -1.14171e-06 0)
(1.38519 -1.24389e-06 0)
(1.38519 -1.33568e-06 0)
(1.38519 -1.41955e-06 0)
(1.38519 -1.48797e-06 0)
(1.38519 -1.5369e-06 0)
(1.38519 -1.54455e-06 0)
(1.38519 -1.50017e-06 0)
(1.38519 -1.38773e-06 0)
(1.3852 -1.18761e-06 0)
(1.3852 -8.994e-07 0)
(1.3852 -5.20123e-07 0)
(1.3852 -6.58579e-08 0)
(1.3852 4.4252e-07 0)
(1.3852 9.79632e-07 0)
(1.3852 1.50463e-06 0)
(1.38519 1.97225e-06 0)
(1.38519 2.34513e-06 0)
(1.38519 2.57962e-06 0)
(1.38519 2.647e-06 0)
(1.38519 2.52216e-06 0)
(1.38519 2.18976e-06 0)
(1.38519 1.66563e-06 0)
(1.38519 9.80344e-07 0)
(1.38519 1.77934e-07 0)
(1.38519 -6.71905e-07 0)
(1.38519 -1.49479e-06 0)
(1.38519 -2.2048e-06 0)
(1.38519 -2.72424e-06 0)
(1.38519 -2.9863e-06 0)
(1.38519 -2.95644e-06 0)
(1.38519 -2.63481e-06 0)
(1.38519 -2.04804e-06 0)
(1.3852 -1.28216e-06 0)
(1.3852 -4.37783e-07 0)
(1.3852 3.61028e-07 0)
(1.3852 9.92956e-07 0)
(1.3852 1.38028e-06 0)
(1.38519 1.47674e-06 0)
(1.38519 1.2999e-06 0)
(1.38519 9.36959e-07 0)
(1.38519 5.16622e-07 0)
(1.38519 2.21512e-07 0)
(1.38519 1.7817e-07 0)
(1.38519 5.92766e-07 0)
(1.38519 1.35143e-06 0)
(1.38519 2.74671e-06 0)
(1.38519 3.4284e-06 0)
(1.02326 0.0627702 0)
(1.10944 0.105574 0)
(1.20768 0.112048 0)
(1.28781 0.0891539 0)
(1.3408 0.06391 0)
(1.3761 0.0418131 0)
(1.3968 0.0258919 0)
(1.40913 0.0152405 0)
(1.41588 0.00858273 0)
(1.41953 0.00460362 0)
(1.42135 0.00232872 0)
(1.42221 0.00108355 0)
(1.42255 0.000437198 0)
(1.42265 0.000124816 0)
(1.42264 -9.77703e-06 0)
(1.4226 -5.54886e-05 0)
(1.42255 -6.08035e-05 0)
(1.42251 -5.07434e-05 0)
(1.42248 -3.72061e-05 0)
(1.42247 -2.51091e-05 0)
(1.42245 -1.59066e-05 0)
(1.42245 -9.537e-06 0)
(1.42244 -5.41351e-06 0)
(1.42244 -2.88337e-06 0)
(1.42244 -1.4093e-06 0)
(1.42244 -6.09807e-07 0)
(1.42244 -2.22587e-07 0)
(1.42244 -6.76208e-08 0)
(1.42244 -4.03806e-08 0)
(1.42244 -6.27844e-08 0)
(1.42244 -8.35085e-08 0)
(1.42244 -6.51192e-08 0)
(1.42244 1.4164e-08 0)
(1.42244 1.55982e-07 0)
(1.42244 3.58064e-07 0)
(1.42244 6.00272e-07 0)
(1.42244 8.55136e-07 0)
(1.42244 1.09102e-06 0)
(1.42244 1.27941e-06 0)
(1.42244 1.39535e-06 0)
(1.42244 1.41848e-06 0)
(1.42244 1.35294e-06 0)
(1.42244 1.19562e-06 0)
(1.42244 9.65525e-07 0)
(1.42244 6.85171e-07 0)
(1.42244 3.70474e-07 0)
(1.42244 5.57286e-08 0)
(1.42244 -2.42466e-07 0)
(1.42244 -5.1161e-07 0)
(1.42244 -7.40527e-07 0)
(1.42244 -9.3092e-07 0)
(1.42244 -1.08677e-06 0)
(1.42244 -1.21632e-06 0)
(1.42244 -1.32672e-06 0)
(1.42244 -1.42402e-06 0)
(1.42244 -1.51305e-06 0)
(1.42244 -1.58639e-06 0)
(1.42244 -1.63753e-06 0)
(1.42244 -1.64545e-06 0)
(1.42244 -1.59612e-06 0)
(1.42244 -1.47576e-06 0)
(1.42244 -1.26372e-06 0)
(1.42244 -9.57118e-07 0)
(1.42244 -5.54407e-07 0)
(1.42244 -7.09009e-08 0)
(1.42244 4.68229e-07 0)
(1.42244 1.03787e-06 0)
(1.42244 1.59597e-06 0)
(1.42244 2.09364e-06 0)
(1.42244 2.49091e-06 0)
(1.42244 2.7405e-06 0)
(1.42244 2.81201e-06 0)
(1.42244 2.68142e-06 0)
(1.42244 2.331e-06 0)
(1.42244 1.77498e-06 0)
(1.42244 1.04794e-06 0)
(1.42244 1.96244e-07 0)
(1.42244 -7.06237e-07 0)
(1.42244 -1.58039e-06 0)
(1.42244 -2.33509e-06 0)
(1.42244 -2.89e-06 0)
(1.42244 -3.17116e-06 0)
(1.42244 -3.14052e-06 0)
(1.42244 -2.80204e-06 0)
(1.42244 -2.18202e-06 0)
(1.42244 -1.37078e-06 0)
(1.42244 -4.76585e-07 0)
(1.42244 3.72387e-07 0)
(1.42244 1.04505e-06 0)
(1.42244 1.45673e-06 0)
(1.42244 1.56299e-06 0)
(1.42244 1.37965e-06 0)
(1.42244 9.98852e-07 0)
(1.42244 5.56256e-07 0)
(1.42244 2.42782e-07 0)
(1.42244 1.94999e-07 0)
(1.42244 6.24414e-07 0)
(1.42244 1.41007e-06 0)
(1.42244 2.85467e-06 0)
(1.42244 3.55597e-06 0)
(1.0195 0.0471023 0)
(1.10187 0.0822265 0)
(1.20506 0.0887762 0)
(1.29255 0.0715974 0)
(1.35355 0.0518124 0)
(1.39505 0.0341375 0)
(1.42015 0.0212487 0)
(1.4353 0.0125579 0)
(1.44375 0.00709607 0)
(1.44837 0.00381871 0)
(1.45072 0.00193909 0)
(1.45184 0.000907298 0)
(1.45231 0.000369974 0)
(1.45245 0.000109099 0)
(1.45246 -4.23088e-06 0)
(1.45242 -4.3544e-05 0)
(1.45236 -4.90126e-05 0)
(1.45231 -4.14144e-05 0)
(1.45228 -3.06664e-05 0)
(1.45226 -2.0908e-05 0)
(1.45224 -1.34006e-05 0)
(1.45224 -8.14437e-06 0)
(1.45223 -4.69727e-06 0)
(1.45223 -2.54902e-06 0)
(1.45223 -1.27281e-06 0)
(1.45223 -5.65759e-07 0)
(1.45223 -2.18399e-07 0)
(1.45223 -7.84977e-08 0)
(1.45223 -5.40565e-08 0)
(1.45223 -7.58758e-08 0)
(1.45223 -9.37007e-08 0)
(1.45223 -7.20708e-08 0)
(1.45223 1.26663e-08 0)
(1.45223 1.63411e-07 0)
(1.45223 3.75407e-07 0)
(1.45223 6.29731e-07 0)
(1.45223 8.97332e-07 0)
(1.45223 1.14428e-06 0)
(1.45223 1.34173e-06 0)
(1.45223 1.46396e-06 0)
(1.45223 1.48931e-06 0)
(1.45223 1.42108e-06 0)
(1.45223 1.25723e-06 0)
(1.45223 1.01626e-06 0)
(1.45223 7.22733e-07 0)
(1.45223 3.93116e-07 0)
(1.45223 6.20436e-08 0)
(1.45223 -2.51292e-07 0)
(1.45223 -5.3426e-07 0)
(1.45223 -7.76029e-07 0)
(1.45223 -9.77012e-07 0)
(1.45223 -1.14205e-06 0)
(1.45223 -1.27812e-06 0)
(1.45223 -1.39561e-06 0)
(1.45223 -1.49813e-06 0)
(1.45223 -1.59076e-06 0)
(1.45223 -1.66791e-06 0)
(1.45223 -1.7208e-06 0)
(1.45223 -1.72928e-06 0)
(1.45223 -1.67561e-06 0)
(1.45223 -1.54811e-06 0)
(1.45223 -1.32632e-06 0)
(1.45223 -1.00485e-06 0)
(1.45223 -5.83393e-07 0)
(1.45223 -7.52996e-08 0)
(1.45223 4.89528e-07 0)
(1.45223 1.08546e-06 0)
(1.45223 1.6711e-06 0)
(1.45223 2.1934e-06 0)
(1.45223 2.611e-06 0)
(1.45223 2.8738e-06 0)
(1.45223 2.94846e-06 0)
(1.45223 2.81276e-06 0)
(1.45223 2.4481e-06 0)
(1.45223 1.86622e-06 0)
(1.45223 1.10454e-06 0)
(1.45223 2.12136e-07 0)
(1.45223 -7.33751e-07 0)
(1.45223 -1.6509e-06 0)
(1.45223 -2.44195e-06 0)
(1.45223 -3.02586e-06 0)
(1.45223 -3.32441e-06 0)
(1.45223 -3.29301e-06 0)
(1.45223 -2.94e-06 0)
(1.45223 -2.29355e-06 0)
(1.45223 -1.44438e-06 0)
(1.45223 -5.09518e-07 0)
(1.45223 3.80056e-07 0)
(1.45223 1.08778e-06 0)
(1.45223 1.51929e-06 0)
(1.45223 1.63362e-06 0)
(1.45223 1.44529e-06 0)
(1.45223 1.0496e-06 0)
(1.45223 5.89536e-07 0)
(1.45223 2.6046e-07 0)
(1.45223 2.08088e-07 0)
(1.45223 6.47567e-07 0)
(1.45223 1.45312e-06 0)
(1.45223 2.93277e-06 0)
(1.45223 3.65003e-06 0)
(1.01676 0.0327232 0)
(1.09605 0.0587507 0)
(1.20253 0.0642474 0)
(1.29539 0.0523431 0)
(1.36245 0.0381496 0)
(1.40876 0.0252697 0)
(1.43733 0.0157911 0)
(1.45471 0.00936157 0)
(1.46452 0.00530409 0)
(1.46993 0.00286212 0)
(1.4727 0.00145825 0)
(1.47404 0.000685877 0)
(1.47461 0.000282559 0)
(1.4748 8.59232e-05 0)
(1.47482 -2.00694e-07 0)
(1.47477 -3.07284e-05 0)
(1.47471 -3.56888e-05 0)
(1.47466 -3.0632e-05 0)
(1.47462 -2.2998e-05 0)
(1.47459 -1.59221e-05 0)
(1.47458 -1.03913e-05 0)
(1.47457 -6.45004e-06 0)
(1.47456 -3.8102e-06 0)
(1.47456 -2.1238e-06 0)
(1.47456 -1.0926e-06 0)
(1.47456 -5.029e-07 0)
(1.47456 -2.06714e-07 0)
(1.47456 -8.69634e-08 0)
(1.47456 -6.72779e-08 0)
(1.47456 -8.87545e-08 0)
(1.47456 -1.03465e-07 0)
(1.47456 -7.83092e-08 0)
(1.47456 1.08404e-08 0)
(1.47456 1.68797e-07 0)
(1.47456 3.88746e-07 0)
(1.47456 6.52203e-07 0)
(1.47456 9.29868e-07 0)
(1.47456 1.18547e-06 0)
(1.47456 1.38958e-06 0)
(1.47456 1.51658e-06 0)
(1.47456 1.54394e-06 0)
(1.47456 1.47409e-06 0)
(1.47456 1.30505e-06 0)
(1.47456 1.05552e-06 0)
(1.47456 7.52001e-07 0)
(1.47456 4.11039e-07 0)
(1.47456 6.74911e-08 0)
(1.47456 -2.57755e-07 0)
(1.47456 -5.51476e-07 0)
(1.47456 -8.03391e-07 0)
(1.47456 -1.01254e-06 0)
(1.47456 -1.18508e-06 0)
(1.47456 -1.32599e-06 0)
(1.47456 -1.44876e-06 0)
(1.47456 -1.55613e-06 0)
(1.47456 -1.65123e-06 0)
(1.47456 -1.7307e-06 0)
(1.47456 -1.78461e-06 0)
(1.47456 -1.79392e-06 0)
(1.47456 -1.7369e-06 0)
(1.47456 -1.60332e-06 0)
(1.47456 -1.37389e-06 0)
(1.47456 -1.04117e-06 0)
(1.47456 -6.06236e-07 0)
(1.47456 -7.90474e-08 0)
(1.47456 5.06276e-07 0)
(1.47456 1.12168e-06 0)
(1.47456 1.72851e-06 0)
(1.47456 2.26978e-06 0)
(1.47456 2.70283e-06 0)
(1.47456 2.97646e-06 0)
(1.47456 3.05363e-06 0)
(1.47456 2.9134e-06 0)
(1.47456 2.53811e-06 0)
(1.47456 1.937e-06 0)
(1.47456 1.14866e-06 0)
(1.47456 2.24756e-07 0)
(1.47456 -7.54218e-07 0)
(1.47456 -1.70503e-06 0)
(1.47456 -2.52399e-06 0)
(1.47456 -3.12918e-06 0)
(1.47456 -3.44227e-06 0)
(1.47456 -3.4111e-06 0)
(1.47456 -3.04565e-06 0)
(1.47456 -2.37954e-06 0)
(1.47456 -1.50136e-06 0)
(1.47456 -5.34967e-07 0)
(1.47456 3.84586e-07 0)
(1.47456 1.12025e-06 0)
(1.47456 1.56728e-06 0)
(1.47456 1.68711e-06 0)
(1.47456 1.49566e-06 0)
(1.47456 1.08804e-06 0)
(1.47456 6.14876e-07 0)
(1.47456 2.74123e-07 0)
(1.47456 2.16985e-07 0)
(1.47456 6.62116e-07 0)
(1.47456 1.47991e-06 0)
(1.47456 2.98077e-06 0)
(1.47456 3.71023e-06 0)
(1.01497 0.0192657 0)
(1.09211 0.0352453 0)
(1.20057 0.0388722 0)
(1.29694 0.0318847 0)
(1.36808 0.0233499 0)
(1.41766 0.0155222 0)
(1.44861 0.00972622 0)
(1.46754 0.00577894 0)
(1.47831 0.00328118 0)
(1.48426 0.00177498 0)
(1.48734 0.00090769 0)
(1.48883 0.000429706 0)
(1.48947 0.000179459 0)
(1.48969 5.68349e-05 0)
(1.48972 2.51542e-06 0)
(1.48967 -1.73519e-05 0)
(1.48961 -2.12594e-05 0)
(1.48955 -1.87764e-05 0)
(1.48951 -1.44859e-05 0)
(1.48948 -1.03446e-05 0)
(1.48946 -6.99906e-06 0)
(1.48945 -4.5241e-06 0)
(1.48945 -2.79122e-06 0)
(1.48945 -1.6273e-06 0)
(1.48944 -8.77219e-07 0)
(1.48944 -4.24918e-07 0)
(1.48944 -1.88974e-07 0)
(1.48944 -9.30255e-08 0)
(1.48944 -7.95641e-08 0)
(1.48944 -1.00996e-07 0)
(1.48944 -1.12649e-07 0)
(1.48944 -8.38408e-08 0)
(1.48944 8.77569e-09 0)
(1.48944 1.72027e-07 0)
(1.48944 3.97897e-07 0)
(1.48944 6.67416e-07 0)
(1.48944 9.51886e-07 0)
(1.48944 1.21373e-06 0)
(1.48944 1.42217e-06 0)
(1.48944 1.55225e-06 0)
(1.48944 1.58103e-06 0)
(1.48944 1.51061e-06 0)
(1.48944 1.33815e-06 0)
(1.48944 1.08231e-06 0)
(1.48944 7.72136e-07 0)
(1.48944 4.23765e-07 0)
(1.48944 7.17011e-08 0)
(1.48944 -2.61876e-07 0)
(1.48944 -5.63037e-07 0)
(1.48944 -8.22118e-07 0)
(1.48944 -1.03679e-06 0)
(1.48944 -1.21487e-06 0)
(1.48944 -1.35914e-06 0)
(1.48944 -1.48499e-06 0)
(1.48944 -1.59634e-06 0)
(1.48944 -1.6932e-06 0)
(1.48944 -1.77354e-06 0)
(1.48944 -1.82745e-06 0)
(1.48944 -1.83762e-06 0)
(1.48944 -1.77852e-06 0)
(1.48944 -1.64035e-06 0)
(1.48944 -1.40545e-06 0)
(1.48944 -1.06498e-06 0)
(1.48944 -6.22013e-07 0)
(1.48944 -8.21976e-08 0)
(1.48944 5.18181e-07 0)
(1.48944 1.14622e-06 0)
(1.48944 1.76698e-06 0)
(1.48944 2.32139e-06 0)
(1.48944 2.7646e-06 0)
(1.48944 3.04604e-06 0)
(1.48944 3.12529e-06 0)
(1.48944 2.9814e-06 0)
(1.48944 2.59885e-06 0)
(1.48944 1.98532e-06 0)
(1.48944 1.17911e-06 0)
(1.48944 2.33522e-07 0)
(1.48944 -7.67644e-07 0)
(1.48944 -1.74165e-06 0)
(1.48944 -2.58003e-06 0)
(1.48944 -3.19847e-06 0)
(1.48944 -3.5217e-06 0)
(1.48944 -3.49219e-06 0)
(1.48944 -3.11722e-06 0)
(1.48944 -2.43745e-06 0)
(1.48944 -1.54025e-06 0)
(1.48944 -5.52011e-07 0)
(1.48944 3.86828e-07 0)
(1.48944 1.14179e-06 0)
(1.48944 1.60013e-06 0)
(1.48944 1.72251e-06 0)
(1.48944 1.52954e-06 0)
(1.48944 1.11373e-06 0)
(1.48944 6.31125e-07 0)
(1.48944 2.83023e-07 0)
(1.48944 2.215e-07 0)
(1.48944 6.68183e-07 0)
(1.48944 1.49038e-06 0)
(1.48944 2.99852e-06 0)
(1.48944 3.7367e-06 0)
(1.01409 0.00636056 0)
(1.09013 0.0117464 0)
(1.19951 0.0130104 0)
(1.29762 0.0107081 0)
(1.37079 0.00786099 0)
(1.42204 0.00523595 0)
(1.4542 0.00328656 0)
(1.47393 0.0019567 0)
(1.48518 0.00111439 0)
(1.49142 0.000606199 0)
(1.49465 0.000313361 0)
(1.49622 0.000151616 0)
(1.4969 6.63913e-05 0)
(1.49714 2.39289e-05 0)
(1.49717 4.32549e-06 0)
(1.49712 -3.67832e-06 0)
(1.49706 -6.16975e-06 0)
(1.497 -6.26468e-06 0)
(1.49696 -5.45078e-06 0)
(1.49693 -4.39554e-06 0)
(1.49691 -3.36286e-06 0)
(1.4969 -2.44796e-06 0)
(1.49689 -1.68541e-06 0)
(1.49689 -1.08298e-06 0)
(1.49689 -6.371e-07 0)
(1.49689 -3.35838e-07 0)
(1.49689 -1.66752e-07 0)
(1.49689 -9.69986e-08 0)
(1.49689 -9.05561e-08 0)
(1.49689 -1.12181e-07 0)
(1.49689 -1.21111e-07 0)
(1.49689 -8.87646e-08 0)
(1.49689 6.52598e-09 0)
(1.49689 1.7302e-07 0)
(1.49689 4.02595e-07 0)
(1.49689 6.75289e-07 0)
(1.49689 9.62858e-07 0)
(1.49689 1.22826e-06 0)
(1.49689 1.43891e-06 0)
(1.49689 1.57043e-06 0)
(1.49689 1.59978e-06 0)
(1.49689 1.52948e-06 0)
(1.49689 1.35587e-06 0)
(1.49689 1.09615e-06 0)
(1.49689 7.82479e-07 0)
(1.49689 4.30924e-07 0)
(1.49689 7.44544e-08 0)
(1.49689 -2.63683e-07 0)
(1.49689 -5.68816e-07 0)
(1.49689 -8.31862e-07 0)
(1.49689 -1.04929e-06 0)
(1.49689 -1.23065e-06 0)
(1.49689 -1.37697e-06 0)
(1.49689 -1.5037e-06 0)
(1.49689 -1.61747e-06 0)
(1.49689 -1.71561e-06 0)
(1.49689 -1.79569e-06 0)
(1.49689 -1.84849e-06 0)
(1.49689 -1.85922e-06 0)
(1.49689 -1.79934e-06 0)
(1.49689 -1.65852e-06 0)
(1.49689 -1.42057e-06 0)
(1.49689 -1.07574e-06 0)
(1.49689 -6.29831e-07 0)
(1.49689 -8.46184e-08 0)
(1.49689 5.2471e-07 0)
(1.49689 1.15898e-06 0)
(1.49689 1.78584e-06 0)
(1.49689 2.34717e-06 0)
(1.49689 2.79526e-06 0)
(1.49689 3.08092e-06 0)
(1.49689 3.16172e-06 0)
(1.49689 3.01549e-06 0)
(1.49689 2.62907e-06 0)
(1.49689 2.00974e-06 0)
(1.49689 1.19496e-06 0)
(1.49689 2.38123e-07 0)
(1.49689 -7.74099e-07 0)
(1.49689 -1.75999e-06 0)
(1.49689 -2.60892e-06 0)
(1.49689 -3.23311e-06 0)
(1.49689 -3.56093e-06 0)
(1.49689 -3.5338e-06 0)
(1.49689 -3.15375e-06 0)
(1.49689 -2.46595e-06 0)
(1.49689 -1.55963e-06 0)
(1.49689 -5.60238e-07 0)
(1.49689 3.87501e-07 0)
(1.49689 1.1521e-06 0)
(1.49689 1.61721e-06 0)
(1.49689 1.73955e-06 0)
(1.49689 1.54579e-06 0)
(1.49689 1.12637e-06 0)
(1.49689 6.38007e-07 0)
(1.49689 2.86243e-07 0)
(1.49689 2.21484e-07 0)
(1.49689 6.65963e-07 0)
(1.49689 1.48509e-06 0)
(1.49689 2.98624e-06 0)
(1.49689 3.72983e-06 0)
(1.01409 -0.00636058 0)
(1.09013 -0.0117463 0)
(1.19951 -0.01301 0)
(1.29762 -0.0107071 0)
(1.37079 -0.00785875 0)
(1.42204 -0.0052318 0)
(1.4542 -0.00327977 0)
(1.47393 -0.00194679 0)
(1.48518 -0.00110129 0)
(1.49142 -0.00059041 0)
(1.49465 -0.000295948 0)
(1.49622 -0.000134025 0)
(1.4969 -5.01548e-05 0)
(1.49714 -1.0347e-05 0)
(1.49717 5.77408e-06 0)
(1.49713 1.00612e-05 0)
(1.49706 9.12582e-06 0)
(1.497 6.46419e-06 0)
(1.49696 3.76547e-06 0)
(1.49693 1.68845e-06 0)
(1.49691 3.66703e-07 0)
(1.4969 -3.10438e-07 0)
(1.49689 -5.41394e-07 0)
(1.49689 -5.16194e-07 0)
(1.49689 -3.83995e-07 0)
(1.49689 -2.39965e-07 0)
(1.49689 -1.41367e-07 0)
(1.49689 -9.92335e-08 0)
(1.49689 -1.00078e-07 0)
(1.49689 -1.21888e-07 0)
(1.49689 -1.28591e-07 0)
(1.49689 -9.31765e-08 0)
(1.49689 4.09999e-09 0)
(1.49689 1.718e-07 0)
(1.49689 4.02513e-07 0)
(1.49689 6.75745e-07 0)
(1.49689 9.62673e-07 0)
(1.49689 1.22854e-06 0)
(1.49689 1.43938e-06 0)
(1.49689 1.57093e-06 0)
(1.49689 1.59995e-06 0)
(1.49689 1.52998e-06 0)
(1.49689 1.35762e-06 0)
(1.49689 1.09704e-06 0)
(1.49689 7.82766e-07 0)
(1.49689 4.32187e-07 0)
(1.49689 7.56394e-08 0)
(1.49689 -2.63129e-07 0)
(1.49689 -5.68707e-07 0)
(1.49689 -8.32449e-07 0)
(1.49689 -1.04976e-06 0)
(1.49689 -1.23193e-06 0)
(1.49689 -1.37901e-06 0)
(1.49689 -1.50475e-06 0)
(1.49689 -1.61887e-06 0)
(1.49689 -1.71764e-06 0)
(1.49689 -1.79676e-06 0)
(1.49689 -1.84752e-06 0)
(1.49689 -1.85826e-06 0)
(1.49689 -1.79869e-06 0)
(1.49689 -1.65739e-06 0)
(1.49689 -1.41916e-06 0)
(1.49689 -1.07347e-06 0)
(1.49689 -6.29107e-07 0)
(1.49689 -8.58486e-08 0)
(1.49689 5.25316e-07 0)
(1.49689 1.15979e-06 0)
(1.49689 1.785e-06 0)
(1.49689 2.34656e-06 0)
(1.49689 2.79435e-06 0)
(1.49689 3.0804e-06 0)
(1.49689 3.16187e-06 0)
(1.49689 3.01498e-06 0)
(1.49689 2.62834e-06 0)
(1.49689 2.00956e-06 0)
(1.49689 1.19554e-06 0)
(1.49689 2.38388e-07 0)
(1.49689 -7.73609e-07 0)
(1.49689 -1.75978e-06 0)
(1.49689 -2.60982e-06 0)
(1.49689 -3.23285e-06 0)
(1.49689 -3.5597e-06 0)
(1.49689 -3.53418e-06 0)
(1.49689 -3.15438e-06 0)
(1.49689 -2.46501e-06 0)
(1.49689 -1.55859e-06 0)
(1.49689 -5.59372e-07 0)
(1.49689 3.86916e-07 0)
(1.49689 1.15129e-06 0)
(1.49689 1.61781e-06 0)
(1.49689 1.73838e-06 0)
(1.49689 1.54384e-06 0)
(1.49689 1.12538e-06 0)
(1.49689 6.35965e-07 0)
(1.49689 2.83248e-07 0)
(1.49689 2.16737e-07 0)
(1.49689 6.55577e-07 0)
(1.49689 1.46502e-06 0)
(1.49689 2.94479e-06 0)
(1.49689 3.69025e-06 0)
(1.01497 -0.0192657 0)
(1.09211 -0.0352452 0)
(1.20057 -0.0388719 0)
(1.29694 -0.0318837 0)
(1.36808 -0.0233477 0)
(1.41766 -0.0155181 0)
(1.44861 -0.00971951 0)
(1.46754 -0.00576915 0)
(1.47831 -0.00326823 0)
(1.48427 -0.00175938 0)
(1.48734 -0.000890484 0)
(1.48884 -0.000412325 0)
(1.48948 -0.000163421 0)
(1.4897 -4.34214e-05 0)
(1.48973 7.4548e-06 0)
(1.48968 2.3648e-05 0)
(1.48962 2.41701e-05 0)
(1.48956 1.89643e-05 0)
(1.48952 1.2813e-05 0)
(1.48949 7.66447e-06 0)
(1.48947 4.03488e-06 0)
(1.48946 1.79647e-06 0)
(1.48946 5.90333e-07 0)
(1.48946 4.71513e-08 0)
(1.48945 -1.30298e-07 0)
(1.48945 -1.42153e-07 0)
(1.48945 -1.14089e-07 0)
(1.48945 -9.9951e-08 0)
(1.48945 -1.08126e-07 0)
(1.48945 -1.29847e-07 0)
(1.48945 -1.34702e-07 0)
(1.48945 -9.70304e-08 0)
(1.48945 1.44963e-09 0)
(1.48945 1.68502e-07 0)
(1.48945 3.97451e-07 0)
(1.48945 6.68626e-07 0)
(1.48945 9.51553e-07 0)
(1.48945 1.21452e-06 0)
(1.48945 1.42328e-06 0)
(1.48945 1.55371e-06 0)
(1.48945 1.58185e-06 0)
(1.48945 1.51201e-06 0)
(1.48945 1.343e-06 0)
(1.48945 1.08513e-06 0)
(1.48945 7.73234e-07 0)
(1.48945 4.27381e-07 0)
(1.48945 7.51498e-08 0)
(1.48945 -2.60144e-07 0)
(1.48945 -5.62583e-07 0)
(1.48945 -8.23864e-07 0)
(1.48945 -1.03823e-06 0)
(1.48945 -1.21859e-06 0)
(1.48945 -1.36499e-06 0)
(1.48945 -1.48833e-06 0)
(1.48945 -1.60055e-06 0)
(1.48945 -1.69891e-06 0)
(1.48945 -1.77672e-06 0)
(1.48945 -1.82487e-06 0)
(1.48945 -1.835e-06 0)
(1.48945 -1.77649e-06 0)
(1.48945 -1.63686e-06 0)
(1.48945 -1.40136e-06 0)
(1.48945 -1.05861e-06 0)
(1.48945 -6.19816e-07 0)
(1.48945 -8.52632e-08 0)
(1.48945 5.19784e-07 0)
(1.48945 1.14831e-06 0)
(1.48945 1.76478e-06 0)
(1.48945 2.31958e-06 0)
(1.48945 2.76192e-06 0)
(1.48945 3.04463e-06 0)
(1.48945 3.12556e-06 0)
(1.48945 2.9797e-06 0)
(1.48945 2.59691e-06 0)
(1.48945 1.98492e-06 0)
(1.48945 1.1807e-06 0)
(1.48945 2.34239e-07 0)
(1.48945 -7.66177e-07 0)
(1.48945 -1.74105e-06 0)
(1.48945 -2.58237e-06 0)
(1.48945 -3.19755e-06 0)
(1.48945 -3.51888e-06 0)
(1.48945 -3.49308e-06 0)
(1.48945 -3.1183e-06 0)
(1.48945 -2.43533e-06 0)
(1.48945 -1.53732e-06 0)
(1.48945 -5.49225e-07 0)
(1.48945 3.85076e-07 0)
(1.48945 1.13961e-06 0)
(1.48945 1.60143e-06 0)
(1.48945 1.71921e-06 0)
(1.48945 1.52398e-06 0)
(1.48945 1.11009e-06 0)
(1.48945 6.25541e-07 0)
(1.48945 2.74298e-07 0)
(1.48945 2.07189e-07 0)
(1.48945 6.37069e-07 0)
(1.48945 1.43118e-06 0)
(1.48945 2.87574e-06 0)
(1.48945 3.61891e-06 0)
(1.01676 -0.0327233 0)
(1.09605 -0.0587507 0)
(1.20253 -0.064247 0)
(1.29539 -0.0523421 0)
(1.36245 -0.0381474 0)
(1.40876 -0.0252657 0)
(1.43733 -0.0157846 0)
(1.45471 -0.00935201 0)
(1.46452 -0.00529145 0)
(1.46993 -0.00284689 0)
(1.47271 -0.00144145 0)
(1.47405 -0.000668914 0)
(1.47462 -0.000266913 0)
(1.47481 -7.28428e-05 0)
(1.47483 9.91551e-06 0)
(1.47479 3.68528e-05 0)
(1.47473 3.85084e-05 0)
(1.47468 3.07961e-05 0)
(1.47464 2.13484e-05 0)
(1.47461 1.32937e-05 0)
(1.47459 7.48968e-06 0)
(1.47458 3.78222e-06 0)
(1.47458 1.65944e-06 0)
(1.47458 5.81413e-07 0)
(1.47457 1.11732e-07 0)
(1.47457 -4.77134e-08 0)
(1.47457 -8.65521e-08 0)
(1.47457 -9.93361e-08 0)
(1.47457 -1.14744e-07 0)
(1.47457 -1.36039e-07 0)
(1.47457 -1.3913e-07 0)
(1.47457 -1.00092e-07 0)
(1.47457 -1.47815e-09 0)
(1.47457 1.63295e-07 0)
(1.47457 3.87506e-07 0)
(1.47457 6.53823e-07 0)
(1.47457 9.29862e-07 0)
(1.47457 1.1867e-06 0)
(1.47457 1.39076e-06 0)
(1.47457 1.51887e-06 0)
(1.47458 1.54607e-06 0)
(1.47458 1.47623e-06 0)
(1.47458 1.312e-06 0)
(1.47458 1.06055e-06 0)
(1.47458 7.54453e-07 0)
(1.47458 4.16663e-07 0)
(1.47458 7.28897e-08 0)
(1.47458 -2.54767e-07 0)
(1.47458 -5.50376e-07 0)
(1.47458 -8.06209e-07 0)
(1.47458 -1.01503e-06 0)
(1.47458 -1.19091e-06 0)
(1.47458 -1.33496e-06 0)
(1.47458 -1.45484e-06 0)
(1.47457 -1.56318e-06 0)
(1.47457 -1.65966e-06 0)
(1.47457 -1.73587e-06 0)
(1.47457 -1.78119e-06 0)
(1.47457 -1.79023e-06 0)
(1.47457 -1.73327e-06 0)
(1.47457 -1.59721e-06 0)
(1.47457 -1.3675e-06 0)
(1.47457 -1.03177e-06 0)
(1.47457 -6.02476e-07 0)
(1.47457 -8.24436e-08 0)
(1.47457 5.08385e-07 0)
(1.47457 1.12426e-06 0)
(1.47457 1.72566e-06 0)
(1.47457 2.26689e-06 0)
(1.47457 2.69858e-06 0)
(1.47457 2.97449e-06 0)
(1.47457 3.05352e-06 0)
(1.47458 2.91018e-06 0)
(1.47458 2.53556e-06 0)
(1.47458 1.93666e-06 0)
(1.47458 1.15087e-06 0)
(1.47458 2.25802e-07 0)
(1.47458 -7.51866e-07 0)
(1.47458 -1.70415e-06 0)
(1.47458 -2.52693e-06 0)
(1.47458 -3.12738e-06 0)
(1.47457 -3.43972e-06 0)
(1.47457 -3.41201e-06 0)
(1.47457 -3.0454e-06 0)
(1.47457 -2.37755e-06 0)
(1.47457 -1.49707e-06 0)
(1.47457 -5.30079e-07 0)
(1.47457 3.81897e-07 0)
(1.47457 1.11742e-06 0)
(1.47457 1.56802e-06 0)
(1.47457 1.68212e-06 0)
(1.47457 1.48725e-06 0)
(1.47457 1.08043e-06 0)
(1.47457 6.0689e-07 0)
(1.47457 2.60321e-07 0)
(1.47457 1.93207e-07 0)
(1.47457 6.10589e-07 0)
(1.47457 1.38437e-06 0)
(1.47457 2.78108e-06 0)
(1.47458 3.51732e-06 0)
(1.0195 -0.0471023 0)
(1.10187 -0.0822264 0)
(1.20506 -0.0887759 0)
(1.29255 -0.0715965 0)
(1.35355 -0.0518103 0)
(1.39505 -0.0341337 0)
(1.42016 -0.0212424 0)
(1.4353 -0.0125487 0)
(1.44375 -0.00708388 0)
(1.44838 -0.00380402 0)
(1.45073 -0.00192289 0)
(1.45185 -0.000890947 0)
(1.45232 -0.000354904 0)
(1.45247 -9.65095e-05 0)
(1.45248 1.35702e-05 0)
(1.45244 4.94156e-05 0)
(1.45238 5.16961e-05 0)
(1.45234 4.15418e-05 0)
(1.4523 2.90492e-05 0)
(1.45228 1.83535e-05 0)
(1.45227 1.05896e-05 0)
(1.45226 5.56295e-06 0)
(1.45225 2.61891e-06 0)
(1.45225 1.06244e-06 0)
(1.45225 3.3082e-07 0)
(1.45225 3.82747e-08 0)
(1.45225 -6.07359e-08 0)
(1.45225 -9.77264e-08 0)
(1.45225 -1.19881e-07 0)
(1.45225 -1.40557e-07 0)
(1.45225 -1.41803e-07 0)
(1.45225 -1.02053e-07 0)
(1.45225 -4.64122e-09 0)
(1.45225 1.56288e-07 0)
(1.45225 3.73039e-07 0)
(1.45225 6.31488e-07 0)
(1.45225 8.98004e-07 0)
(1.45225 1.14592e-06 0)
(1.45225 1.34258e-06 0)
(1.45225 1.4668e-06 0)
(1.45225 1.49332e-06 0)
(1.45225 1.42386e-06 0)
(1.45225 1.26529e-06 0)
(1.45225 1.02353e-06 0)
(1.45225 7.27053e-07 0)
(1.45225 4.00536e-07 0)
(1.45225 6.88993e-08 0)
(1.45225 -2.47177e-07 0)
(1.45225 -5.32225e-07 0)
(1.45225 -7.79692e-07 0)
(1.45225 -9.80717e-07 0)
(1.45225 -1.14959e-06 0)
(1.45225 -1.28939e-06 0)
(1.45225 -1.4049e-06 0)
(1.45225 -1.50786e-06 0)
(1.45225 -1.60071e-06 0)
(1.45225 -1.67492e-06 0)
(1.45225 -1.71751e-06 0)
(1.45225 -1.72518e-06 0)
(1.45225 -1.67014e-06 0)
(1.45225 -1.53919e-06 0)
(1.45225 -1.31819e-06 0)
(1.45225 -9.93651e-07 0)
(1.45225 -5.77909e-07 0)
(1.45225 -7.74265e-08 0)
(1.45225 4.91703e-07 0)
(1.45225 1.08767e-06 0)
(1.45225 1.6682e-06 0)
(1.45225 2.18971e-06 0)
(1.45225 2.60553e-06 0)
(1.45225 2.87143e-06 0)
(1.45225 2.94737e-06 0)
(1.45225 2.80781e-06 0)
(1.45225 2.44557e-06 0)
(1.45225 1.86615e-06 0)
(1.45225 1.10706e-06 0)
(1.45225 2.13511e-07 0)
(1.45225 -7.30793e-07 0)
(1.45225 -1.64967e-06 0)
(1.45225 -2.44455e-06 0)
(1.45225 -3.02328e-06 0)
(1.45225 -3.32358e-06 0)
(1.45225 -3.29365e-06 0)
(1.45225 -2.93715e-06 0)
(1.45225 -2.29226e-06 0)
(1.45225 -1.4395e-06 0)
(1.45225 -5.03013e-07 0)
(1.45225 3.77223e-07 0)
(1.45225 1.08512e-06 0)
(1.45225 1.51811e-06 0)
(1.45225 1.62723e-06 0)
(1.45225 1.43495e-06 0)
(1.45225 1.03745e-06 0)
(1.45225 5.79919e-07 0)
(1.45225 2.42343e-07 0)
(1.45225 1.7566e-07 0)
(1.45225 5.76642e-07 0)
(1.45225 1.32527e-06 0)
(1.45225 2.66291e-06 0)
(1.45225 3.38757e-06 0)
(1.02326 -0.0627702 0)
(1.10944 -0.105574 0)
(1.20768 -0.112048 0)
(1.28781 -0.089153 0)
(1.3408 -0.063908 0)
(1.37611 -0.0418095 0)
(1.39681 -0.0258859 0)
(1.40914 -0.0152317 0)
(1.41588 -0.00857113 0)
(1.41954 -0.00458963 0)
(1.42137 -0.00231329 0)
(1.42222 -0.00106799 0)
(1.42257 -0.000422872 0)
(1.42267 -0.000112862 0)
(1.42267 1.86295e-05 0)
(1.42263 6.10326e-05 0)
(1.42258 6.33102e-05 0)
(1.42254 5.08219e-05 0)
(1.42251 3.56297e-05 0)
(1.42249 2.26491e-05 0)
(1.42248 1.32119e-05 0)
(1.42247 7.06688e-06 0)
(1.42247 3.42886e-06 0)
(1.42247 1.46945e-06 0)
(1.42247 5.17435e-07 0)
(1.42247 1.11781e-07 0)
(1.42247 -3.84354e-08 0)
(1.42247 -9.56205e-08 0)
(1.42247 -1.23381e-07 0)
(1.42247 -1.43324e-07 0)
(1.42247 -1.42803e-07 0)
(1.42247 -1.02714e-07 0)
(1.42247 -7.86007e-09 0)
(1.42247 1.47559e-07 0)
(1.42247 3.54489e-07 0)
(1.42247 6.02107e-07 0)
(1.42247 8.56509e-07 0)
(1.42247 1.09311e-06 0)
(1.42247 1.27997e-06 0)
(1.42247 1.39844e-06 0)
(1.42247 1.42443e-06 0)
(1.42247 1.35633e-06 0)
(1.42247 1.20421e-06 0)
(1.42247 9.74612e-07 0)
(1.42247 6.9161e-07 0)
(1.42247 3.79691e-07 0)
(1.42247 6.34538e-08 0)
(1.42247 -2.37571e-07 0)
(1.42247 -5.08544e-07 0)
(1.42247 -7.44697e-07 0)
(1.42247 -9.36015e-07 0)
(1.42247 -1.09569e-06 0)
(1.42247 -1.2292e-06 0)
(1.42247 -1.33937e-06 0)
(1.42247 -1.43605e-06 0)
(1.42247 -1.52356e-06 0)
(1.42247 -1.59506e-06 0)
(1.42247 -1.63518e-06 0)
(1.42247 -1.64146e-06 0)
(1.42247 -1.58873e-06 0)
(1.42247 -1.46404e-06 0)
(1.42247 -1.25437e-06 0)
(1.42247 -9.45115e-07 0)
(1.42247 -5.47051e-07 0)
(1.42247 -7.06455e-08 0)
(1.42247 4.70341e-07 0)
(1.42247 1.0391e-06 0)
(1.42247 1.59313e-06 0)
(1.42247 2.08965e-06 0)
(1.42247 2.48468e-06 0)
(1.42247 2.73749e-06 0)
(1.42247 2.80946e-06 0)
(1.42247 2.67487e-06 0)
(1.42247 2.32889e-06 0)
(1.42247 1.77522e-06 0)
(1.42247 1.05061e-06 0)
(1.42247 1.98079e-07 0)
(1.42247 -7.03074e-07 0)
(1.42247 -1.57845e-06 0)
(1.42247 -2.33677e-06 0)
(1.42247 -2.88721e-06 0)
(1.42247 -3.17218e-06 0)
(1.42247 -3.14099e-06 0)
(1.42247 -2.79673e-06 0)
(1.42247 -2.18069e-06 0)
(1.42247 -1.36604e-06 0)
(1.42247 -4.697e-07 0)
(1.42247 3.70603e-07 0)
(1.42247 1.04316e-06 0)
(1.42247 1.45283e-06 0)
(1.42247 1.55513e-06 0)
(1.42247 1.36808e-06 0)
(1.42247 9.83109e-07 0)
(1.42247 5.44924e-07 0)
(1.42247 2.21045e-07 0)
(1.42247 1.55662e-07 0)
(1.42247 5.36168e-07 0)
(1.42247 1.25469e-06 0)
(1.42247 2.52328e-06 0)
(1.42247 3.23218e-06 0)
(1.02808 -0.0800853 0)
(1.11855 -0.128607 0)
(1.20966 -0.133586 0)
(1.28034 -0.104512 0)
(1.3235 -0.0740418 0)
(1.35139 -0.04802 0)
(1.36693 -0.0295427 0)
(1.376 -0.0172989 0)
(1.3808 -0.00969557 0)
(1.38335 -0.00517277 0)
(1.38458 -0.00259698 0)
(1.38514 -0.00119272 0)
(1.38535 -0.000467831 0)
(1.3854 -0.000121021 0)
(1.38538 2.50587e-05 0)
(1.38535 7.1356e-05 0)
(1.38531 7.2963e-05 0)
(1.38528 5.83126e-05 0)
(1.38526 4.0855e-05 0)
(1.38524 2.60255e-05 0)
(1.38523 1.52604e-05 0)
(1.38523 8.23863e-06 0)
(1.38523 4.05945e-06 0)
(1.38522 1.78684e-06 0)
(1.38522 6.64314e-07 0)
(1.38522 1.70109e-07 0)
(1.38522 -2.07437e-08 0)
(1.38522 -9.34821e-08 0)
(1.38522 -1.25096e-07 0)
(1.38522 -1.43989e-07 0)
(1.38522 -1.42096e-07 0)
(1.38522 -1.02038e-07 0)
(1.38522 -1.08949e-08 0)
(1.38522 1.37285e-07 0)
(1.38522 3.32262e-07 0)
(1.38522 5.66366e-07 0)
(1.38522 8.0616e-07 0)
(1.38522 1.02923e-06 0)
(1.38522 1.20443e-06 0)
(1.38522 1.31531e-06 0)
(1.38522 1.34058e-06 0)
(1.38523 1.2752e-06 0)
(1.38523 1.13059e-06 0)
(1.38523 9.14932e-07 0)
(1.38523 6.4878e-07 0)
(1.38523 3.54842e-07 0)
(1.38523 5.70206e-08 0)
(1.38523 -2.26018e-07 0)
(1.38523 -4.7992e-07 0)
(1.38523 -7.0187e-07 0)
(1.38523 -8.81734e-07 0)
(1.38523 -1.03051e-06 0)
(1.38523 -1.15578e-06 0)
(1.38522 -1.25946e-06 0)
(1.38522 -1.34939e-06 0)
(1.38522 -1.43024e-06 0)
(1.38522 -1.498e-06 0)
(1.38522 -1.53589e-06 0)
(1.38522 -1.541e-06 0)
(1.38522 -1.49112e-06 0)
(1.38522 -1.37356e-06 0)
(1.38522 -1.1773e-06 0)
(1.38522 -8.87266e-07 0)
(1.38522 -5.10941e-07 0)
(1.38522 -6.2709e-08 0)
(1.38522 4.44781e-07 0)
(1.38522 9.79587e-07 0)
(1.38522 1.50155e-06 0)
(1.38522 1.96867e-06 0)
(1.38522 2.33868e-06 0)
(1.38522 2.57539e-06 0)
(1.38522 2.64274e-06 0)
(1.38522 2.51447e-06 0)
(1.38523 2.18817e-06 0)
(1.38523 1.66608e-06 0)
(1.38523 9.83153e-07 0)
(1.38523 1.8034e-07 0)
(1.38523 -6.68817e-07 0)
(1.38523 -1.49166e-06 0)
(1.38523 -2.2055e-06 0)
(1.38523 -2.72211e-06 0)
(1.38522 -2.98821e-06 0)
(1.38522 -2.95694e-06 0)
(1.38522 -2.62827e-06 0)
(1.38522 -2.04548e-06 0)
(1.38522 -1.2779e-06 0)
(1.38522 -4.31764e-07 0)
(1.38522 3.61223e-07 0)
(1.38522 9.92011e-07 0)
(1.38522 1.37369e-06 0)
(1.38522 1.46716e-06 0)
(1.38522 1.28751e-06 0)
(1.38522 9.19505e-07 0)
(1.38522 5.03068e-07 0)
(1.38522 1.96848e-07 0)
(1.38522 1.34214e-07 0)
(1.38522 4.90418e-07 0)
(1.38522 1.1738e-06 0)
(1.38522 2.36436e-06 0)
(1.38523 3.05389e-06 0)
(1.03401 -0.0993832 0)
(1.12883 -0.151021 0)
(1.21007 -0.152836 0)
(1.26912 -0.117176 0)
(1.30078 -0.0818563 0)
(1.32029 -0.052544 0)
(1.33011 -0.0320841 0)
(1.33564 -0.0186791 0)
(1.33834 -0.0104195 0)
(1.33972 -0.00553442 0)
(1.34033 -0.00276495 0)
(1.34058 -0.00126134 0)
(1.34065 -0.000488522 0)
(1.34065 -0.000120857 0)
(1.34062 3.25659e-05 0)
(1.34059 8.00033e-05 0)
(1.34056 8.03181e-05 0)
(1.34054 6.37609e-05 0)
(1.34053 4.45525e-05 0)
(1.34052 2.83736e-05 0)
(1.34051 1.66704e-05 0)
(1.34051 9.04192e-06 0)
(1.34051 4.49202e-06 0)
(1.34051 2.00522e-06 0)
(1.3405 7.66745e-07 0)
(1.3405 2.1161e-07 0)
(1.3405 -8.02495e-09 0)
(1.3405 -9.15421e-08 0)
(1.3405 -1.25039e-07 0)
(1.3405 -1.42158e-07 0)
(1.3405 -1.39372e-07 0)
(1.3405 -1.00045e-07 0)
(1.3405 -1.36006e-08 0)
(1.3405 1.25779e-07 0)
(1.3405 3.06811e-07 0)
(1.3405 5.25003e-07 0)
(1.34051 7.47987e-07 0)
(1.34051 9.55446e-07 0)
(1.34051 1.11754e-06 0)
(1.34051 1.2194e-06 0)
(1.34051 1.24341e-06 0)
(1.34051 1.1821e-06 0)
(1.34051 1.04645e-06 0)
(1.34051 8.46146e-07 0)
(1.34051 5.99499e-07 0)
(1.34051 3.26692e-07 0)
(1.34051 5.01116e-08 0)
(1.34051 -2.12441e-07 0)
(1.34051 -4.4695e-07 0)
(1.34051 -6.52137e-07 0)
(1.34051 -8.18846e-07 0)
(1.34051 -9.5546e-07 0)
(1.34051 -1.0709e-06 0)
(1.34051 -1.16685e-06 0)
(1.34051 -1.24976e-06 0)
(1.34051 -1.3232e-06 0)
(1.34051 -1.38607e-06 0)
(1.3405 -1.42174e-06 0)
(1.3405 -1.42604e-06 0)
(1.3405 -1.37975e-06 0)
(1.3405 -1.27009e-06 0)
(1.3405 -1.08862e-06 0)
(1.3405 -8.21309e-07 0)
(1.3405 -4.70733e-07 0)
(1.3405 -5.42616e-08 0)
(1.3405 4.15416e-07 0)
(1.3405 9.10571e-07 0)
(1.3405 1.39506e-06 0)
(1.3405 1.82899e-06 0)
(1.3405 2.17076e-06 0)
(1.3405 2.3886e-06 0)
(1.34051 2.45073e-06 0)
(1.34051 2.33032e-06 0)
(1.34051 2.0267e-06 0)
(1.34051 1.54136e-06 0)
(1.34051 9.06498e-07 0)
(1.34051 1.61126e-07 0)
(1.34051 -6.28188e-07 0)
(1.34051 -1.3908e-06 0)
(1.34051 -2.05307e-06 0)
(1.34051 -2.53142e-06 0)
(1.34051 -2.77567e-06 0)
(1.3405 -2.74474e-06 0)
(1.3405 -2.4359e-06 0)
(1.3405 -1.89062e-06 0)
(1.3405 -1.17683e-06 0)
(1.3405 -3.90361e-07 0)
(1.3405 3.48174e-07 0)
(1.3405 9.32071e-07 0)
(1.3405 1.28223e-06 0)
(1.3405 1.36538e-06 0)
(1.3405 1.19448e-06 0)
(1.3405 8.48259e-07 0)
(1.3405 4.56217e-07 0)
(1.3405 1.70341e-07 0)
(1.3405 1.12059e-07 0)
(1.3405 4.40759e-07 0)
(1.34051 1.08403e-06 0)
(1.34051 2.18866e-06 0)
(1.34051 2.85559e-06 0)
(1.04101 -0.120952 0)
(1.13969 -0.172363 0)
(1.20769 -0.16916 0)
(1.2529 -0.126664 0)
(1.27164 -0.0870553 0)
(1.28211 -0.0552236 0)
(1.28592 -0.0334317 0)
(1.2878 -0.0193361 0)
(1.28837 -0.0107271 0)
(1.28858 -0.00566846 0)
(1.28857 -0.00281538 0)
(1.28852 -0.00127376 0)
(1.28846 -0.000485461 0)
(1.28841 -0.000112987 0)
(1.28837 4.06213e-05 0)
(1.28834 8.65788e-05 0)
(1.28833 8.51058e-05 0)
(1.28832 6.69954e-05 0)
(1.28831 4.66187e-05 0)
(1.28831 2.96349e-05 0)
(1.2883 1.74106e-05 0)
(1.2883 9.46059e-06 0)
(1.2883 4.71916e-06 0)
(1.2883 2.12148e-06 0)
(1.2883 8.22879e-07 0)
(1.2883 2.35462e-07 0)
(1.2883 -2.08449e-10 0)
(1.2883 -8.9709e-08 0)
(1.2883 -1.23353e-07 0)
(1.2883 -1.37749e-07 0)
(1.2883 -1.34235e-07 0)
(1.2883 -9.66495e-08 0)
(1.2883 -1.59974e-08 0)
(1.2883 1.13369e-07 0)
(1.2883 2.78769e-07 0)
(1.2883 4.78828e-07 0)
(1.2883 6.83171e-07 0)
(1.2883 8.73219e-07 0)
(1.2883 1.02103e-06 0)
(1.2883 1.11298e-06 0)
(1.2883 1.13514e-06 0)
(1.2883 1.07895e-06 0)
(1.2883 9.53869e-07 0)
(1.2883 7.70239e-07 0)
(1.2883 5.4502e-07 0)
(1.2883 2.95966e-07 0)
(1.2883 4.31459e-08 0)
(1.2883 -1.96769e-07 0)
(1.2883 -4.10181e-07 0)
(1.2883 -5.96644e-07 0)
(1.2883 -7.4858e-07 0)
(1.2883 -8.72118e-07 0)
(1.2883 -9.7662e-07 0)
(1.2883 -1.06366e-06 0)
(1.2883 -1.1393e-06 0)
(1.2883 -1.20512e-06 0)
(1.2883 -1.26213e-06 0)
(1.2883 -1.29533e-06 0)
(1.2883 -1.29906e-06 0)
(1.2883 -1.25722e-06 0)
(1.2883 -1.15645e-06 0)
(1.2883 -9.90446e-07 0)
(1.2883 -7.48433e-07 0)
(1.2883 -4.27543e-07 0)
(1.2883 -4.59571e-08 0)
(1.2883 3.82589e-07 0)
(1.2883 8.33763e-07 0)
(1.2883 1.27591e-06 0)
(1.2883 1.67311e-06 0)
(1.2883 1.98453e-06 0)
(1.2883 2.18138e-06 0)
(1.2883 2.23755e-06 0)
(1.2883 2.12654e-06 0)
(1.2883 1.84833e-06 0)
(1.2883 1.40406e-06 0)
(1.2883 8.22654e-07 0)
(1.2883 1.41224e-07 0)
(1.2883 -5.81483e-07 0)
(1.2883 -1.27768e-06 0)
(1.2883 -1.88235e-06 0)
(1.2883 -2.31883e-06 0)
(1.2883 -2.53947e-06 0)
(1.2883 -2.50873e-06 0)
(1.2883 -2.22349e-06 0)
(1.2883 -1.72062e-06 0)
(1.2883 -1.06557e-06 0)
(1.2883 -3.46359e-07 0)
(1.2883 3.30828e-07 0)
(1.2883 8.63841e-07 0)
(1.2883 1.18e-06 0)
(1.2883 1.25211e-06 0)
(1.2883 1.09104e-06 0)
(1.2883 7.70614e-07 0)
(1.2883 4.06339e-07 0)
(1.2883 1.42554e-07 0)
(1.2883 8.97966e-08 0)
(1.2883 3.88581e-07 0)
(1.2883 9.86925e-07 0)
(1.2883 1.99905e-06 0)
(1.2883 2.64028e-06 0)
(1.04895 -0.144991 0)
(1.15027 -0.192007 0)
(1.201 -0.181847 0)
(1.23025 -0.132534 0)
(1.235 -0.0894212 0)
(1.23613 -0.0559761 0)
(1.23392 -0.0335636 0)
(1.23222 -0.0192708 0)
(1.23075 -0.0106254 0)
(1.22984 -0.00558179 0)
(1.22926 -0.00275349 0)
(1.22893 -0.00123349 0)
(1.22875 -0.000460835 0)
(1.22866 -9.8698e-05 0)
(1.22862 4.85073e-05 0)
(1.2286 9.07044e-05 0)
(1.22859 8.71406e-05 0)
(1.22859 6.79345e-05 0)
(1.2286 4.70237e-05 0)
(1.2286 2.98022e-05 0)
(1.2286 1.74829e-05 0)
(1.2286 9.49858e-06 0)
(1.2286 4.74437e-06 0)
(1.2286 2.13843e-06 0)
(1.2286 8.34062e-07 0)
(1.2286 2.41926e-07 0)
(1.2286 3.04623e-09 0)
(1.2286 -8.75611e-08 0)
(1.2286 -1.20074e-07 0)
(1.2286 -1.3106e-07 0)
(1.2286 -1.26556e-07 0)
(1.2286 -9.16329e-08 0)
(1.2286 -1.81338e-08 0)
(1.2286 1.0023e-07 0)
(1.2286 2.4892e-07 0)
(1.2286 4.28891e-07 0)
(1.2286 6.13006e-07 0)
(1.2286 7.84319e-07 0)
(1.2286 9.16952e-07 0)
(1.2286 9.98472e-07 0)
(1.2286 1.01834e-06 0)
(1.2286 9.67941e-07 0)
(1.2286 8.54934e-07 0)
(1.2286 6.89282e-07 0)
(1.2286 4.86805e-07 0)
(1.2286 2.63424e-07 0)
(1.2286 3.63852e-08 0)
(1.2286 -1.79095e-07 0)
(1.2286 -3.70176e-07 0)
(1.2286 -5.36682e-07 0)
(1.2286 -6.72467e-07 0)
(1.2286 -7.82229e-07 0)
(1.2286 -8.75189e-07 0)
(1.2286 -9.52445e-07 0)
(1.2286 -1.02045e-06 0)
(1.2286 -1.07875e-06 0)
(1.2286 -1.12932e-06 0)
(1.2286 -1.15969e-06 0)
(1.2286 -1.16288e-06 0)
(1.2286 -1.1261e-06 0)
(1.2286 -1.03553e-06 0)
(1.2286 -8.85411e-07 0)
(1.2286 -6.69956e-07 0)
(1.2286 -3.82241e-07 0)
(1.2286 -3.83722e-08 0)
(1.2286 3.46594e-07 0)
(1.2286 7.50892e-07 0)
(1.2286 1.14695e-06 0)
(1.2286 1.50402e-06 0)
(1.2286 1.78373e-06 0)
(1.2286 1.95854e-06 0)
(1.2286 2.00807e-06 0)
(1.2286 1.90764e-06 0)
(1.2286 1.65721e-06 0)
(1.2286 1.2575e-06 0)
(1.2286 7.33799e-07 0)
(1.2286 1.21351e-07 0)
(1.2286 -5.29195e-07 0)
(1.2286 -1.15439e-06 0)
(1.2286 -1.69695e-06 0)
(1.2286 -2.08841e-06 0)
(1.2286 -2.2848e-06 0)
(1.2286 -2.25442e-06 0)
(1.2286 -1.99526e-06 0)
(1.2286 -1.53974e-06 0)
(1.2286 -9.47623e-07 0)
(1.2286 -3.00784e-07 0)
(1.2286 3.08977e-07 0)
(1.2286 7.88094e-07 0)
(1.2286 1.06874e-06 0)
(1.2286 1.12959e-06 0)
(1.2286 9.79919e-07 0)
(1.2286 6.88012e-07 0)
(1.2286 3.55058e-07 0)
(1.2286 1.14815e-07 0)
(1.2286 6.80349e-08 0)
(1.2286 3.35285e-07 0)
(1.2286 8.84061e-07 0)
(1.2286 1.79867e-06 0)
(1.2286 2.41107e-06 0)
(1.05745 -0.171554 0)
(1.15927 -0.209127 0)
(1.18813 -0.190134 0)
(1.19956 -0.134414 0)
(1.18974 -0.0888363 0)
(1.18164 -0.0548039 0)
(1.17368 -0.0325173 0)
(1.16867 -0.0185217 0)
(1.16534 -0.0101435 0)
(1.16344 -0.00529364 0)
(1.16235 -0.00259101 0)
(1.16179 -0.00114725 0)
(1.16152 -0.000418256 0)
(1.1614 -7.98051e-05 0)
(1.16136 5.53959e-05 0)
(1.16135 9.20598e-05 0)
(1.16136 8.63407e-05 0)
(1.16137 6.65945e-05 0)
(1.16138 4.58131e-05 0)
(1.16138 2.89202e-05 0)
(1.16139 1.69216e-05 0)
(1.16139 9.17901e-06 0)
(1.16139 4.58155e-06 0)
(1.16139 2.06415e-06 0)
(1.16139 8.04681e-07 0)
(1.16139 2.32699e-07 0)
(1.16139 2.35658e-09 0)
(1.16139 -8.44955e-08 0)
(1.16139 -1.14913e-07 0)
(1.16139 -1.22468e-07 0)
(1.16139 -1.16645e-07 0)
(1.16139 -8.48166e-08 0)
(1.16139 -1.98558e-08 0)
(1.16139 8.64307e-08 0)
(1.16139 2.18017e-07 0)
(1.16139 3.76548e-07 0)
(1.16139 5.38998e-07 0)
(1.16139 6.90675e-07 0)
(1.16139 8.07653e-07 0)
(1.16139 8.78503e-07 0)
(1.16139 8.95838e-07 0)
(1.16139 8.51586e-07 0)
(1.16139 7.51743e-07 0)
(1.16139 6.05274e-07 0)
(1.16139 4.2639e-07 0)
(1.1614 2.29847e-07 0)
(1.1614 2.99408e-08 0)
(1.1614 -1.59753e-07 0)
(1.1614 -3.27611e-07 0)
(1.16139 -4.73624e-07 0)
(1.16139 -5.92318e-07 0)
(1.16139 -6.8776e-07 0)
(1.16139 -7.68963e-07 0)
(1.16139 -8.35972e-07 0)
(1.16139 -8.95999e-07 0)
(1.16139 -9.46917e-07 0)
(1.16139 -9.90791e-07 0)
(1.16139 -1.01814e-06 0)
(1.16139 -1.02073e-06 0)
(1.16139 -9.89086e-07 0)
(1.16139 -9.09988e-07 0)
(1.16139 -7.76461e-07 0)
(1.16139 -5.87627e-07 0)
(1.16139 -3.35477e-07 0)
(1.16139 -3.18277e-08 0)
(1.16139 3.07782e-07 0)
(1.16139 6.63531e-07 0)
(1.16139 1.01136e-06 0)
(1.16139 1.32545e-06 0)
(1.16139 1.57231e-06 0)
(1.16139 1.72515e-06 0)
(1.16139 1.76777e-06 0)
(1.16139 1.67855e-06 0)
(1.16139 1.45758e-06 0)
(1.16139 1.10515e-06 0)
(1.1614 6.42277e-07 0)
(1.1614 1.0213e-07 0)
(1.1614 -4.72144e-07 0)
(1.1614 -1.02319e-06 0)
(1.16139 -1.50103e-06 0)
(1.16139 -1.84501e-06 0)
(1.16139 -2.01692e-06 0)
(1.16139 -1.98796e-06 0)
(1.16139 -1.75626e-06 0)
(1.16139 -1.35194e-06 0)
(1.16139 -8.26591e-07 0)
(1.16139 -2.5498e-07 0)
(1.16139 2.82796e-07 0)
(1.16139 7.05902e-07 0)
(1.16139 9.50638e-07 0)
(1.16139 1.00015e-06 0)
(1.16139 8.63945e-07 0)
(1.16139 6.02441e-07 0)
(1.16139 3.03682e-07 0)
(1.16139 8.83929e-08 0)
(1.16139 4.74522e-08 0)
(1.16139 2.82262e-07 0)
(1.16139 7.77233e-07 0)
(1.16139 1.59079e-06 0)
(1.16139 2.17123e-06 0)
(1.06582 -0.200456 0)
(1.16487 -0.22268 0)
(1.16684 -0.193238 0)
(1.15908 -0.132046 0)
(1.13471 -0.085306 0)
(1.11795 -0.0518023 0)
(1.10483 -0.0303906 0)
(1.09694 -0.0171631 0)
(1.09203 -0.00933047 0)
(1.08932 -0.00483411 0)
(1.08783 -0.00234515 0)
(1.08709 -0.00102433 0)
(1.08675 -0.00036241 0)
(1.08661 -5.84573e-05 0)
(1.08658 6.04492e-05 0)
(1.08658 9.04294e-05 0)
(1.0866 8.27482e-05 0)
(1.08662 6.30961e-05 0)
(1.08664 4.31086e-05 0)
(1.08665 2.70842e-05 0)
(1.08666 1.57917e-05 0)
(1.08666 8.54237e-06 0)
(1.08666 4.25386e-06 0)
(1.08666 1.91093e-06 0)
(1.08666 7.41205e-07 0)
(1.08666 2.10726e-07 0)
(1.08666 -1.40955e-09 0)
(1.08666 -8.00674e-08 0)
(1.08666 -1.07421e-07 0)
(1.08666 -1.1211e-07 0)
(1.08666 -1.05072e-07 0)
(1.08666 -7.63008e-08 0)
(1.08666 -2.0774e-08 0)
(1.08666 7.2183e-08 0)
(1.08666 1.86627e-07 0)
(1.08666 3.2328e-07 0)
(1.08666 4.62959e-07 0)
(1.08666 5.94322e-07 0)
(1.08666 6.95671e-07 0)
(1.08667 7.55868e-07 0)
(1.08667 7.70572e-07 0)
(1.08667 7.32613e-07 0)
(1.08667 6.46485e-07 0)
(1.08667 5.20099e-07 0)
(1.08667 3.65311e-07 0)
(1.08667 1.96086e-07 0)
(1.08667 2.38649e-08 0)
(1.08667 -1.39284e-07 0)
(1.08667 -2.83311e-07 0)
(1.08667 -4.08852e-07 0)
(1.08667 -5.10141e-07 0)
(1.08667 -5.90914e-07 0)
(1.08667 -6.60388e-07 0)
(1.08667 -7.17118e-07 0)
(1.08667 -7.68986e-07 0)
(1.08666 -8.12677e-07 0)
(1.08666 -8.49716e-07 0)
(1.08666 -8.7396e-07 0)
(1.08666 -8.76177e-07 0)
(1.08666 -8.49222e-07 0)
(1.08666 -7.82232e-07 0)
(1.08666 -6.66387e-07 0)
(1.08666 -5.03707e-07 0)
(1.08666 -2.87992e-07 0)
(1.08666 -2.63144e-08 0)
(1.08666 2.66821e-07 0)
(1.08666 5.73197e-07 0)
(1.08666 8.72302e-07 0)
(1.08666 1.14189e-06 0)
(1.08666 1.35482e-06 0)
(1.08666 1.48622e-06 0)
(1.08666 1.52243e-06 0)
(1.08667 1.44474e-06 0)
(1.08667 1.25387e-06 0)
(1.08667 9.504e-07 0)
(1.08667 5.50497e-07 0)
(1.08667 8.41552e-08 0)
(1.08667 -4.11624e-07 0)
(1.08667 -8.86632e-07 0)
(1.08667 -1.29894e-06 0)
(1.08667 -1.59434e-06 0)
(1.08666 -1.74139e-06 0)
(1.08666 -1.71544e-06 0)
(1.08666 -1.51229e-06 0)
(1.08666 -1.16121e-06 0)
(1.08666 -7.05695e-07 0)
(1.08666 -2.10435e-07 0)
(1.08666 2.52839e-07 0)
(1.08666 6.18594e-07 0)
(1.08666 8.28161e-07 0)
(1.08666 8.66493e-07 0)
(1.08666 7.45662e-07 0)
(1.08666 5.16189e-07 0)
(1.08666 2.53451e-07 0)
(1.08666 6.42793e-08 0)
(1.08666 2.87576e-08 0)
(1.08666 2.30829e-07 0)
(1.08666 6.68586e-07 0)
(1.08666 1.37885e-06 0)
(1.08667 1.9241e-06 0)
(1.0728 -0.231147 0)
(1.16453 -0.23141 0)
(1.13453 -0.190432 0)
(1.10697 -0.125334 0)
(1.06882 -0.0789804 0)
(1.04447 -0.0471641 0)
(1.02705 -0.0273393 0)
(1.01687 -0.0153016 0)
(1.01076 -0.00825288 0)
(1.00745 -0.00424195 0)
(1.00568 -0.00203729 0)
(1.00482 -0.000875814 0)
(1.00444 -0.000298617 0)
(1.0043 -3.69098e-05 0)
(1.00428 6.29279e-05 0)
(1.00429 8.57494e-05 0)
(1.00433 7.65454e-05 0)
(1.00435 5.76678e-05 0)
(1.00437 3.91059e-05 0)
(1.00439 2.44369e-05 0)
(1.0044 1.41864e-05 0)
(1.0044 7.64459e-06 0)
(1.00441 3.79243e-06 0)
(1.00441 1.69462e-06 0)
(1.00441 6.51323e-07 0)
(1.00441 1.79696e-07 0)
(1.00441 -7.08878e-09 0)
(1.00441 -7.41776e-08 0)
(1.00441 -9.7397e-08 0)
(1.00441 -9.99195e-08 0)
(1.00441 -9.23363e-08 0)
(1.00441 -6.65304e-08 0)
(1.00441 -2.05229e-08 0)
(1.00441 5.79884e-08 0)
(1.00441 1.55222e-07 0)
(1.00441 2.70419e-07 0)
(1.00441 3.86939e-07 0)
(1.00441 4.97461e-07 0)
(1.00441 5.83569e-07 0)
(1.00441 6.33486e-07 0)
(1.00441 6.45551e-07 0)
(1.00441 6.1391e-07 0)
(1.00441 5.41559e-07 0)
(1.00441 4.35605e-07 0)
(1.00441 3.05073e-07 0)
(1.00441 1.63119e-07 0)
(1.00441 1.83202e-08 0)
(1.00441 -1.18336e-07 0)
(1.00441 -2.38246e-07 0)
(1.00441 -3.43679e-07 0)
(1.00441 -4.27994e-07 0)
(1.00441 -4.94143e-07 0)
(1.00441 -5.52046e-07 0)
(1.00441 -5.98786e-07 0)
(1.00441 -6.42569e-07 0)
(1.00441 -6.7934e-07 0)
(1.00441 -7.09481e-07 0)
(1.00441 -7.30414e-07 0)
(1.00441 -7.32776e-07 0)
(1.00441 -7.10075e-07 0)
(1.00441 -6.54858e-07 0)
(1.00441 -5.57573e-07 0)
(1.00441 -4.20614e-07 0)
(1.00441 -2.40843e-07 0)
(1.00441 -2.16613e-08 0)
(1.00441 2.24855e-07 0)
(1.00441 4.81743e-07 0)
(1.00441 7.3278e-07 0)
(1.00441 9.58156e-07 0)
(1.00441 1.13656e-06 0)
(1.00441 1.24691e-06 0)
(1.00441 1.27763e-06 0)
(1.00441 1.21197e-06 0)
(1.00441 1.05081e-06 0)
(1.00441 7.96434e-07 0)
(1.00441 4.60602e-07 0)
(1.00441 6.81006e-08 0)
(1.00441 -3.49292e-07 0)
(1.00441 -7.47869e-07 0)
(1.00441 -1.09503e-06 0)
(1.00441 -1.34252e-06 0)
(1.00441 -1.46446e-06 0)
(1.00441 -1.44273e-06 0)
(1.00441 -1.26933e-06 0)
(1.00441 -9.71796e-07 0)
(1.00441 -5.87659e-07 0)
(1.00441 -1.6862e-07 0)
(1.00441 2.20024e-07 0)
(1.00441 5.27866e-07 0)
(1.00441 7.03791e-07 0)
(1.00441 7.318e-07 0)
(1.00441 6.27408e-07 0)
(1.00441 4.31393e-07 0)
(1.00441 2.05654e-07 0)
(1.00441 4.32383e-08 0)
(1.00441 1.26674e-08 0)
(1.00441 1.82123e-07 0)
(1.00441 5.60644e-07 0)
(1.00441 1.16643e-06 0)
(1.00441 1.67314e-06 0)
(1.07626 -0.262529 0)
(1.1548 -0.23388 0)
(1.08822 -0.181127 0)
(1.04136 -0.114403 0)
(0.991112 -0.0701743 0)
(0.960721 -0.0411795 0)
(0.940118 -0.0235716 0)
(0.928366 -0.0130705 0)
(0.921485 -0.00699004 0)
(0.917813 -0.00356192 0)
(0.915893 -0.00169136 0)
(0.914982 -0.000713695 0)
(0.91459 -0.000232353 0)
(0.91446 -1.72893e-05 0)
(0.914447 6.22971e-05 0)
(0.914478 7.81467e-05 0)
(0.914519 6.80629e-05 0)
(0.914554 5.06423e-05 0)
(0.914579 3.40683e-05 0)
(0.914597 2.11619e-05 0)
(0.914607 1.2223e-05 0)
(0.914613 6.55476e-06 0)
(0.914617 3.23521e-06 0)
(0.914618 1.43452e-06 0)
(0.914619 5.43904e-07 0)
(0.914619 1.43693e-07 0)
(0.914619 -1.31027e-08 0)
(0.914619 -6.68473e-08 0)
(0.914619 -8.51216e-08 0)
(0.914619 -8.59852e-08 0)
(0.914619 -7.87504e-08 0)
(0.914619 -5.61014e-08 0)
(0.914619 -1.90322e-08 0)
(0.914619 4.45128e-08 0)
(0.914619 1.24383e-07 0)
(0.914619 2.19091e-07 0)
(0.914619 3.13048e-07 0)
(0.91462 4.02541e-07 0)
(0.91462 4.73922e-07 0)
(0.91462 5.14319e-07 0)
(0.914621 5.23849e-07 0)
(0.914621 4.98396e-07 0)
(0.914622 4.39562e-07 0)
(0.914622 3.53716e-07 0)
(0.914623 2.47084e-07 0)
(0.914623 1.31941e-07 0)
(0.914623 1.36723e-08 0)
(0.914623 -9.75341e-08 0)
(0.914623 -1.93606e-07 0)
(0.914622 -2.79395e-07 0)
(0.914622 -3.47816e-07 0)
(0.914622 -4.00058e-07 0)
(0.914621 -4.4672e-07 0)
(0.914621 -4.83895e-07 0)
(0.91462 -5.19855e-07 0)
(0.91462 -5.50284e-07 0)
(0.914619 -5.73758e-07 0)
(0.914619 -5.90885e-07 0)
(0.914618 -5.93805e-07 0)
(0.914618 -5.75351e-07 0)
(0.914617 -5.30952e-07 0)
(0.914617 -4.52177e-07 0)
(0.914616 -3.40442e-07 0)
(0.914616 -1.9525e-07 0)
(0.914616 -1.77764e-08 0)
(0.914616 1.83311e-07 0)
(0.914616 3.91638e-07 0)
(0.914617 5.95811e-07 0)
(0.914618 7.78798e-07 0)
(0.914618 9.23388e-07 0)
(0.914619 1.01287e-06 0)
(0.91462 1.03866e-06 0)
(0.914621 9.85774e-07 0)
(0.914622 8.5358e-07 0)
(0.914623 6.46529e-07 0)
(0.914623 3.74149e-07 0)
(0.914623 5.44946e-08 0)
(0.914623 -2.86758e-07 0)
(0.914623 -6.10711e-07 0)
(0.914622 -8.93888e-07 0)
(0.914621 -1.09557e-06 0)
(0.91462 -1.19298e-06 0)
(0.914619 -1.17573e-06 0)
(0.914618 -1.03314e-06 0)
(0.914617 -7.881e-07 0)
(0.914617 -4.74731e-07 0)
(0.914616 -1.30879e-07 0)
(0.914616 1.85399e-07 0)
(0.914617 4.35948e-07 0)
(0.914617 5.79995e-07 0)
(0.914618 5.99431e-07 0)
(0.914618 5.116e-07 0)
(0.914619 3.49835e-07 0)
(0.914619 1.6152e-07 0)
(0.914619 2.59133e-08 0)
(0.914619 -5.83243e-11 0)
(0.914619 1.37029e-07 0)
(0.914619 4.56077e-07 0)
(0.91462 9.5735e-07 0)
(0.914621 1.42186e-06 0)
(1.07281 -0.292686 0)
(1.13105 -0.228557 0)
(1.02463 -0.165017 0)
(0.960495 -0.0996645 0)
(0.900781 -0.0593809 0)
(0.866361 -0.0342295 0)
(0.843915 -0.0193385 0)
(0.831388 -0.0106219 0)
(0.824192 -0.00562943 0)
(0.820411 -0.00284182 0)
(0.818469 -0.00133212 0)
(0.817569 -0.000549925 0)
(0.817197 -0.000168778 0)
(0.817087 -1.372e-06 0)
(0.817089 5.83146e-05 0)
(0.817131 6.79637e-05 0)
(0.817179 5.77769e-05 0)
(0.817218 4.24438e-05 0)
(0.817247 2.83136e-05 0)
(0.817266 1.74736e-05 0)
(0.817277 1.00352e-05 0)
(0.817284 5.35047e-06 0)
(0.817287 2.62421e-06 0)
(0.817289 1.15213e-06 0)
(0.81729 4.28729e-07 0)
(0.81729 1.06726e-07 0)
(0.81729 -1.78128e-08 0)
(0.81729 -5.80111e-08 0)
(0.81729 -7.12155e-08 0)
(0.81729 -7.08397e-08 0)
(0.81729 -6.46478e-08 0)
(0.81729 -4.55324e-08 0)
(0.81729 -1.64833e-08 0)
(0.81729 3.23979e-08 0)
(0.81729 9.49245e-08 0)
(0.81729 1.70379e-07 0)
(0.81729 2.43339e-07 0)
(0.81729 3.12271e-07 0)
(0.817291 3.69398e-07 0)
(0.817291 4.0125e-07 0)
(0.817292 4.08558e-07 0)
(0.817292 3.88911e-07 0)
(0.817292 3.43051e-07 0)
(0.817293 2.76391e-07 0)
(0.817293 1.92579e-07 0)
(0.817293 1.0324e-07 0)
(0.817293 1.02739e-08 0)
(0.817293 -7.73977e-08 0)
(0.817293 -1.50861e-07 0)
(0.817293 -2.17534e-07 0)
(0.817293 -2.71398e-07 0)
(0.817292 -3.1121e-07 0)
(0.817292 -3.47342e-07 0)
(0.817291 -3.75408e-07 0)
(0.817291 -4.03789e-07 0)
(0.817291 -4.28628e-07 0)
(0.81729 -4.46203e-07 0)
(0.81729 -4.59003e-07 0)
(0.817289 -4.62282e-07 0)
(0.817289 -4.48322e-07 0)
(0.817288 -4.13854e-07 0)
(0.817288 -3.52502e-07 0)
(0.817287 -2.64847e-07 0)
(0.817287 -1.52215e-07 0)
(0.817287 -1.46423e-08 0)
(0.817287 1.43425e-07 0)
(0.817287 3.05682e-07 0)
(0.817288 4.64805e-07 0)
(0.817288 6.07931e-07 0)
(0.817289 7.20943e-07 0)
(0.81729 7.90332e-07 0)
(0.817291 8.10975e-07 0)
(0.817292 7.71047e-07 0)
(0.817292 6.67279e-07 0)
(0.817293 5.04529e-07 0)
(0.817294 2.92368e-07 0)
(0.817294 4.31968e-08 0)
(0.817294 -2.25435e-07 0)
(0.817293 -4.79084e-07 0)
(0.817293 -7.00676e-07 0)
(0.817292 -8.5935e-07 0)
(0.817291 -9.34016e-07 0)
(0.81729 -9.20646e-07 0)
(0.817289 -8.09109e-07 0)
(0.817288 -6.14743e-07 0)
(0.817287 -3.68856e-07 0)
(0.817287 -9.81229e-08 0)
(0.817287 1.49888e-07 0)
(0.817288 3.45556e-07 0)
(0.817288 4.59505e-07 0)
(0.817288 4.72736e-07 0)
(0.817289 4.00964e-07 0)
(0.817289 2.73098e-07 0)
(0.81729 1.22045e-07 0)
(0.81729 1.27016e-08 0)
(0.81729 -8.64402e-09 0)
(0.81729 9.63296e-08 0)
(0.81729 3.57307e-07 0)
(0.81729 7.55641e-07 0)
(0.817292 1.17399e-06 0)
(1.05709 -0.318538 0)
(1.08724 -0.213973 0)
(0.940328 -0.142253 0)
(0.86279 -0.0818739 0)
(0.797284 -0.0472738 0)
(0.761232 -0.0267729 0)
(0.738421 -0.0149219 0)
(0.725957 -0.00811868 0)
(0.718911 -0.00426121 0)
(0.715267 -0.00212941 0)
(0.713427 -0.000983507 0)
(0.712596 -0.000395543 0)
(0.712267 -0.000112305 0)
(0.712184 9.60664e-06 0)
(0.712201 5.10996e-05 0)
(0.712252 5.57695e-05 0)
(0.712304 4.62979e-05 0)
(0.712346 3.35712e-05 0)
(0.712375 2.21982e-05 0)
(0.712395 1.3604e-05 0)
(0.712406 7.76354e-06 0)
(0.712413 4.11144e-06 0)
(0.712416 2.00134e-06 0)
(0.712418 8.6832e-07 0)
(0.712418 3.1534e-07 0)
(0.712418 7.21605e-08 0)
(0.712418 -2.02614e-08 0)
(0.712418 -4.77665e-08 0)
(0.712418 -5.63521e-08 0)
(0.712418 -5.52722e-08 0)
(0.712418 -5.05658e-08 0)
(0.712418 -3.52503e-08 0)
(0.712418 -1.31139e-08 0)
(0.712418 2.22618e-08 0)
(0.712418 6.79172e-08 0)
(0.712418 1.2544e-07 0)
(0.712419 1.79697e-07 0)
(0.712419 2.29466e-07 0)
(0.712419 2.72849e-07 0)
(0.71242 2.97002e-07 0)
(0.71242 3.02596e-07 0)
(0.71242 2.88153e-07 0)
(0.712421 2.54298e-07 0)
(0.712421 2.05407e-07 0)
(0.712421 1.42609e-07 0)
(0.712421 7.7211e-08 0)
(0.712421 8.06043e-09 0)
(0.712421 -5.83736e-08 0)
(0.712421 -1.11603e-07 0)
(0.712421 -1.60117e-07 0)
(0.712421 -2.00555e-07 0)
(0.712421 -2.29821e-07 0)
(0.71242 -2.56683e-07 0)
(0.71242 -2.76271e-07 0)
(0.712419 -2.97175e-07 0)
(0.712419 -3.17022e-07 0)
(0.712419 -3.29947e-07 0)
(0.712418 -3.38423e-07 0)
(0.712418 -3.41268e-07 0)
(0.712417 -3.31633e-07 0)
(0.712417 -3.06535e-07 0)
(0.712416 -2.61122e-07 0)
(0.712416 -1.95454e-07 0)
(0.712416 -1.12471e-07 0)
(0.712416 -1.20839e-08 0)
(0.712416 1.06099e-07 0)
(0.712416 2.26344e-07 0)
(0.712417 3.43607e-07 0)
(0.712417 4.49752e-07 0)
(0.712418 5.34241e-07 0)
(0.712418 5.85487e-07 0)
(0.712419 6.00656e-07 0)
(0.71242 5.72497e-07 0)
(0.712421 4.96232e-07 0)
(0.712421 3.74563e-07 0)
(0.712422 2.16947e-07 0)
(0.712422 3.332e-08 0)
(0.712422 -1.671e-07 0)
(0.712421 -3.56484e-07 0)
(0.712421 -5.20899e-07 0)
(0.71242 -6.39865e-07 0)
(0.712419 -6.94599e-07 0)
(0.712418 -6.83977e-07 0)
(0.712417 -6.02175e-07 0)
(0.712417 -4.56368e-07 0)
(0.712416 -2.72211e-07 0)
(0.712416 -7.04509e-08 0)
(0.712416 1.14525e-07 0)
(0.712416 2.59653e-07 0)
(0.712417 3.45492e-07 0)
(0.712417 3.54926e-07 0)
(0.712418 2.98573e-07 0)
(0.712418 2.02809e-07 0)
(0.712418 8.78676e-08 0)
(0.712418 3.41954e-09 0)
(0.712418 -1.26571e-08 0)
(0.712418 6.11629e-08 0)
(0.712419 2.66422e-07 0)
(0.712419 5.65506e-07 0)
(0.71242 9.33442e-07 0)
(1.02085 -0.335496 0)
(1.01555 -0.18896 0)
(0.831938 -0.113633 0)
(0.747029 -0.062164 0)
(0.680385 -0.0346892 0)
(0.645365 -0.0193213 0)
(0.62373 -0.0106169 0)
(0.612156 -0.00572361 0)
(0.605702 -0.00297244 0)
(0.602421 -0.00146915 0)
(0.600792 -0.000666927 0)
(0.600077 -0.000259852 0)
(0.599809 -6.62319e-05 0)
(0.599756 1.50982e-05 0)
(0.599786 4.11743e-05 0)
(0.599842 4.23586e-05 0)
(0.599894 3.4356e-05 0)
(0.599936 2.45832e-05 0)
(0.599964 1.61055e-05 0)
(0.599983 9.79576e-06 0)
(0.599994 5.5511e-06 0)
(0.6 2.91679e-06 0)
(0.600003 1.40697e-06 0)
(0.600004 6.02056e-07 0)
(0.600005 2.12165e-07 0)
(0.600005 4.2781e-08 0)
(0.600005 -2.02305e-08 0)
(0.600005 -3.66713e-08 0)
(0.600005 -4.12349e-08 0)
(0.600005 -3.9932e-08 0)
(0.600005 -3.70489e-08 0)
(0.600005 -2.56645e-08 0)
(0.600005 -9.28518e-09 0)
(0.600005 1.45328e-08 0)
(0.600005 4.45387e-08 0)
(0.600005 8.54664e-08 0)
(0.600005 1.23651e-07 0)
(0.600005 1.56625e-07 0)
(0.600006 1.87149e-07 0)
(0.600006 2.04144e-07 0)
(0.600006 2.08517e-07 0)
(0.600007 1.9867e-07 0)
(0.600007 1.75349e-07 0)
(0.600007 1.42315e-07 0)
(0.600007 9.82412e-08 0)
(0.600008 5.39753e-08 0)
(0.600008 6.596e-09 0)
(0.600008 -4.08376e-08 0)
(0.600007 -7.70388e-08 0)
(0.600007 -1.09308e-07 0)
(0.600007 -1.37215e-07 0)
(0.600007 -1.57664e-07 0)
(0.600007 -1.76991e-07 0)
(0.600006 -1.89242e-07 0)
(0.600006 -2.02866e-07 0)
(0.600006 -2.17917e-07 0)
(0.600005 -2.27459e-07 0)
(0.600005 -2.32428e-07 0)
(0.600004 -2.34142e-07 0)
(0.600004 -2.27849e-07 0)
(0.600004 -2.11311e-07 0)
(0.600003 -1.80489e-07 0)
(0.600003 -1.34157e-07 0)
(0.600003 -7.68278e-08 0)
(0.600003 -9.64413e-09 0)
(0.600003 7.24109e-08 0)
(0.600003 1.55587e-07 0)
(0.600003 2.35963e-07 0)
(0.600004 3.08959e-07 0)
(0.600004 3.67943e-07 0)
(0.600005 4.03604e-07 0)
(0.600006 4.13869e-07 0)
(0.600006 3.95311e-07 0)
(0.600007 3.43907e-07 0)
(0.600008 2.59866e-07 0)
(0.600008 1.50192e-07 0)
(0.600008 2.41852e-08 0)
(0.600008 -1.14323e-07 0)
(0.600008 -2.46267e-07 0)
(0.600007 -3.59868e-07 0)
(0.600006 -4.4307e-07 0)
(0.600006 -4.813e-07 0)
(0.600005 -4.72624e-07 0)
(0.600004 -4.16864e-07 0)
(0.600003 -3.16707e-07 0)
(0.600003 -1.87385e-07 0)
(0.600003 -4.7391e-08 0)
(0.600003 8.08265e-08 0)
(0.600003 1.81207e-07 0)
(0.600003 2.41494e-07 0)
(0.600004 2.48818e-07 0)
(0.600004 2.07311e-07 0)
(0.600005 1.40614e-07 0)
(0.600005 5.94319e-08 0)
(0.600005 -2.57042e-09 0)
(0.600005 -1.2688e-08 0)
(0.600005 3.30979e-08 0)
(0.600005 1.85818e-07 0)
(0.600005 3.91669e-07 0)
(0.600007 7.04027e-07 0)
(0.951458 -0.336953 0)
(0.906071 -0.152975 0)
(0.696528 -0.0808653 0)
(0.612504 -0.0420467 0)
(0.550206 -0.0225883 0)
(0.51898 -0.0124056 0)
(0.500035 -0.00671243 0)
(0.490118 -0.00358851 0)
(0.484654 -0.00184128 0)
(0.481925 -0.000899298 0)
(0.480595 -0.000399817 0)
(0.480031 -0.000149724 0)
(0.479835 -3.24335e-05 0)
(0.479809 1.53533e-05 0)
(0.479849 2.94916e-05 0)
(0.479904 2.87464e-05 0)
(0.479953 2.27871e-05 0)
(0.479991 1.60843e-05 0)
(0.480017 1.04358e-05 0)
(0.480033 6.2954e-06 0)
(0.480043 3.53951e-06 0)
(0.480048 1.84285e-06 0)
(0.48005 8.79118e-07 0)
(0.480052 3.70006e-07 0)
(0.480052 1.25855e-07 0)
(0.480052 2.08067e-08 0)
(0.480052 -1.76346e-08 0)
(0.480052 -2.54645e-08 0)
(0.480052 -2.67845e-08 0)
(0.480052 -2.53858e-08 0)
(0.480052 -2.44331e-08 0)
(0.480052 -1.71919e-08 0)
(0.480052 -5.72736e-09 0)
(0.480052 8.97048e-09 0)
(0.480052 2.55618e-08 0)
(0.480052 5.14265e-08 0)
(0.480052 7.62373e-08 0)
(0.480052 9.55395e-08 0)
(0.480053 1.14825e-07 0)
(0.480053 1.25255e-07 0)
(0.480053 1.28716e-07 0)
(0.480053 1.23074e-07 0)
(0.480054 1.08543e-07 0)
(0.480054 8.88624e-08 0)
(0.480054 6.08764e-08 0)
(0.480054 3.42128e-08 0)
(0.480054 5.62619e-09 0)
(0.480054 -2.51598e-08 0)
(0.480054 -4.77899e-08 0)
(0.480054 -6.69127e-08 0)
(0.480054 -8.3536e-08 0)
(0.480054 -9.64138e-08 0)
(0.480053 -1.10099e-07 0)
(0.480053 -1.16791e-07 0)
(0.480053 -1.23795e-07 0)
(0.480053 -1.34068e-07 0)
(0.480052 -1.40983e-07 0)
(0.480052 -1.43651e-07 0)
(0.480052 -1.44254e-07 0)
(0.480051 -1.3999e-07 0)
(0.480051 -1.30243e-07 0)
(0.480051 -1.12387e-07 0)
(0.480051 -8.27996e-08 0)
(0.48005 -4.63932e-08 0)
(0.48005 -6.87989e-09 0)
(0.48005 4.39891e-08 0)
(0.480051 9.54894e-08 0)
(0.480051 1.44872e-07 0)
(0.480051 1.9006e-07 0)
(0.480052 2.26924e-07 0)
(0.480052 2.49094e-07 0)
(0.480053 2.55689e-07 0)
(0.480053 2.45007e-07 0)
(0.480054 2.13914e-07 0)
(0.480054 1.62301e-07 0)
(0.480055 9.38635e-08 0)
(0.480055 1.60493e-08 0)
(0.480055 -6.96026e-08 0)
(0.480054 -1.52051e-07 0)
(0.480054 -2.22649e-07 0)
(0.480053 -2.74636e-07 0)
(0.480053 -2.99397e-07 0)
(0.480052 -2.93097e-07 0)
(0.480051 -2.58167e-07 0)
(0.480051 -1.98204e-07 0)
(0.480051 -1.16713e-07 0)
(0.48005 -2.8657e-08 0)
(0.48005 5.06675e-08 0)
(0.480051 1.12734e-07 0)
(0.480051 1.51032e-07 0)
(0.480051 1.57126e-07 0)
(0.480052 1.29548e-07 0)
(0.480052 8.78179e-08 0)
(0.480052 3.69771e-08 0)
(0.480052 -5.26962e-09 0)
(0.480052 -9.97831e-09 0)
(0.480052 1.298e-08 0)
(0.480052 1.17705e-07 0)
(0.480052 2.40123e-07 0)
(0.480054 4.89516e-07 0)
(0.829588 -0.312204 0)
(0.746422 -0.107069 0)
(0.532135 -0.0472498 0)
(0.45917 -0.0234859 0)
(0.407252 -0.0120573 0)
(0.382477 -0.00656569 0)
(0.367618 -0.00348685 0)
(0.360017 -0.0018517 0)
(0.355871 -0.000935861 0)
(0.353844 -0.000451114 0)
(0.352874 -0.000195171 0)
(0.35248 -6.92882e-05 0)
(0.352356 -1.11772e-05 0)
(0.352354 1.15334e-05 0)
(0.352395 1.74935e-05 0)
(0.352444 1.61959e-05 0)
(0.352485 1.25403e-05 0)
(0.352516 8.72318e-06 0)
(0.352537 5.60048e-06 0)
(0.35255 3.34768e-06 0)
(0.352558 1.86495e-06 0)
(0.352562 9.60177e-07 0)
(0.352564 4.51585e-07 0)
(0.352565 1.85953e-07 0)
(0.352565 6.08296e-08 0)
(0.352565 7.17026e-09 0)
(0.352565 -1.28638e-08 0)
(0.352565 -1.52513e-08 0)
(0.352565 -1.45767e-08 0)
(0.352565 -1.29685e-08 0)
(0.352565 -1.33907e-08 0)
(0.352565 -1.00502e-08 0)
(0.352565 -2.91297e-09 0)
(0.352565 5.10614e-09 0)
(0.352565 1.18703e-08 0)
(0.352565 2.52147e-08 0)
(0.352565 3.92829e-08 0)
(0.352565 4.8408e-08 0)
(0.352565 5.88366e-08 0)
(0.352566 6.36336e-08 0)
(0.352566 6.59508e-08 0)
(0.352566 6.3813e-08 0)
(0.352566 5.61199e-08 0)
(0.352566 4.65279e-08 0)
(0.352566 3.14349e-08 0)
(0.352567 1.82805e-08 0)
(0.352567 4.26068e-09 0)
(0.352567 -1.24429e-08 0)
(0.352567 -2.46287e-08 0)
(0.352566 -3.44801e-08 0)
(0.352566 -4.20176e-08 0)
(0.352566 -4.82554e-08 0)
(0.352566 -5.75287e-08 0)
(0.352566 -6.0769e-08 0)
(0.352566 -6.24594e-08 0)
(0.352565 -6.82088e-08 0)
(0.352565 -7.27878e-08 0)
(0.352565 -7.38768e-08 0)
(0.352565 -7.40682e-08 0)
(0.352564 -7.11945e-08 0)
(0.352564 -6.59778e-08 0)
(0.352564 -5.84265e-08 0)
(0.352564 -4.25207e-08 0)
(0.352564 -2.2449e-08 0)
(0.352564 -4.37857e-09 0)
(0.352564 2.21426e-08 0)
(0.352564 4.87623e-08 0)
(0.352564 7.29597e-08 0)
(0.352564 9.63229e-08 0)
(0.352565 1.16191e-07 0)
(0.352565 1.27324e-07 0)
(0.352565 1.30611e-07 0)
(0.352566 1.26213e-07 0)
(0.352566 1.11025e-07 0)
(0.352567 8.4436e-08 0)
(0.352567 4.90256e-08 0)
(0.352567 9.5726e-09 0)
(0.352567 -3.48445e-08 0)
(0.352567 -7.75962e-08 0)
(0.352566 -1.14039e-07 0)
(0.352566 -1.41018e-07 0)
(0.352565 -1.54613e-07 0)
(0.352565 -1.51546e-07 0)
(0.352564 -1.32325e-07 0)
(0.352564 -1.03324e-07 0)
(0.352564 -6.16466e-08 0)
(0.352564 -1.44641e-08 0)
(0.352564 2.63092e-08 0)
(0.352564 5.75e-08 0)
(0.352564 7.82062e-08 0)
(0.352564 8.29688e-08 0)
(0.352565 6.74073e-08 0)
(0.352565 4.56544e-08 0)
(0.352565 2.01327e-08 0)
(0.352565 -4.95813e-09 0)
(0.352565 -6.29341e-09 0)
(0.352565 6.97349e-10 0)
(0.352565 6.33697e-08 0)
(0.352565 1.18627e-07 0)
(0.352566 2.95969e-07 0)
(0.624504 -0.240993 0)
(0.521049 -0.056945 0)
(0.338599 -0.0189331 0)
(0.287838 -0.00912797 0)
(0.252432 -0.00438497 0)
(0.236417 -0.00239425 0)
(0.226835 -0.00123457 0)
(0.222062 -0.000653254 0)
(0.219478 -0.000322195 0)
(0.218245 -0.000152678 0)
(0.217669 -6.31198e-05 0)
(0.217448 -2.04111e-05 0)
(0.217388 -1.10136e-06 0)
(0.2174 5.90971e-06 0)
(0.217433 7.33909e-06 0)
(0.217469 6.41355e-06 0)
(0.217498 4.8269e-06 0)
(0.217519 3.29505e-06 0)
(0.217533 2.08716e-06 0)
(0.217541 1.23269e-06 0)
(0.217546 6.77751e-07 0)
(0.217549 3.4295e-07 0)
(0.21755 1.57533e-07 0)
(0.217551 6.24835e-08 0)
(0.217551 1.95487e-08 0)
(0.217551 1.23851e-09 0)
(0.217551 -6.78767e-09 0)
(0.217551 -6.5347e-09 0)
(0.217551 -5.24971e-09 0)
(0.217551 -3.49424e-09 0)
(0.217551 -4.39332e-09 0)
(0.217551 -4.55494e-09 0)
(0.217551 -1.19116e-09 0)
(0.217551 2.61941e-09 0)
(0.217551 3.41604e-09 0)
(0.217551 6.92312e-09 0)
(0.217551 1.34067e-08 0)
(0.217551 1.6365e-08 0)
(0.217551 2.08095e-08 0)
(0.217551 2.17568e-08 0)
(0.217551 2.28352e-08 0)
(0.217552 2.31749e-08 0)
(0.217552 2.04057e-08 0)
(0.217552 1.74501e-08 0)
(0.217552 1.0961e-08 0)
(0.217552 6.67442e-09 0)
(0.217552 3.08275e-09 0)
(0.217552 -3.64374e-09 0)
(0.217552 -8.48314e-09 0)
(0.217552 -1.24044e-08 0)
(0.217552 -1.4194e-08 0)
(0.217552 -1.51799e-08 0)
(0.217552 -2.10868e-08 0)
(0.217551 -2.29064e-08 0)
(0.217551 -2.12534e-08 0)
(0.217551 -2.33683e-08 0)
(0.217551 -2.59527e-08 0)
(0.217551 -2.62924e-08 0)
(0.217551 -2.66471e-08 0)
(0.217551 -2.50335e-08 0)
(0.21755 -2.23263e-08 0)
(0.21755 -2.14778e-08 0)
(0.21755 -1.61126e-08 0)
(0.21755 -6.68007e-09 0)
(0.21755 -2.17486e-09 0)
(0.21755 7.16054e-09 0)
(0.21755 1.75276e-08 0)
(0.21755 2.48371e-08 0)
(0.217551 3.26431e-08 0)
(0.217551 4.13428e-08 0)
(0.217551 4.54813e-08 0)
(0.217551 4.55022e-08 0)
(0.217552 4.49535e-08 0)
(0.217552 4.05329e-08 0)
(0.217552 3.08052e-08 0)
(0.217552 1.74767e-08 0)
(0.217552 3.9117e-09 0)
(0.217552 -1.19168e-08 0)
(0.217552 -2.69652e-08 0)
(0.217552 -4.04721e-08 0)
(0.217552 -5.02396e-08 0)
(0.217551 -5.49137e-08 0)
(0.217551 -5.44014e-08 0)
(0.217551 -4.67869e-08 0)
(0.21755 -3.70068e-08 0)
(0.21755 -2.35838e-08 0)
(0.21755 -5.25496e-09 0)
(0.21755 1.01938e-08 0)
(0.21755 1.98088e-08 0)
(0.21755 2.7858e-08 0)
(0.217551 3.12672e-08 0)
(0.217551 2.43811e-08 0)
(0.217551 1.61766e-08 0)
(0.217551 8.47982e-09 0)
(0.217551 -2.38312e-09 0)
(0.217551 -2.85489e-09 0)
(0.217551 -3.55468e-09 0)
(0.217551 2.48117e-08 0)
(0.217551 3.74088e-08 0)
(0.217552 1.36179e-07 0)
(0.284081 -0.0951082 0)
(0.209846 -0.0158802 0)
(0.118976 -0.00353857 0)
(0.100419 -0.00169157 0)
(0.0870945 -0.000720509 0)
(0.0815042 -0.000402798 0)
(0.0781085 -0.000195487 0)
(0.0764831 -0.000103514 0)
(0.0756065 -4.84022e-05 0)
(0.0752047 -2.21885e-05 0)
(0.0750228 -8.1911e-06 0)
(0.07496 -1.97649e-06 0)
(0.0749484 7.17892e-07 0)
(0.0749583 1.51319e-06 0)
(0.0749738 1.53053e-06 0)
(0.0749884 1.23697e-06 0)
(0.0749998 8.92142e-07 0)
(0.0750078 5.90846e-07 0)
(0.075013 3.66026e-07 0)
(0.0750161 2.12044e-07 0)
(0.0750179 1.13978e-07 0)
(0.0750188 5.59891e-08 0)
(0.0750192 2.46309e-08 0)
(0.0750194 8.81664e-09 0)
(0.0750195 2.51848e-09 0)
(0.0750195 -2.7123e-10 0)
(0.0750195 -1.98247e-09 0)
(0.0750194 -1.79631e-09 0)
(0.0750194 -1.42347e-09 0)
(0.0750194 -4.79711e-10 0)
(0.0750194 -6.8505e-10 0)
(0.0750194 -1.09338e-09 0)
(0.0750194 -3.24554e-10 0)
(0.0750194 5.43564e-10 0)
(0.0750194 4.47536e-10 0)
(0.0750194 9.87064e-10 0)
(0.0750194 2.37851e-09 0)
(0.0750195 2.55221e-09 0)
(0.0750195 3.64735e-09 0)
(0.0750196 3.53365e-09 0)
(0.0750196 3.56913e-09 0)
(0.0750196 3.86665e-09 0)
(0.0750197 3.33312e-09 0)
(0.0750197 3.05405e-09 0)
(0.0750198 1.76315e-09 0)
(0.0750198 9.59998e-10 0)
(0.0750198 5.43323e-10 0)
(0.0750198 -4.73808e-10 0)
(0.0750198 -1.38965e-09 0)
(0.0750197 -2.42513e-09 0)
(0.0750197 -2.51933e-09 0)
(0.0750197 -2.05853e-09 0)
(0.0750196 -3.61332e-09 0)
(0.0750196 -4.28216e-09 0)
(0.0750196 -3.27097e-09 0)
(0.0750195 -3.48188e-09 0)
(0.0750195 -4.22813e-09 0)
(0.0750194 -4.19705e-09 0)
(0.0750194 -4.35352e-09 0)
(0.0750193 -4.04929e-09 0)
(0.0750193 -3.13431e-09 0)
(0.0750192 -3.47893e-09 0)
(0.0750192 -2.71389e-09 0)
(0.0750192 -4.97867e-10 0)
(0.0750192 -4.98635e-10 0)
(0.0750192 1.21159e-09 0)
(0.0750192 3.03182e-09 0)
(0.0750192 3.48164e-09 0)
(0.0750193 4.63889e-09 0)
(0.0750194 6.7077e-09 0)
(0.0750194 7.38471e-09 0)
(0.0750195 6.91649e-09 0)
(0.0750196 7.20394e-09 0)
(0.0750197 7.0897e-09 0)
(0.0750198 5.20318e-09 0)
(0.0750198 2.92239e-09 0)
(0.0750198 1.25084e-09 0)
(0.0750198 -1.78437e-09 0)
(0.0750198 -4.18171e-09 0)
(0.0750197 -6.20286e-09 0)
(0.0750196 -8.29001e-09 0)
(0.0750195 -8.8981e-09 0)
(0.0750194 -9.0818e-09 0)
(0.0750193 -7.73521e-09 0)
(0.0750192 -5.99097e-09 0)
(0.0750192 -4.60618e-09 0)
(0.0750192 -1.09304e-09 0)
(0.0750192 1.91894e-09 0)
(0.0750192 2.83154e-09 0)
(0.0750192 4.62363e-09 0)
(0.0750193 5.74438e-09 0)
(0.0750194 4.07452e-09 0)
(0.0750194 2.63411e-09 0)
(0.0750194 1.8434e-09 0)
(0.0750194 -4.25196e-10 0)
(0.0750194 -8.96495e-10 0)
(0.0750194 -2.28478e-09 0)
(0.0750194 4.50956e-09 0)
(0.0750194 3.86322e-09 0)
(0.0750197 3.34676e-08 0)
)
;

boundaryField
{
    inlet
    {
        type            fixedValue;
        value           uniform (1 0 0);
    }
    outlet
    {
        type            zeroGradient;
    }
    upperWall
    {
        type            noSlip;
    }
    lowerWall
    {
        type            noSlip;
    }
    frontAndBack
    {
        type            empty;
    }
}


// ************************************************************************* //
