/*--------------------------------*- C++ -*----------------------------------*\
| =========                 |                                                 |
| \\      /  F ield         | OpenFOAM: The Open Source CFD Toolbox           |
|  \\    /   O peration     | Version:  5.x                                   |
|   \\  /    A nd           | Web:      www.OpenFOAM.org                      |
|    \\/     M anipulation  |                                                 |
\*---------------------------------------------------------------------------*/
FoamFile
{
    version     2.0;
    format      ascii;
    class       volScalarField;
    location    "0.04";
    object      p;
}
// * * * * * * * * * * * * * * * * * * * * * * * * * * * * * * * * * * * * * //

dimensions      [0 2 -2 0 0 0 0];

internalField   nonuniform List<scalar> 
4000
(
15.7232
12.3581
12.2129
11.9256
11.7964
11.6605
11.5429
11.4236
11.3052
11.1851
11.0639
10.9417
10.8189
10.6957
10.5723
10.4488
10.3252
10.2015
10.0779
9.95423
9.83057
9.70692
9.58326
9.4596
9.33595
9.21229
9.08864
8.96498
8.84133
8.71767
8.59402
8.47036
8.3467
8.22305
8.09939
7.97574
7.85208
7.72843
7.60477
7.48112
7.35747
7.23381
7.11016
6.98651
6.86285
6.7392
6.61555
6.4919
6.36824
6.24459
6.12093
5.99728
5.87362
5.74997
5.62631
5.50266
5.379
5.25535
5.13169
5.00803
4.88437
4.76072
4.63706
4.5134
4.38975
4.26609
4.14243
4.01878
3.89513
3.77147
3.64782
3.52417
3.40051
3.27686
3.15321
3.02956
2.90591
2.78225
2.6586
2.53495
2.41129
2.28763
2.16397
2.04032
1.91666
1.793
1.66934
1.54569
1.42203
1.29838
1.17473
1.05107
0.927417
0.80376
0.680102
0.556441
0.432783
0.309116
0.185468
0.061783
15.1655
12.4705
12.2848
11.9581
11.814
11.6693
11.5474
11.4258
11.3061
11.1854
11.064
10.9417
10.8189
10.6957
10.5723
10.4488
10.3252
10.2015
10.0779
9.95423
9.83057
9.70692
9.58326
9.4596
9.33595
9.21229
9.08864
8.96498
8.84133
8.71767
8.59402
8.47036
8.3467
8.22305
8.09939
7.97574
7.85208
7.72843
7.60477
7.48112
7.35747
7.23381
7.11016
6.98651
6.86285
6.7392
6.61555
6.4919
6.36824
6.24459
6.12093
5.99728
5.87362
5.74997
5.62631
5.50266
5.379
5.25534
5.13169
5.00803
4.88437
4.76072
4.63706
4.5134
4.38975
4.26609
4.14244
4.01878
3.89513
3.77147
3.64782
3.52417
3.40051
3.27686
3.15321
3.02956
2.90591
2.78225
2.6586
2.53494
2.41129
2.28763
2.16397
2.04032
1.91666
1.793
1.66934
1.54569
1.42203
1.29838
1.17472
1.05107
0.927416
0.80376
0.680102
0.556442
0.432785
0.309118
0.185472
0.0617874
14.6542
12.5299
12.3335
11.9836
11.8291
11.6772
11.5516
11.4278
11.3071
11.1858
11.0641
10.9417
10.8189
10.6957
10.5723
10.4487
10.3252
10.2015
10.0779
9.95423
9.83057
9.70692
9.58326
9.4596
9.33595
9.21229
9.08864
8.96498
8.84133
8.71767
8.59402
8.47036
8.3467
8.22305
8.09939
7.97574
7.85208
7.72843
7.60477
7.48112
7.35747
7.23381
7.11016
6.98651
6.86285
6.7392
6.61555
6.49189
6.36824
6.24459
6.12093
5.99728
5.87362
5.74997
5.62631
5.50266
5.379
5.25534
5.13169
5.00803
4.88437
4.76072
4.63706
4.5134
4.38975
4.26609
4.14244
4.01878
3.89513
3.77147
3.64782
3.52417
3.40051
3.27686
3.15321
3.02956
2.90591
2.78225
2.6586
2.53494
2.41129
2.28763
2.16397
2.04032
1.91666
1.793
1.66934
1.54569
1.42203
1.29838
1.17472
1.05107
0.927416
0.80376
0.680103
0.556443
0.432786
0.30912
0.185476
0.0617903
14.2369
12.5503
12.354
12.0005
11.8403
11.6835
11.5551
11.4296
11.3079
11.1862
11.0642
10.9418
10.8189
10.6957
10.5723
10.4487
10.3251
10.2015
10.0779
9.95423
9.83057
9.70692
9.58326
9.4596
9.33595
9.21229
9.08864
8.96498
8.84133
8.71767
8.59402
8.47036
8.34671
8.22305
8.09939
7.97574
7.85208
7.72843
7.60477
7.48112
7.35747
7.23381
7.11016
6.98651
6.86285
6.7392
6.61555
6.49189
6.36824
6.24459
6.12093
5.99728
5.87362
5.74997
5.62631
5.50266
5.379
5.25534
5.13169
5.00803
4.88437
4.76072
4.63706
4.5134
4.38975
4.26609
4.14244
4.01878
3.89513
3.77147
3.64782
3.52417
3.40051
3.27686
3.15321
3.02956
2.9059
2.78225
2.6586
2.53494
2.41129
2.28763
2.16397
2.04032
1.91666
1.793
1.66934
1.54569
1.42203
1.29838
1.17472
1.05107
0.927416
0.803759
0.680103
0.556444
0.432788
0.309122
0.18548
0.0617921
13.8833
12.5521
12.3583
12.0126
11.8491
11.6889
11.5584
11.4313
11.3089
11.1866
11.0644
10.9418
10.8189
10.6957
10.5723
10.4487
10.3251
10.2015
10.0779
9.95423
9.83057
9.70692
9.58326
9.4596
9.33595
9.21229
9.08864
8.96498
8.84133
8.71767
8.59402
8.47036
8.34671
8.22305
8.09939
7.97574
7.85208
7.72843
7.60477
7.48112
7.35747
7.23381
7.11016
6.98651
6.86285
6.7392
6.61555
6.49189
6.36824
6.24459
6.12093
5.99728
5.87362
5.74997
5.62631
5.50266
5.379
5.25534
5.13169
5.00803
4.88437
4.76072
4.63706
4.5134
4.38975
4.26609
4.14244
4.01878
3.89513
3.77147
3.64782
3.52417
3.40051
3.27686
3.15321
3.02956
2.9059
2.78225
2.6586
2.53494
2.41129
2.28763
2.16397
2.04032
1.91666
1.793
1.66934
1.54569
1.42203
1.29838
1.17472
1.05107
0.927415
0.803759
0.680103
0.556444
0.432789
0.309124
0.185482
0.0617937
13.5803
12.542
12.353
12.0213
11.8561
11.6939
11.5614
11.4331
11.3098
11.1871
11.0647
10.9419
10.8189
10.6957
10.5723
10.4487
10.3251
10.2015
10.0779
9.95422
9.83057
9.70692
9.58326
9.4596
9.33595
9.21229
9.08864
8.96498
8.84133
8.71767
8.59402
8.47036
8.34671
8.22305
8.09939
7.97574
7.85208
7.72843
7.60477
7.48112
7.35747
7.23381
7.11016
6.98651
6.86285
6.7392
6.61555
6.49189
6.36824
6.24459
6.12093
5.99728
5.87362
5.74997
5.62631
5.50266
5.379
5.25534
5.13169
5.00803
4.88437
4.76072
4.63706
4.5134
4.38975
4.26609
4.14244
4.01878
3.89513
3.77147
3.64782
3.52417
3.40051
3.27686
3.15321
3.02956
2.9059
2.78225
2.6586
2.53494
2.41129
2.28763
2.16397
2.04032
1.91666
1.793
1.66934
1.54569
1.42203
1.29838
1.17472
1.05107
0.927415
0.803759
0.680104
0.556445
0.43279
0.309126
0.185484
0.0617952
13.3238
12.5231
12.3414
12.0274
11.8616
11.6983
11.5643
11.4348
11.3108
11.1876
11.0649
10.9421
10.819
10.6957
10.5723
10.4487
10.3251
10.2015
10.0779
9.95422
9.83057
9.70692
9.58326
9.4596
9.33595
9.21229
9.08864
8.96498
8.84133
8.71767
8.59402
8.47036
8.34671
8.22305
8.0994
7.97574
7.85208
7.72843
7.60477
7.48112
7.35747
7.23381
7.11016
6.98651
6.86286
6.7392
6.61555
6.49189
6.36824
6.24459
6.12093
5.99728
5.87362
5.74997
5.62631
5.50265
5.379
5.25534
5.13169
5.00803
4.88437
4.76072
4.63706
4.5134
4.38975
4.26609
4.14244
4.01878
3.89513
3.77147
3.64782
3.52417
3.40051
3.27686
3.15321
3.02956
2.9059
2.78225
2.65859
2.53494
2.41128
2.28763
2.16397
2.04032
1.91666
1.793
1.66934
1.54569
1.42203
1.29838
1.17472
1.05107
0.927415
0.80376
0.680104
0.556446
0.432792
0.309128
0.185486
0.0617967
13.1088
12.4985
12.3256
12.0315
11.8661
11.7025
11.5671
11.4366
11.3119
11.1882
11.0652
10.9422
10.8191
10.6957
10.5723
10.4487
10.3251
10.2015
10.0779
9.95422
9.83057
9.70692
9.58326
9.4596
9.33595
9.21229
9.08864
8.96498
8.84133
8.71767
8.59402
8.47036
8.34671
8.22305
8.0994
7.97574
7.85208
7.72843
7.60478
7.48112
7.35747
7.23381
7.11016
6.98651
6.86286
6.7392
6.61555
6.49189
6.36824
6.24459
6.12093
5.99728
5.87362
5.74997
5.62631
5.50265
5.379
5.25534
5.13169
5.00803
4.88437
4.76072
4.63706
4.51341
4.38975
4.26609
4.14244
4.01878
3.89513
3.77148
3.64782
3.52417
3.40051
3.27686
3.15321
3.02956
2.9059
2.78225
2.65859
2.53494
2.41128
2.28763
2.16397
2.04032
1.91666
1.793
1.66934
1.54569
1.42203
1.29838
1.17472
1.05107
0.927415
0.80376
0.680104
0.556447
0.432793
0.309129
0.185487
0.0617984
12.93
12.4708
12.3078
12.034
11.8698
11.7064
11.5699
11.4385
11.313
11.1888
11.0656
10.9424
10.8191
10.6958
10.5723
10.4487
10.3251
10.2015
10.0779
9.95422
9.83057
9.70692
9.58326
9.4596
9.33595
9.21229
9.08864
8.96498
8.84133
8.71767
8.59402
8.47036
8.34671
8.22305
8.0994
7.97574
7.85209
7.72843
7.60478
7.48112
7.35747
7.23382
7.11016
6.98651
6.86286
6.7392
6.61555
6.49189
6.36824
6.24459
6.12093
5.99728
5.87362
5.74997
5.62631
5.50265
5.379
5.25534
5.13169
5.00803
4.88437
4.76072
4.63706
4.51341
4.38975
4.26609
4.14244
4.01878
3.89513
3.77148
3.64782
3.52417
3.40051
3.27686
3.15321
3.02955
2.9059
2.78225
2.65859
2.53494
2.41128
2.28763
2.16397
2.04032
1.91666
1.793
1.66934
1.54569
1.42203
1.29838
1.17472
1.05107
0.927415
0.80376
0.680105
0.556447
0.432794
0.309131
0.185488
0.0618002
12.782
12.4419
12.2892
12.0355
11.873
11.7102
11.5727
11.4404
11.3141
11.1895
11.066
10.9426
10.8192
10.6958
10.5723
10.4487
10.3251
10.2015
10.0779
9.95422
9.83057
9.70692
9.58326
9.4596
9.33595
9.21229
9.08864
8.96498
8.84133
8.71767
8.59402
8.47036
8.34671
8.22305
8.0994
7.97574
7.85209
7.72843
7.60478
7.48112
7.35747
7.23382
7.11016
6.98651
6.86286
6.7392
6.61555
6.49189
6.36824
6.24459
6.12093
5.99728
5.87362
5.74996
5.62631
5.50265
5.379
5.25534
5.13168
5.00803
4.88437
4.76072
4.63706
4.51341
4.38975
4.2661
4.14244
4.01879
3.89513
3.77148
3.64782
3.52417
3.40051
3.27686
3.15321
3.02955
2.9059
2.78225
2.65859
2.53494
2.41128
2.28763
2.16397
2.04032
1.91666
1.793
1.66934
1.54569
1.42203
1.29838
1.17472
1.05107
0.927415
0.80376
0.680105
0.556448
0.432794
0.309132
0.185488
0.0618022
12.6604
12.4135
12.2709
12.0363
11.8757
11.7139
11.5755
11.4423
11.3153
11.1902
11.0664
10.9428
10.8193
10.6959
10.5723
10.4488
10.3251
10.2015
10.0779
9.95422
9.83057
9.70692
9.58326
9.45961
9.33595
9.21229
9.08864
8.96498
8.84133
8.71767
8.59402
8.47036
8.34671
8.22305
8.0994
7.97574
7.85209
7.72843
7.60478
7.48112
7.35747
7.23382
7.11016
6.98651
6.86286
6.7392
6.61555
6.49189
6.36824
6.24458
6.12093
5.99728
5.87362
5.74996
5.62631
5.50265
5.379
5.25534
5.13168
5.00803
4.88437
4.76072
4.63706
4.51341
4.38975
4.2661
4.14244
4.01879
3.89513
3.77148
3.64782
3.52417
3.40051
3.27686
3.15321
3.02955
2.9059
2.78225
2.65859
2.53494
2.41128
2.28763
2.16397
2.04032
1.91666
1.793
1.66934
1.54569
1.42203
1.29838
1.17472
1.05107
0.927414
0.803759
0.680105
0.556448
0.432795
0.309133
0.185488
0.0618045
12.5613
12.3865
12.2536
12.0366
11.8782
11.7174
11.5783
11.4443
11.3166
11.191
11.0668
10.943
10.8195
10.6959
10.5724
10.4488
10.3251
10.2015
10.0779
9.95422
9.83057
9.70692
9.58326
9.45961
9.33595
9.21229
9.08864
8.96498
8.84133
8.71767
8.59402
8.47036
8.34671
8.22305
8.0994
7.97574
7.85209
7.72843
7.60478
7.48112
7.35747
7.23382
7.11016
6.98651
6.86286
6.7392
6.61555
6.49189
6.36824
6.24458
6.12093
5.99727
5.87362
5.74996
5.62631
5.50265
5.379
5.25534
5.13168
5.00803
4.88437
4.76072
4.63706
4.51341
4.38975
4.2661
4.14244
4.01879
3.89513
3.77148
3.64782
3.52417
3.40051
3.27686
3.15321
3.02955
2.9059
2.78225
2.65859
2.53494
2.41128
2.28763
2.16397
2.04031
1.91666
1.793
1.66934
1.54569
1.42203
1.29838
1.17472
1.05107
0.927414
0.803759
0.680105
0.556449
0.432795
0.309134
0.185488
0.061807
12.481
12.3617
12.2377
12.0365
11.8804
11.7208
11.5809
11.4462
11.3178
11.1917
11.0672
10.9432
10.8196
10.696
10.5724
10.4488
10.3252
10.2015
10.0779
9.95422
9.83057
9.70692
9.58326
9.45961
9.33595
9.21229
9.08864
8.96498
8.84133
8.71767
8.59402
8.47036
8.34671
8.22305
8.0994
7.97574
7.85209
7.72843
7.60478
7.48113
7.35747
7.23382
7.11016
6.98651
6.86286
6.7392
6.61555
6.49189
6.36824
6.24458
6.12093
5.99727
5.87362
5.74996
5.62631
5.50265
5.379
5.25534
5.13168
5.00803
4.88437
4.76072
4.63706
4.51341
4.38975
4.2661
4.14244
4.01879
3.89513
3.77148
3.64782
3.52417
3.40051
3.27686
3.15321
3.02955
2.9059
2.78225
2.65859
2.53494
2.41128
2.28763
2.16397
2.04031
1.91666
1.793
1.66934
1.54569
1.42203
1.29838
1.17472
1.05107
0.927414
0.803759
0.680105
0.556449
0.432795
0.309135
0.185488
0.0618096
12.4168
12.3394
12.2235
12.0363
11.8823
11.724
11.5835
11.448
11.319
11.1924
11.0676
10.9435
10.8197
10.696
10.5724
10.4488
10.3252
10.2015
10.0779
9.95422
9.83057
9.70692
9.58326
9.45961
9.33595
9.21229
9.08864
8.96498
8.84133
8.71767
8.59402
8.47036
8.34671
8.22305
8.0994
7.97574
7.85209
7.72843
7.60478
7.48113
7.35747
7.23382
7.11016
6.98651
6.86286
6.7392
6.61555
6.49189
6.36824
6.24458
6.12093
5.99727
5.87362
5.74996
5.62631
5.50265
5.379
5.25534
5.13168
5.00803
4.88437
4.76072
4.63706
4.51341
4.38975
4.2661
4.14244
4.01879
3.89513
3.77148
3.64782
3.52417
3.40051
3.27686
3.15321
3.02955
2.9059
2.78224
2.65859
2.53494
2.41128
2.28763
2.16397
2.04031
1.91666
1.793
1.66934
1.54569
1.42203
1.29838
1.17472
1.05107
0.927414
0.803759
0.680105
0.556449
0.432795
0.309136
0.185487
0.0618125
12.366
12.3202
12.2113
12.036
11.8841
11.7268
11.5858
11.4498
11.3201
11.1931
11.068
10.9437
10.8198
10.6961
10.5724
10.4488
10.3252
10.2015
10.0779
9.95422
9.83057
9.70692
9.58326
9.45961
9.33595
9.21229
9.08864
8.96498
8.84133
8.71767
8.59402
8.47036
8.34671
8.22305
8.0994
7.97574
7.85209
7.72844
7.60478
7.48113
7.35747
7.23382
7.11016
6.98651
6.86286
6.7392
6.61555
6.49189
6.36824
6.24458
6.12093
5.99727
5.87362
5.74996
5.62631
5.50265
5.37899
5.25534
5.13168
5.00803
4.88437
4.76072
4.63706
4.51341
4.38975
4.2661
4.14244
4.01879
3.89513
3.77148
3.64782
3.52417
3.40052
3.27686
3.15321
3.02955
2.9059
2.78224
2.65859
2.53494
2.41128
2.28762
2.16397
2.04031
1.91666
1.793
1.66934
1.54569
1.42203
1.29838
1.17472
1.05107
0.927413
0.803759
0.680104
0.556449
0.432795
0.309137
0.185486
0.0618155
12.3267
12.304
12.201
12.0356
11.8856
11.7293
11.5879
11.4513
11.3211
11.1937
11.0683
10.9438
10.8199
10.6961
10.5724
10.4488
10.3252
10.2015
10.0779
9.95422
9.83057
9.70692
9.58326
9.45961
9.33595
9.2123
9.08864
8.96498
8.84133
8.71767
8.59402
8.47036
8.34671
8.22305
8.0994
7.97575
7.85209
7.72844
7.60478
7.48113
7.35747
7.23382
7.11017
6.98651
6.86286
6.7392
6.61555
6.49189
6.36824
6.24458
6.12093
5.99727
5.87362
5.74996
5.62631
5.50265
5.37899
5.25534
5.13168
5.00803
4.88437
4.76072
4.63706
4.51341
4.38975
4.2661
4.14244
4.01879
3.89513
3.77148
3.64782
3.52417
3.40052
3.27686
3.15321
3.02955
2.9059
2.78224
2.65859
2.53493
2.41128
2.28762
2.16397
2.04031
1.91666
1.793
1.66934
1.54569
1.42203
1.29838
1.17472
1.05107
0.927413
0.803758
0.680104
0.556449
0.432795
0.309137
0.185486
0.0618185
12.2971
12.291
12.1928
12.0353
11.8868
11.7314
11.5896
11.4526
11.3219
11.1942
11.0686
10.944
10.82
10.6962
10.5725
10.4488
10.3252
10.2015
10.0779
9.95422
9.83057
9.70692
9.58326
9.45961
9.33595
9.2123
9.08864
8.96499
8.84133
8.71768
8.59402
8.47037
8.34671
8.22306
8.0994
7.97575
7.85209
7.72844
7.60478
7.48113
7.35747
7.23382
7.11017
6.98651
6.86286
6.7392
6.61555
6.49189
6.36824
6.24458
6.12093
5.99727
5.87362
5.74996
5.62631
5.50265
5.37899
5.25534
5.13168
5.00803
4.88437
4.76072
4.63706
4.51341
4.38975
4.2661
4.14244
4.01879
3.89513
3.77148
3.64782
3.52417
3.40052
3.27686
3.15321
3.02955
2.9059
2.78224
2.65859
2.53493
2.41128
2.28762
2.16397
2.04031
1.91666
1.793
1.66934
1.54569
1.42203
1.29838
1.17472
1.05107
0.927413
0.803758
0.680103
0.556448
0.432794
0.309138
0.185485
0.0618217
12.276
12.2812
12.1866
12.035
11.8878
11.733
11.591
11.4536
11.3226
11.1946
11.0688
10.9441
10.82
10.6962
10.5725
10.4488
10.3252
10.2015
10.0779
9.95422
9.83057
9.70692
9.58326
9.45961
9.33595
9.2123
9.08864
8.96499
8.84133
8.71768
8.59402
8.47037
8.34671
8.22306
8.0994
7.97575
7.85209
7.72844
7.60478
7.48113
7.35747
7.23382
7.11017
6.98651
6.86286
6.7392
6.61555
6.49189
6.36824
6.24458
6.12093
5.99727
5.87362
5.74996
5.6263
5.50265
5.37899
5.25534
5.13168
5.00803
4.88437
4.76072
4.63706
4.51341
4.38975
4.2661
4.14244
4.01879
3.89513
3.77148
3.64782
3.52417
3.40052
3.27686
3.15321
3.02955
2.9059
2.78224
2.65859
2.53493
2.41128
2.28762
2.16397
2.04031
1.91666
1.793
1.66934
1.54569
1.42203
1.29838
1.17472
1.05107
0.927412
0.803757
0.680103
0.556448
0.432794
0.309138
0.185484
0.0618249
12.2625
12.2747
12.1825
12.0348
11.8884
11.7341
11.5919
11.4543
11.3231
11.1949
11.069
10.9442
10.8201
10.6962
10.5725
10.4488
10.3252
10.2015
10.0779
9.95422
9.83057
9.70692
9.58326
9.45961
9.33595
9.2123
9.08864
8.96499
8.84133
8.71768
8.59402
8.47037
8.34671
8.22306
8.0994
7.97575
7.85209
7.72844
7.60478
7.48113
7.35748
7.23382
7.11017
6.98651
6.86286
6.7392
6.61555
6.49189
6.36824
6.24458
6.12093
5.99727
5.87362
5.74996
5.6263
5.50265
5.37899
5.25534
5.13168
5.00803
4.88437
4.76072
4.63706
4.51341
4.38975
4.2661
4.14244
4.01879
3.89513
3.77148
3.64782
3.52417
3.40052
3.27686
3.15321
3.02955
2.9059
2.78224
2.65859
2.53493
2.41128
2.28762
2.16397
2.04031
1.91666
1.793
1.66934
1.54569
1.42203
1.29838
1.17472
1.05107
0.927412
0.803757
0.680102
0.556448
0.432793
0.309139
0.185483
0.061828
12.2558
12.2715
12.1805
12.0347
11.8887
11.7347
11.5924
11.4546
11.3233
11.195
11.0691
10.9443
10.8201
10.6962
10.5725
10.4488
10.3252
10.2015
10.0779
9.95422
9.83057
9.70692
9.58326
9.45961
9.33595
9.2123
9.08864
8.96499
8.84133
8.71768
8.59402
8.47037
8.34671
8.22306
8.0994
7.97575
7.85209
7.72844
7.60479
7.48113
7.35748
7.23382
7.11017
6.98651
6.86286
6.7392
6.61555
6.49189
6.36824
6.24458
6.12093
5.99727
5.87362
5.74996
5.6263
5.50265
5.37899
5.25534
5.13168
5.00803
4.88437
4.76072
4.63706
4.51341
4.38975
4.2661
4.14244
4.01879
3.89513
3.77148
3.64783
3.52417
3.40052
3.27686
3.15321
3.02955
2.9059
2.78224
2.65859
2.53493
2.41128
2.28762
2.16397
2.04031
1.91665
1.793
1.66934
1.54569
1.42203
1.29838
1.17472
1.05107
0.927411
0.803756
0.680102
0.556447
0.432793
0.309139
0.185482
0.0618311
12.2558
12.2715
12.1805
12.0347
11.8888
11.7347
11.5924
11.4546
11.3233
11.195
11.0691
10.9443
10.8201
10.6962
10.5725
10.4488
10.3252
10.2015
10.0779
9.95422
9.83057
9.70692
9.58326
9.45961
9.33595
9.2123
9.08864
8.96499
8.84133
8.71768
8.59402
8.47037
8.34671
8.22306
8.0994
7.97575
7.85209
7.72844
7.60479
7.48113
7.35748
7.23382
7.11017
6.98651
6.86286
6.7392
6.61555
6.49189
6.36824
6.24458
6.12093
5.99727
5.87362
5.74996
5.6263
5.50265
5.37899
5.25534
5.13168
5.00803
4.88437
4.76072
4.63706
4.51341
4.38975
4.2661
4.14244
4.01879
3.89513
3.77148
3.64783
3.52417
3.40052
3.27686
3.15321
3.02955
2.9059
2.78224
2.65859
2.53493
2.41128
2.28762
2.16396
2.04031
1.91665
1.793
1.66934
1.54569
1.42203
1.29838
1.17472
1.05107
0.927411
0.803756
0.680101
0.556447
0.432792
0.309139
0.185481
0.0618341
12.2625
12.2747
12.1825
12.0348
11.8884
11.7341
11.5919
11.4543
11.3231
11.1949
11.069
10.9442
10.8201
10.6962
10.5725
10.4488
10.3252
10.2015
10.0779
9.95422
9.83057
9.70692
9.58326
9.45961
9.33595
9.2123
9.08864
8.96499
8.84133
8.71768
8.59402
8.47037
8.34671
8.22306
8.0994
7.97575
7.8521
7.72844
7.60479
7.48113
7.35748
7.23382
7.11017
6.98651
6.86286
6.7392
6.61555
6.49189
6.36824
6.24458
6.12093
5.99727
5.87361
5.74996
5.6263
5.50265
5.37899
5.25534
5.13168
5.00803
4.88437
4.76072
4.63706
4.51341
4.38975
4.2661
4.14244
4.01879
3.89513
3.77148
3.64783
3.52417
3.40052
3.27686
3.15321
3.02955
2.9059
2.78224
2.65859
2.53493
2.41127
2.28762
2.16396
2.04031
1.91665
1.793
1.66934
1.54569
1.42203
1.29838
1.17472
1.05107
0.927411
0.803756
0.680101
0.556447
0.432792
0.30914
0.18548
0.0618369
12.276
12.2812
12.1866
12.035
11.8878
11.733
11.591
11.4536
11.3226
11.1946
11.0689
10.9441
10.82
10.6962
10.5725
10.4488
10.3252
10.2015
10.0779
9.95423
9.83057
9.70692
9.58327
9.45961
9.33596
9.2123
9.08864
8.96499
8.84133
8.71768
8.59402
8.47037
8.34671
8.22306
8.0994
7.97575
7.8521
7.72844
7.60479
7.48113
7.35748
7.23382
7.11017
6.98651
6.86286
6.7392
6.61555
6.49189
6.36824
6.24458
6.12093
5.99727
5.87361
5.74996
5.6263
5.50265
5.37899
5.25534
5.13168
5.00803
4.88437
4.76072
4.63706
4.51341
4.38975
4.2661
4.14244
4.01879
3.89513
3.77148
3.64783
3.52417
3.40052
3.27686
3.15321
3.02955
2.9059
2.78224
2.65859
2.53493
2.41127
2.28762
2.16396
2.04031
1.91665
1.793
1.66934
1.54569
1.42203
1.29838
1.17472
1.05107
0.92741
0.803755
0.6801
0.556446
0.432791
0.30914
0.18548
0.0618396
12.2971
12.291
12.1928
12.0353
11.8868
11.7314
11.5896
11.4526
11.322
11.1942
11.0686
10.944
10.82
10.6962
10.5725
10.4488
10.3252
10.2015
10.0779
9.95423
9.83057
9.70692
9.58327
9.45961
9.33596
9.2123
9.08864
8.96499
8.84133
8.71768
8.59402
8.47037
8.34671
8.22306
8.09941
7.97575
7.8521
7.72844
7.60479
7.48113
7.35748
7.23382
7.11017
6.98651
6.86286
6.7392
6.61555
6.49189
6.36824
6.24458
6.12093
5.99727
5.87361
5.74996
5.6263
5.50265
5.37899
5.25534
5.13168
5.00803
4.88437
4.76072
4.63706
4.51341
4.38975
4.2661
4.14244
4.01879
3.89514
3.77148
3.64783
3.52417
3.40052
3.27686
3.15321
3.02955
2.9059
2.78224
2.65859
2.53493
2.41127
2.28762
2.16396
2.04031
1.91665
1.793
1.66934
1.54569
1.42203
1.29838
1.17472
1.05107
0.92741
0.803755
0.6801
0.556446
0.432791
0.30914
0.185479
0.0618421
12.3267
12.304
12.201
12.0356
11.8856
11.7293
11.5879
11.4513
11.3211
11.1937
11.0683
10.9439
10.8199
10.6961
10.5725
10.4488
10.3252
10.2015
10.0779
9.95423
9.83058
9.70692
9.58327
9.45961
9.33596
9.2123
9.08864
8.96499
8.84133
8.71768
8.59402
8.47037
8.34672
8.22306
8.09941
7.97575
7.8521
7.72844
7.60479
7.48113
7.35748
7.23383
7.11017
6.98652
6.86286
6.7392
6.61555
6.49189
6.36824
6.24458
6.12093
5.99727
5.87361
5.74996
5.6263
5.50265
5.37899
5.25534
5.13168
5.00803
4.88437
4.76072
4.63706
4.51341
4.38975
4.2661
4.14244
4.01879
3.89514
3.77148
3.64783
3.52417
3.40052
3.27686
3.15321
3.02955
2.9059
2.78224
2.65858
2.53493
2.41127
2.28762
2.16396
2.04031
1.91665
1.793
1.66934
1.54569
1.42203
1.29838
1.17472
1.05107
0.92741
0.803754
0.680099
0.556446
0.43279
0.30914
0.185479
0.0618444
12.3661
12.3202
12.2113
12.036
11.8841
11.7268
11.5858
11.4498
11.3201
11.1931
11.068
10.9437
10.8198
10.6961
10.5724
10.4488
10.3252
10.2015
10.0779
9.95423
9.83058
9.70692
9.58327
9.45961
9.33596
9.2123
9.08865
8.96499
8.84133
8.71768
8.59402
8.47037
8.34672
8.22306
8.09941
7.97575
7.8521
7.72844
7.60479
7.48114
7.35748
7.23383
7.11017
6.98652
6.86286
6.7392
6.61555
6.49189
6.36824
6.24458
6.12093
5.99727
5.87361
5.74996
5.6263
5.50265
5.37899
5.25533
5.13168
5.00803
4.88437
4.76072
4.63706
4.51341
4.38975
4.2661
4.14244
4.01879
3.89514
3.77148
3.64783
3.52417
3.40052
3.27686
3.15321
3.02955
2.9059
2.78224
2.65858
2.53493
2.41127
2.28762
2.16396
2.04031
1.91665
1.793
1.66934
1.54569
1.42203
1.29838
1.17472
1.05107
0.927409
0.803754
0.680099
0.556445
0.43279
0.309141
0.185479
0.0618465
12.4168
12.3395
12.2235
12.0363
11.8823
11.724
11.5835
11.4481
11.319
11.1924
11.0676
10.9435
10.8197
10.696
10.5724
10.4488
10.3252
10.2015
10.0779
9.95423
9.83058
9.70692
9.58327
9.45961
9.33596
9.2123
9.08865
8.96499
8.84134
8.71768
8.59403
8.47037
8.34672
8.22306
8.09941
7.97575
7.8521
7.72845
7.60479
7.48114
7.35748
7.23383
7.11017
6.98652
6.86286
6.7392
6.61555
6.49189
6.36824
6.24458
6.12092
5.99727
5.87361
5.74996
5.6263
5.50265
5.37899
5.25533
5.13168
5.00802
4.88437
4.76072
4.63706
4.51341
4.38975
4.2661
4.14244
4.01879
3.89514
3.77148
3.64783
3.52417
3.40052
3.27686
3.15321
3.02955
2.9059
2.78224
2.65858
2.53493
2.41127
2.28762
2.16396
2.04031
1.91665
1.793
1.66934
1.54569
1.42203
1.29838
1.17472
1.05106
0.927409
0.803754
0.680098
0.556445
0.43279
0.309141
0.185479
0.0618484
12.4811
12.3617
12.2377
12.0365
11.8804
11.7208
11.581
11.4462
11.3178
11.1917
11.0672
10.9433
10.8196
10.696
10.5724
10.4488
10.3252
10.2015
10.0779
9.95423
9.83058
9.70692
9.58327
9.45961
9.33596
9.2123
9.08865
8.96499
8.84134
8.71768
8.59403
8.47037
8.34672
8.22306
8.09941
7.97575
7.8521
7.72845
7.60479
7.48114
7.35748
7.23383
7.11017
6.98652
6.86286
6.7392
6.61555
6.49189
6.36824
6.24458
6.12092
5.99727
5.87361
5.74996
5.6263
5.50265
5.37899
5.25533
5.13168
5.00802
4.88437
4.76072
4.63706
4.51341
4.38975
4.2661
4.14245
4.01879
3.89514
3.77148
3.64783
3.52417
3.40052
3.27686
3.15321
3.02955
2.9059
2.78224
2.65858
2.53493
2.41127
2.28762
2.16396
2.0403
1.91665
1.793
1.66934
1.54569
1.42203
1.29838
1.17472
1.05106
0.927409
0.803753
0.680098
0.556445
0.43279
0.309142
0.185479
0.06185
12.5613
12.3865
12.2536
12.0366
11.8782
11.7175
11.5783
11.4443
11.3166
11.191
11.0668
10.943
10.8195
10.6959
10.5724
10.4488
10.3252
10.2015
10.0779
9.95423
9.83058
9.70692
9.58327
9.45961
9.33596
9.2123
9.08865
8.96499
8.84134
8.71768
8.59403
8.47037
8.34672
8.22306
8.09941
7.97576
7.8521
7.72845
7.60479
7.48114
7.35748
7.23383
7.11017
6.98652
6.86286
6.7392
6.61555
6.49189
6.36824
6.24458
6.12092
5.99727
5.87361
5.74996
5.6263
5.50265
5.37899
5.25533
5.13168
5.00802
4.88437
4.76072
4.63706
4.51341
4.38975
4.2661
4.14245
4.01879
3.89514
3.77148
3.64783
3.52417
3.40052
3.27686
3.15321
3.02955
2.9059
2.78224
2.65858
2.53493
2.41127
2.28761
2.16396
2.0403
1.91665
1.793
1.66934
1.54569
1.42203
1.29838
1.17472
1.05106
0.927408
0.803753
0.680098
0.556445
0.43279
0.309142
0.18548
0.0618514
12.6604
12.4135
12.2709
12.0363
11.8757
11.7139
11.5755
11.4424
11.3154
11.1903
11.0664
10.9428
10.8194
10.6959
10.5724
10.4488
10.3252
10.2015
10.0779
9.95423
9.83058
9.70693
9.58327
9.45961
9.33596
9.2123
9.08865
8.96499
8.84134
8.71768
8.59403
8.47037
8.34672
8.22306
8.09941
7.97576
7.8521
7.72845
7.60479
7.48114
7.35748
7.23383
7.11017
6.98652
6.86286
6.7392
6.61555
6.49189
6.36824
6.24458
6.12092
5.99727
5.87361
5.74996
5.6263
5.50265
5.37899
5.25533
5.13168
5.00802
4.88437
4.76072
4.63706
4.51341
4.38975
4.2661
4.14245
4.01879
3.89514
3.77148
3.64783
3.52417
3.40052
3.27686
3.15321
3.02955
2.9059
2.78224
2.65858
2.53493
2.41127
2.28761
2.16396
2.0403
1.91665
1.793
1.66934
1.54569
1.42203
1.29838
1.17472
1.05106
0.927408
0.803753
0.680098
0.556445
0.43279
0.309143
0.18548
0.0618526
12.782
12.4419
12.2892
12.0355
11.873
11.7103
11.5728
11.4404
11.3142
11.1895
11.066
10.9426
10.8193
10.6958
10.5723
10.4488
10.3252
10.2015
10.0779
9.95423
9.83058
9.70693
9.58327
9.45962
9.33596
9.2123
9.08865
8.96499
8.84134
8.71768
8.59403
8.47037
8.34672
8.22306
8.09941
7.97576
7.8521
7.72845
7.60479
7.48114
7.35748
7.23383
7.11017
6.98652
6.86286
6.7392
6.61555
6.49189
6.36824
6.24458
6.12092
5.99727
5.87361
5.74996
5.6263
5.50264
5.37899
5.25533
5.13168
5.00802
4.88437
4.76072
4.63706
4.51341
4.38975
4.2661
4.14245
4.01879
3.89514
3.77148
3.64783
3.52417
3.40052
3.27686
3.15321
3.02955
2.90589
2.78224
2.65858
2.53493
2.41127
2.28761
2.16396
2.0403
1.91665
1.793
1.66934
1.54569
1.42203
1.29838
1.17472
1.05106
0.927408
0.803753
0.680098
0.556446
0.43279
0.309143
0.185481
0.0618536
12.93
12.4708
12.3078
12.034
11.8698
11.7065
11.57
11.4385
11.313
11.1889
11.0656
10.9424
10.8192
10.6958
10.5723
10.4488
10.3252
10.2015
10.0779
9.95423
9.83058
9.70693
9.58327
9.45962
9.33596
9.2123
9.08865
8.96499
8.84134
8.71768
8.59403
8.47037
8.34672
8.22307
8.09941
7.97576
7.8521
7.72845
7.60479
7.48114
7.35748
7.23383
7.11017
6.98652
6.86286
6.7392
6.61555
6.49189
6.36824
6.24458
6.12092
5.99727
5.87361
5.74996
5.6263
5.50264
5.37899
5.25533
5.13168
5.00802
4.88437
4.76072
4.63706
4.51341
4.38975
4.2661
4.14245
4.01879
3.89514
3.77148
3.64783
3.52417
3.40052
3.27686
3.15321
3.02955
2.90589
2.78224
2.65858
2.53492
2.41127
2.28761
2.16396
2.0403
1.91665
1.793
1.66934
1.54569
1.42203
1.29838
1.17472
1.05106
0.927408
0.803753
0.680098
0.556446
0.432791
0.309144
0.185482
0.0618545
13.1089
12.4985
12.3257
12.0315
11.8661
11.7025
11.5672
11.4367
11.3119
11.1882
11.0653
10.9423
10.8191
10.6958
10.5723
10.4488
10.3252
10.2015
10.0779
9.95424
9.83058
9.70693
9.58327
9.45962
9.33596
9.2123
9.08865
8.96499
8.84134
8.71768
8.59403
8.47037
8.34672
8.22307
8.09941
7.97576
7.8521
7.72845
7.60479
7.48114
7.35748
7.23383
7.11017
6.98652
6.86286
6.7392
6.61555
6.49189
6.36824
6.24458
6.12092
5.99727
5.87361
5.74996
5.6263
5.50264
5.37899
5.25533
5.13168
5.00802
4.88437
4.76072
4.63706
4.51341
4.38976
4.2661
4.14245
4.01879
3.89514
3.77148
3.64783
3.52417
3.40052
3.27686
3.15321
3.02955
2.90589
2.78224
2.65858
2.53492
2.41127
2.28761
2.16396
2.0403
1.91665
1.793
1.66934
1.54569
1.42203
1.29838
1.17472
1.05106
0.927408
0.803753
0.680098
0.556446
0.432792
0.309145
0.185483
0.0618551
13.3238
12.5231
12.3414
12.0274
11.8617
11.6984
11.5644
11.4349
11.3109
11.1876
11.065
10.9421
10.819
10.6957
10.5723
10.4488
10.3252
10.2015
10.0779
9.95424
9.83058
9.70693
9.58327
9.45962
9.33596
9.21231
9.08865
8.96499
8.84134
8.71768
8.59403
8.47037
8.34672
8.22307
8.09941
7.97576
7.8521
7.72845
7.60479
7.48114
7.35748
7.23383
7.11017
6.98652
6.86286
6.7392
6.61555
6.49189
6.36823
6.24458
6.12092
5.99727
5.87361
5.74995
5.6263
5.50264
5.37899
5.25533
5.13168
5.00802
4.88437
4.76072
4.63706
4.51341
4.38976
4.2661
4.14245
4.01879
3.89514
3.77148
3.64783
3.52417
3.40052
3.27686
3.15321
3.02955
2.90589
2.78224
2.65858
2.53492
2.41127
2.28761
2.16396
2.0403
1.91665
1.793
1.66934
1.54569
1.42203
1.29838
1.17472
1.05106
0.927408
0.803753
0.680099
0.556447
0.432792
0.309145
0.185484
0.0618557
13.5803
12.542
12.353
12.0213
11.8561
11.6939
11.5614
11.4331
11.3099
11.1871
11.0647
10.942
10.819
10.6957
10.5723
10.4488
10.3252
10.2015
10.0779
9.95424
9.83058
9.70693
9.58327
9.45962
9.33596
9.21231
9.08865
8.96499
8.84134
8.71768
8.59403
8.47038
8.34672
8.22307
8.09941
7.97576
7.8521
7.72845
7.6048
7.48114
7.35748
7.23383
7.11017
6.98652
6.86286
6.7392
6.61555
6.49189
6.36823
6.24458
6.12092
5.99727
5.87361
5.74995
5.6263
5.50264
5.37899
5.25533
5.13168
5.00802
4.88437
4.76072
4.63706
4.51341
4.38976
4.2661
4.14245
4.01879
3.89514
3.77149
3.64783
3.52417
3.40052
3.27686
3.15321
3.02955
2.90589
2.78224
2.65858
2.53492
2.41127
2.28761
2.16396
2.0403
1.91665
1.793
1.66934
1.54569
1.42203
1.29838
1.17472
1.05106
0.927407
0.803753
0.680099
0.556447
0.432793
0.309146
0.185485
0.0618562
13.8833
12.5521
12.3583
12.0126
11.8491
11.689
11.5584
11.4314
11.3089
11.1866
11.0645
10.9419
10.8189
10.6957
10.5723
10.4488
10.3252
10.2015
10.0779
9.95424
9.83058
9.70693
9.58327
9.45962
9.33596
9.21231
9.08865
8.965
8.84134
8.71768
8.59403
8.47038
8.34672
8.22307
8.09941
7.97576
7.85211
7.72845
7.6048
7.48114
7.35749
7.23383
7.11017
6.98652
6.86286
6.7392
6.61555
6.49189
6.36823
6.24458
6.12092
5.99727
5.87361
5.74995
5.6263
5.50264
5.37899
5.25533
5.13168
5.00802
4.88437
4.76072
4.63706
4.51341
4.38976
4.2661
4.14245
4.0188
3.89514
3.77149
3.64783
3.52417
3.40052
3.27686
3.15321
3.02955
2.90589
2.78223
2.65858
2.53492
2.41127
2.28761
2.16396
2.0403
1.91665
1.793
1.66934
1.54569
1.42203
1.29838
1.17472
1.05106
0.927407
0.803753
0.680099
0.556448
0.432794
0.309147
0.185486
0.0618567
14.237
12.5503
12.354
12.0005
11.8403
11.6835
11.5552
11.4296
11.308
11.1862
11.0643
10.9418
10.8189
10.6957
10.5723
10.4488
10.3252
10.2015
10.0779
9.95424
9.83058
9.70693
9.58327
9.45962
9.33596
9.21231
9.08865
8.965
8.84134
8.71769
8.59403
8.47038
8.34672
8.22307
8.09941
7.97576
7.85211
7.72845
7.6048
7.48114
7.35749
7.23383
7.11017
6.98652
6.86286
6.7392
6.61555
6.49189
6.36823
6.24458
6.12092
5.99727
5.87361
5.74995
5.6263
5.50264
5.37899
5.25533
5.13168
5.00802
4.88437
4.76072
4.63706
4.51341
4.38976
4.2661
4.14245
4.0188
3.89514
3.77149
3.64783
3.52418
3.40052
3.27686
3.15321
3.02955
2.90589
2.78223
2.65858
2.53492
2.41127
2.28761
2.16396
2.0403
1.91665
1.793
1.66934
1.54569
1.42203
1.29838
1.17472
1.05106
0.927407
0.803753
0.680099
0.556448
0.432795
0.309148
0.185488
0.0618572
14.6542
12.5299
12.3336
11.9836
11.8291
11.6772
11.5516
11.4278
11.3071
11.1858
11.0641
10.9418
10.8189
10.6957
10.5723
10.4488
10.3252
10.2015
10.0779
9.95424
9.83059
9.70693
9.58327
9.45962
9.33596
9.21231
9.08865
8.965
8.84134
8.71769
8.59403
8.47038
8.34672
8.22307
8.09941
7.97576
7.85211
7.72845
7.6048
7.48114
7.35749
7.23383
7.11017
6.98652
6.86286
6.7392
6.61555
6.49189
6.36823
6.24458
6.12092
5.99727
5.87361
5.74995
5.6263
5.50264
5.37899
5.25533
5.13168
5.00802
4.88437
4.76072
4.63706
4.51341
4.38976
4.2661
4.14245
4.0188
3.89514
3.77149
3.64783
3.52418
3.40052
3.27686
3.1532
3.02955
2.90589
2.78223
2.65858
2.53492
2.41127
2.28761
2.16396
2.0403
1.91665
1.793
1.66934
1.54569
1.42203
1.29838
1.17472
1.05106
0.927407
0.803753
0.6801
0.556449
0.432796
0.309149
0.18549
0.0618579
15.1655
12.4705
12.2849
11.9581
11.814
11.6694
11.5475
11.4258
11.3062
11.1855
11.064
10.9418
10.8189
10.6957
10.5723
10.4488
10.3252
10.2015
10.0779
9.95424
9.83059
9.70693
9.58327
9.45962
9.33596
9.21231
9.08865
8.965
8.84134
8.71769
8.59403
8.47038
8.34672
8.22307
8.09941
7.97576
7.85211
7.72845
7.6048
7.48114
7.35749
7.23383
7.11017
6.98652
6.86286
6.7392
6.61555
6.49189
6.36823
6.24458
6.12092
5.99726
5.87361
5.74995
5.6263
5.50264
5.37899
5.25533
5.13168
5.00802
4.88437
4.76072
4.63706
4.51341
4.38976
4.2661
4.14245
4.0188
3.89514
3.77149
3.64783
3.52418
3.40052
3.27686
3.1532
3.02955
2.90589
2.78223
2.65858
2.53492
2.41126
2.28761
2.16396
2.0403
1.91665
1.793
1.66934
1.54569
1.42203
1.29838
1.17472
1.05106
0.927406
0.803753
0.6801
0.556449
0.432797
0.30915
0.185492
0.0618591
15.7232
12.3581
12.2129
11.9256
11.7964
11.6605
11.5429
11.4237
11.3053
11.1852
11.064
10.9418
10.819
10.6958
10.5724
10.4488
10.3252
10.2015
10.0779
9.95424
9.83059
9.70693
9.58327
9.45962
9.33596
9.21231
9.08865
8.965
8.84134
8.71769
8.59403
8.47038
8.34672
8.22307
8.09942
7.97576
7.85211
7.72845
7.6048
7.48114
7.35749
7.23383
7.11017
6.98652
6.86286
6.7392
6.61555
6.49189
6.36823
6.24458
6.12092
5.99726
5.87361
5.74995
5.6263
5.50264
5.37899
5.25533
5.13168
5.00802
4.88437
4.76071
4.63706
4.51341
4.38976
4.26611
4.14245
4.0188
3.89514
3.77149
3.64783
3.52418
3.40052
3.27686
3.1532
3.02955
2.90589
2.78223
2.65857
2.53492
2.41126
2.28761
2.16396
2.0403
1.91665
1.793
1.66934
1.54569
1.42203
1.29838
1.17472
1.05106
0.927406
0.803752
0.6801
0.55645
0.432798
0.309152
0.185494
0.0618615
)
;

boundaryField
{
    inlet
    {
        type            zeroGradient;
    }
    outlet
    {
        type            fixedValue;
        value           uniform 0;
    }
    upperWall
    {
        type            zeroGradient;
    }
    lowerWall
    {
        type            zeroGradient;
    }
    frontAndBack
    {
        type            empty;
    }
}


// ************************************************************************* //
