/*--------------------------------*- C++ -*----------------------------------*\
| =========                 |                                                 |
| \\      /  F ield         | OpenFOAM: The Open Source CFD Toolbox           |
|  \\    /   O peration     | Version:  5.x                                   |
|   \\  /    A nd           | Web:      www.OpenFOAM.org                      |
|    \\/     M anipulation  |                                                 |
\*---------------------------------------------------------------------------*/
FoamFile
{
    version     2.0;
    format      ascii;
    class       surfaceScalarField;
    location    "0.04";
    object      phi;
}
// * * * * * * * * * * * * * * * * * * * * * * * * * * * * * * * * * * * * * //

dimensions      [0 3 -1 0 0 0 0];

internalField   nonuniform List<scalar> 
7860
(
0.00139718
0.00110282
0.0011376
0.000259585
0.00110321
3.43842e-05
0.00109216
1.10526e-05
0.00108536
6.80108e-06
0.00108258
2.77329e-06
0.00108125
1.33802e-06
0.00108055
7.00676e-07
0.00108018
3.65854e-07
0.00107998
1.95473e-07
0.00107988
1.02522e-07
0.00107983
5.64107e-08
0.00107979
3.07772e-08
0.00107978
1.67005e-08
0.00107977
7.63031e-09
0.00107976
5.31273e-09
0.00107976
2.28689e-09
0.00107976
1.72801e-09
0.00107976
6.31745e-10
0.00107976
1.92297e-10
0.00107976
1.34617e-09
0.00107976
-2.08502e-09
0.00107976
1.47711e-09
0.00107976
9.83254e-10
0.00107976
-1.66347e-09
0.00107976
1.03982e-09
0.00107976
-4.08126e-10
0.00107976
7.03226e-10
0.00107976
9.9231e-10
0.00107976
-2.19878e-09
0.00107976
7.36915e-10
0.00107976
1.19704e-09
0.00107976
6.11137e-10
0.00107976
-2.27567e-09
0.00107976
1.40721e-09
0.00107976
1.53904e-09
0.00107976
-3.2471e-09
0.00107976
2.40929e-09
0.00107976
-4.39062e-10
0.00107976
-9.68323e-10
0.00107976
2.95306e-09
0.00107976
-1.5324e-09
0.00107976
-4.12063e-09
0.00107976
5.624e-09
0.00107976
-9.07535e-10
0.00107976
-3.75825e-09
0.00107976
4.32896e-09
0.00107976
-4.52002e-09
0.00107976
2.38427e-09
0.00107976
1.16182e-09
0.00107976
-7.89165e-09
0.00107976
7.69973e-09
0.00107976
-2.38849e-09
0.00107976
-2.37495e-09
0.00107976
-2.1176e-10
0.00107976
1.12986e-09
0.00107976
6.66018e-10
0.00107976
-3.80553e-09
0.00107976
4.32939e-09
0.00107976
-1.60218e-09
0.00107976
-1.28725e-10
0.00107976
1.62468e-09
0.00107976
9.55263e-10
0.00107976
2.24032e-09
0.00107976
-1.79685e-09
0.00107976
-4.32585e-10
0.00107975
4.06097e-09
0.00107975
8.90495e-10
0.00107976
-1.93944e-09
0.00107976
-5.76476e-11
0.00107976
5.75086e-10
0.00107976
-3.08343e-10
0.00107976
-1.43866e-09
0.00107976
-2.82148e-09
0.00107976
-1.84117e-09
0.00107976
1.28427e-09
0.00107976
1.00512e-09
0.00107976
-3.15609e-09
0.00107977
-4.28239e-09
0.00107977
9.53374e-10
0.00107976
6.41352e-09
0.00107975
5.24119e-09
0.00107976
-7.90018e-10
0.00107976
-3.91437e-09
0.00107976
-6.07016e-10
0.00107976
4.21458e-09
0.00107975
3.92462e-09
0.00107975
-1.71763e-09
0.00107976
-6.69691e-09
0.00107977
-6.00954e-09
0.00107977
-8.40101e-10
0.00107976
3.44013e-09
0.00107976
3.31214e-09
0.00107976
9.62686e-11
0.00107976
-1.80968e-09
0.00107976
-2.02837e-09
0.00107976
6.43454e-09
0.00107976
-2.43319e-09
0.00107974
2.08219e-08
3.41191e-08
0.0023977
0.00120512
0.00228021
0.000377078
0.00222939
8.51984e-05
0.00220883
3.16196e-05
0.00219937
1.62605e-05
0.00219475
7.38952e-06
0.00219243
3.6527e-06
0.00219123
1.90066e-06
0.0021906
9.96582e-07
0.00219027
5.30961e-07
0.00219009
2.79831e-07
0.00218999
1.5327e-07
0.00218994
8.25271e-08
0.00218992
4.43137e-08
0.0021899
2.20853e-08
0.00218989
1.42269e-08
0.00218989
5.60702e-09
0.00218989
4.37839e-09
0.00218988
2.42495e-09
0.00218988
3.60543e-10
0.00218988
2.68209e-09
0.00218988
-3.98649e-09
0.00218988
3.05359e-09
0.00218988
2.25434e-09
0.00218988
-3.95359e-09
0.00218988
2.24172e-09
0.00218988
-3.21231e-11
0.00218988
6.77652e-10
0.00218988
1.43028e-09
0.00218988
-3.69173e-09
0.00218988
2.27331e-09
0.00218988
8.97223e-10
0.00218988
1.34873e-09
0.00218988
-3.90943e-09
0.00218988
2.47955e-09
0.00218988
3.23168e-09
0.00218988
-6.90778e-09
0.00218988
4.8875e-09
0.00218988
-4.16326e-11
0.00218988
-2.75231e-09
0.00218988
5.35409e-09
0.00218988
-2.19399e-09
0.00218988
-8.00443e-09
0.00218988
1.07639e-08
0.00218988
-1.94449e-09
0.00218988
-7.59562e-09
0.00218988
9.41681e-09
0.00218988
-9.35078e-09
0.00218988
4.53625e-09
0.00218988
2.33699e-09
0.00218989
-1.47214e-08
0.00218988
1.51488e-08
0.00218988
-5.69608e-09
0.00218989
-3.91132e-09
0.00218988
2.56051e-10
0.00218988
1.68077e-09
0.00218988
1.36495e-09
0.00218989
-7.88609e-09
0.00218988
9.84073e-09
0.00218989
-4.60244e-09
0.00218988
3.02877e-10
0.00218988
2.82486e-09
0.00218988
1.65831e-09
0.00218988
4.6232e-09
0.00218988
-4.23396e-09
0.00218988
-8.01679e-10
0.00218988
8.09035e-09
0.00218988
1.30815e-09
0.00218988
-3.80402e-09
0.00218988
-1.86098e-10
0.00218988
9.63532e-10
0.00218988
-2.97799e-10
0.00218988
-2.14336e-09
0.00218988
-5.0203e-09
0.00218988
-3.61223e-09
0.00218988
2.08939e-09
0.00218988
1.99079e-09
0.00218989
-5.01491e-09
0.00218989
-7.26037e-09
0.00218989
1.3782e-09
0.00218988
1.05117e-08
0.00218988
8.97549e-09
0.00218988
-9.82462e-10
0.00218988
-6.32531e-09
0.00218988
-1.20674e-09
0.00218988
6.5712e-09
0.00218988
6.4041e-09
0.00218988
-2.62151e-09
0.00218988
-1.07364e-08
0.00218989
-9.91395e-09
0.00218989
-1.68529e-09
0.00218989
5.3264e-09
0.00218988
5.48129e-09
0.00218988
5.54026e-10
0.00218988
-2.51028e-09
0.00218988
-2.26493e-09
0.00218988
9.8682e-09
0.00218988
-8.12441e-10
0.00218987
3.47743e-08
5.1689e-08
0.00263449
0.00107063
0.0026024
0.000409175
0.00255959
0.000128005
0.00253887
5.23444e-05
0.00252952
2.56035e-05
0.00252469
1.222e-05
0.00252221
6.13277e-06
0.00252092
3.19206e-06
0.00252024
1.67866e-06
0.00251988
8.94193e-07
0.00251968
4.72988e-07
0.00251958
2.57483e-07
0.00251952
1.38503e-07
0.00251949
7.35815e-08
0.00251948
3.79146e-08
0.00251947
2.39125e-08
0.00251946
1.00576e-08
0.00251946
6.32846e-09
0.00251946
3.53974e-09
0.00251946
1.67426e-09
0.00251946
4.05269e-09
0.00251946
-5.43162e-09
0.00251946
2.95401e-09
0.00251946
4.16347e-09
0.00251946
-4.85452e-09
0.00251946
2.17415e-09
0.00251946
-4.80915e-10
0.00251946
1.27937e-09
0.00251946
2.55899e-09
0.00251946
-5.59599e-09
0.00251946
3.13276e-09
0.00251946
5.85523e-10
0.00251946
2.68156e-09
0.00251946
-5.28556e-09
0.00251946
2.01128e-09
0.00251946
5.79618e-09
0.00251946
-9.78987e-09
0.00251946
6.15312e-09
0.00251946
7.61079e-10
0.00251946
-4.41639e-09
0.00251946
6.4081e-09
0.00251946
-1.18577e-09
0.00251946
-1.12578e-08
0.00251946
1.3291e-08
0.00251946
-1.07182e-09
0.00251946
-1.12518e-08
0.00251946
1.3374e-08
0.00251946
-1.24299e-08
0.00251946
5.2967e-09
0.00251946
4.38668e-09
0.00251946
-1.92575e-08
0.00251946
1.9158e-08
0.00251946
-7.15359e-09
0.00251946
-4.62564e-09
0.00251946
8.98493e-10
0.00251946
1.03021e-09
0.00251946
2.98226e-09
0.00251946
-1.11969e-08
0.00251946
1.40783e-08
0.00251946
-7.58242e-09
0.00251946
1.06491e-09
0.00251946
3.60182e-09
0.00251946
1.34894e-09
0.00251946
6.10279e-09
0.00251946
-5.94803e-09
0.00251946
-1.21298e-09
0.00251946
1.05065e-08
0.00251946
1.34159e-09
0.00251946
-5.15953e-09
0.00251946
-3.03958e-10
0.00251946
1.22654e-09
0.00251946
1.65775e-11
0.00251946
-2.06363e-09
0.00251946
-5.85374e-09
0.00251946
-4.48758e-09
0.00251946
2.27681e-09
0.00251946
2.69798e-09
0.00251946
-5.16178e-09
0.00251946
-8.02957e-09
0.00251946
9.90295e-10
0.00251946
1.1304e-08
0.00251946
9.96364e-09
0.00251946
-5.6231e-10
0.00251946
-6.79088e-09
0.00251946
-1.74774e-09
0.00251946
6.67667e-09
0.00251946
6.88174e-09
0.00251946
-2.35134e-09
0.00251946
-1.11549e-08
0.00251946
-1.06588e-08
0.00251946
-2.23197e-09
0.00251946
5.37767e-09
0.00251946
5.9536e-09
0.00251946
1.18739e-09
0.00251946
-2.04321e-09
0.00251946
-1.43937e-09
0.00251946
1.00733e-08
0.00251945
2.83001e-09
0.00251945
3.59248e-08
4.9912e-08
0.00265585
0.000914777
0.00265362
0.000411407
0.00262366
0.000157963
0.00260631
6.96923e-05
0.00259796
3.39507e-05
0.00259351
1.66736e-05
0.00259117
8.47171e-06
0.00258994
4.42283e-06
0.00258929
2.33204e-06
0.00258894
1.24209e-06
0.00258875
6.60401e-07
0.00258865
3.57307e-07
0.0025886
1.91819e-07
0.00258857
1.01719e-07
0.00258855
5.43767e-08
0.00258855
3.22861e-08
0.00258854
1.38401e-08
0.00258854
9.04312e-09
0.00258854
4.94444e-09
0.00258854
2.14281e-09
0.00258854
4.82715e-09
0.00258854
-5.20217e-09
0.00258854
2.22953e-09
0.00258854
5.01476e-09
0.00258854
-5.08936e-09
0.00258854
2.64165e-09
0.00258854
-1.0363e-09
0.00258854
6.44785e-10
0.00258854
4.40944e-09
0.00258854
-6.76776e-09
0.00258854
3.50157e-09
0.00258854
-8.56215e-10
0.00258854
4.94416e-09
0.00258854
-5.75296e-09
0.00258854
-5.81895e-11
0.00258854
8.3557e-09
0.00258854
-1.12688e-08
0.00258854
6.4974e-09
0.00258854
1.82051e-09
0.00258854
-6.66336e-09
0.00258854
7.34015e-09
0.00258853
1.26503e-09
0.00258854
-1.50943e-08
0.00258854
1.40682e-08
0.00258853
2.15489e-09
0.00258854
-1.54739e-08
0.00258854
1.63396e-08
0.00258854
-1.40283e-08
0.00258854
4.5961e-09
0.00258853
7.95085e-09
0.00258854
-2.33101e-08
0.00258854
2.0653e-08
0.00258854
-6.09033e-09
0.00258854
-5.93068e-09
0.00258854
1.69235e-09
0.00258854
-5.98204e-10
0.00258853
5.8805e-09
0.00258854
-1.42559e-08
0.00258854
1.68828e-08
0.00258854
-9.88575e-09
0.00258854
1.7702e-09
0.00258854
4.65315e-09
0.00258854
2.51485e-10
0.00258854
6.83778e-09
0.00258854
-6.72865e-09
0.00258854
-1.72131e-09
0.00258854
1.20773e-08
0.00258854
1.3691e-09
0.00258854
-6.48156e-09
0.00258854
-4.6172e-10
0.00258854
1.94458e-09
0.00258854
3.34421e-10
0.00258854
-2.21829e-09
0.00258854
-6.12973e-09
0.00258854
-4.62662e-09
0.00258854
2.45685e-09
0.00258854
2.9962e-09
0.00258854
-5.00738e-09
0.00258854
-8.11631e-09
0.00258854
8.10291e-10
0.00258854
1.10527e-08
0.00258854
9.97523e-09
0.00258854
-4.25444e-10
0.00258854
-6.66998e-09
0.00258854
-1.99585e-09
0.00258854
6.25167e-09
0.00258854
6.76997e-09
0.00258854
-1.94734e-09
0.00258854
-1.05167e-08
0.00258854
-1.0359e-08
0.00258854
-2.4694e-09
0.00258854
4.97027e-09
0.00258854
5.89941e-09
0.00258854
1.69314e-09
0.00258854
-1.33423e-09
0.00258853
-4.9093e-10
0.00258853
9.50803e-09
0.00258853
6.02473e-09
0.00258853
3.26866e-08
4.30044e-08
0.00263628
0.000778499
0.00264675
0.000400933
0.00262813
0.000176581
0.00261504
8.27895e-05
0.0026081
4.08896e-05
0.00260426
2.05164e-05
0.00260218
1.05425e-05
0.00260108
5.52625e-06
0.00260049
2.92191e-06
0.00260018
1.55782e-06
0.0026
8.32174e-07
0.00259991
4.47469e-07
0.00259987
2.39888e-07
0.00259984
1.27429e-07
0.00259982
7.04631e-08
0.00259982
3.92305e-08
0.00259981
1.70236e-08
0.00259981
1.1608e-08
0.00259981
6.65357e-09
0.00259981
2.75436e-09
0.00259981
4.22742e-09
0.00259981
-3.87569e-09
0.00259981
1.77841e-09
0.00259981
5.21588e-09
0.00259981
-5.47044e-09
0.00259981
3.20858e-09
0.00259981
-8.51942e-10
0.00259981
-6.64997e-10
0.00259981
5.83234e-09
0.00259981
-7.22099e-09
0.00259981
3.91395e-09
0.00259981
-2.65646e-09
0.00259981
6.88419e-09
0.00259981
-5.19071e-09
0.00259981
-3.0562e-09
0.00259981
1.0887e-08
0.00259981
-1.18309e-08
0.00259981
6.15029e-09
0.00259981
2.6644e-09
0.00259981
-8.33919e-09
0.00259981
7.61654e-09
0.00259981
4.44416e-09
0.00259981
-1.88548e-08
0.00259981
1.33446e-08
0.00259981
7.18272e-09
0.00259981
-1.99161e-08
0.00259981
1.78648e-08
0.00259981
-1.4055e-08
0.00259981
3.12664e-09
0.00259981
1.17793e-08
0.00259981
-2.67367e-08
0.00259981
2.03861e-08
0.00259981
-3.30179e-09
0.00259981
-7.35307e-09
0.00259981
1.74561e-09
0.00259981
-2.32951e-09
0.00259981
9.44096e-09
0.00259981
-1.67503e-08
0.00259981
1.81228e-08
0.00259981
-1.15338e-08
0.00259981
2.68123e-09
0.00259981
6.0447e-09
0.00259981
-1.47257e-09
0.00259981
6.87973e-09
0.00259981
-6.50108e-09
0.00259981
-2.03746e-09
0.00259981
1.28767e-08
0.00259981
1.35651e-09
0.00259981
-7.61123e-09
0.00259981
-5.00465e-10
0.00259981
2.80702e-09
0.00259981
5.29357e-10
0.00259981
-2.64563e-09
0.00259981
-6.23852e-09
0.00259981
-4.29028e-09
0.00259981
2.67076e-09
0.00259981
2.95084e-09
0.00259981
-4.99571e-09
0.00259981
-7.91447e-09
0.00259981
8.17179e-10
0.00259981
1.07529e-08
0.00259981
9.58829e-09
0.00259981
-4.33621e-10
0.00259981
-6.49715e-09
0.00259981
-2.02914e-09
0.00259981
5.89706e-09
0.00259981
6.52031e-09
0.00259981
-1.64749e-09
0.00259981
-9.8409e-09
0.00259981
-9.86369e-09
0.00259981
-2.53183e-09
0.00259981
4.58925e-09
0.00259981
5.75056e-09
0.00259981
2.07735e-09
0.00259981
-6.83939e-10
0.00259981
3.23924e-10
0.00259981
8.95587e-09
0.0025998
8.34771e-09
0.00259981
2.90373e-08
3.63895e-08
0.00261442
0.000664082
0.00263219
0.000383165
0.00262261
0.00018616
0.00261359
9.1803e-05
0.00260822
4.62603e-05
0.0026051
2.36392e-05
0.00260336
1.2277e-05
0.00260242
6.4664e-06
0.00260192
3.42973e-06
0.00260164
1.83062e-06
0.00260149
9.8123e-07
0.00260142
5.25867e-07
0.00260137
2.81885e-07
0.00260135
1.49735e-07
0.00260134
8.45842e-08
0.00260133
4.52281e-08
0.00260133
1.95807e-08
0.00260133
1.38649e-08
0.00260132
8.64855e-09
0.00260132
3.23374e-09
0.00260133
2.75117e-09
0.00260132
-2.17008e-09
0.00260132
2.0284e-09
0.00260132
5.19003e-09
0.00260133
-6.68703e-09
0.00260132
3.61434e-09
0.00260132
1.05313e-09
0.00260132
-2.66007e-09
0.00260132
5.87961e-09
0.00260132
-6.98209e-09
0.00260132
5.42853e-09
0.00260133
-4.77086e-09
0.00260132
7.47978e-09
0.00260132
-3.86523e-09
0.00260133
-5.55219e-09
0.00260132
1.29981e-08
0.00260132
-1.20299e-08
0.00260133
4.80494e-09
0.00260132
4.12396e-09
0.00260132
-9.08551e-09
0.00260133
6.47306e-09
0.00260132
7.6082e-09
0.00260132
-2.11605e-08
0.00260133
1.13907e-08
0.00260132
1.2495e-08
0.00260133
-2.41206e-08
0.00260132
1.84828e-08
0.00260132
-1.24443e-08
0.00260133
5.44905e-10
0.00260132
1.52194e-08
0.00260132
-2.88596e-08
0.00260133
1.89629e-08
0.00260132
1.07979e-10
0.00260132
-8.85611e-09
0.00260132
1.45769e-09
0.00260133
-3.7868e-09
0.00260132
1.29924e-08
0.00260132
-1.87671e-08
0.00260132
1.82442e-08
0.00260133
-1.25259e-08
0.00260132
3.66622e-09
0.00260132
7.62812e-09
0.00260132
-3.57064e-09
0.00260133
6.3611e-09
0.00260132
-5.39975e-09
0.00260132
-2.09427e-09
0.00260132
1.29319e-08
0.00260132
1.25937e-09
0.00260132
-8.39543e-09
0.00260132
-4.15951e-10
0.00260132
3.67599e-09
0.00260132
5.47925e-10
0.00260132
-3.28053e-09
0.00260132
-6.21145e-09
0.00260132
-3.6649e-09
0.00260132
2.8855e-09
0.00260132
2.63148e-09
0.00260132
-5.14176e-09
0.00260132
-7.59947e-09
0.00260132
1.07787e-09
0.00260132
1.04937e-08
0.00260132
9.07494e-09
0.00260132
-6.37095e-10
0.00260132
-6.30101e-09
0.00260132
-1.90003e-09
0.00260132
5.68476e-09
0.00260132
6.25287e-09
0.00260132
-1.50513e-09
0.00260132
-9.29952e-09
0.00260132
-9.37521e-09
0.00260132
-2.48624e-09
0.00260132
4.31141e-09
0.00260132
5.60522e-09
0.00260132
2.36659e-09
0.00260132
-1.46805e-10
0.00260132
9.94166e-10
0.00260132
8.5297e-09
0.00260132
9.9242e-09
0.00260132
2.58729e-08
3.1066e-08
0.00259608
0.000568003
0.00261855
0.00036069
0.00261598
0.00018873
0.00261063
9.71582e-05
0.00260686
5.00329e-05
0.00260451
2.59902e-05
0.00260315
1.36344e-05
0.0026024
7.21869e-06
0.00260198
3.84217e-06
0.00260176
2.05346e-06
0.00260164
1.10261e-06
0.00260157
5.90272e-07
0.00260154
3.17113e-07
0.00260152
1.68655e-07
0.00260151
9.52711e-08
0.00260151
4.98007e-08
0.0026015
2.24696e-08
0.0026015
1.60054e-08
0.0026015
1.00148e-08
0.0026015
3.11384e-09
0.0026015
1.38798e-09
0.0026015
2.76896e-10
0.0026015
1.93971e-09
0.0026015
4.85331e-09
0.0026015
-7.95421e-09
0.0026015
3.75247e-09
0.0026015
4.43723e-09
0.0026015
-5.36567e-09
0.0026015
4.25074e-09
0.0026015
-5.61058e-09
0.0026015
8.56739e-09
0.0026015
-7.80113e-09
0.0026015
5.87467e-09
0.0026015
-1.05528e-09
0.0026015
-6.383e-09
0.0026015
1.38401e-08
0.0026015
-1.31257e-08
0.0026015
3.49946e-09
0.0026015
6.89428e-09
0.0026015
-9.17822e-09
0.0026015
2.93502e-09
0.0026015
1.08232e-08
0.0026015
-2.08845e-08
0.0026015
8.24738e-09
0.0026015
1.66818e-08
0.0026015
-2.76236e-08
0.0026015
1.90151e-08
0.0026015
-9.51377e-09
0.0026015
-3.43661e-09
0.0026015
1.78429e-08
0.0026015
-2.90475e-08
0.0026015
1.69251e-08
0.0026015
3.03146e-09
0.0026015
-1.02938e-08
0.0026015
1.2574e-09
0.0026015
-4.75833e-09
0.0026015
1.60345e-08
0.0026015
-2.05037e-08
0.0026015
1.77689e-08
0.0026015
-1.28579e-08
0.0026015
4.52136e-09
0.0026015
9.20489e-09
0.0026015
-5.79287e-09
0.0026015
5.45999e-09
0.0026015
-3.64912e-09
0.0026015
-1.90725e-09
0.0026015
1.23083e-08
0.0026015
1.05835e-09
0.0026015
-8.75865e-09
0.0026015
-1.92846e-10
0.0026015
4.41547e-09
0.0026015
3.82603e-10
0.0026015
-4.00008e-09
0.0026015
-6.0469e-09
0.0026015
-2.86485e-09
0.0026015
3.05262e-09
0.0026015
2.10203e-09
0.0026015
-5.38714e-09
0.0026015
-7.17755e-09
0.0026015
1.50537e-09
0.0026015
1.028e-08
0.0026015
8.46399e-09
0.0026015
-9.41911e-10
0.0026015
-6.09796e-09
0.0026015
-1.64464e-09
0.0026015
5.58588e-09
0.0026015
5.97619e-09
0.0026015
-1.49358e-09
0.0026015
-8.8896e-09
0.0026015
-8.91975e-09
0.0026015
-2.3663e-09
0.0026015
4.12388e-09
0.0026015
5.47481e-09
0.0026015
2.5779e-09
0.0026015
2.86876e-10
0.0026015
1.53523e-09
0.0026015
8.21173e-09
0.0026015
1.09421e-08
0.0026015
2.32438e-08
2.69308e-08
0.00258129
0.000486709
0.0026068
0.000335179
0.00260963
0.000185906
0.00260747
9.93167e-05
0.00260525
5.22486e-05
0.00260369
2.75519e-05
0.00260274
1.45909e-05
0.00260219
7.76638e-06
0.00260188
4.14913e-06
0.00260171
2.22109e-06
0.00260162
1.19257e-06
0.00260158
6.39028e-07
0.00260155
3.45445e-07
0.00260153
1.83465e-07
0.00260153
1.01085e-07
0.00260152
5.33309e-08
0.00260152
2.70543e-08
0.00260152
1.71552e-08
0.00260152
9.14175e-09
0.00260152
3.31968e-09
0.00260152
1.95265e-09
0.00260151
2.43104e-09
0.00260152
-3.07404e-10
0.00260152
4.94052e-09
0.00260152
-6.99729e-09
0.00260152
2.73906e-09
0.00260151
6.53473e-09
0.00260152
-7.18443e-09
0.00260152
3.22175e-09
0.00260152
-4.53287e-09
0.00260151
1.12125e-08
0.00260152
-1.02463e-08
0.00260152
3.42359e-09
0.00260152
2.3415e-09
0.00260152
-6.42164e-09
0.00260152
1.35357e-08
0.00260152
-1.42205e-08
0.00260152
2.35836e-09
0.00260151
1.00991e-08
0.00260151
-8.5854e-09
0.00260152
-2.39234e-09
0.00260152
1.3734e-08
0.00260151
-1.79161e-08
0.00260152
3.99358e-09
0.00260152
1.93083e-08
0.00260152
-3.00906e-08
0.00260152
1.97074e-08
0.00260151
-5.64044e-09
0.00260152
-8.7067e-09
0.00260152
1.94504e-08
0.00260151
-2.70815e-08
0.00260152
1.46158e-08
0.00260152
4.86518e-09
0.00260152
-1.16678e-08
0.00260152
1.53787e-09
0.00260152
-5.15287e-09
0.00260151
1.82139e-08
0.00260152
-2.2168e-08
0.00260152
1.71699e-08
0.00260152
-1.2499e-08
0.00260152
5.02616e-09
0.00260151
1.05612e-08
0.00260152
-7.86511e-09
0.00260152
4.35712e-09
0.00260152
-1.497e-09
0.00260152
-1.54913e-09
0.00260152
1.11212e-08
0.00260152
7.70552e-10
0.00260152
-8.68229e-09
0.00260152
1.53912e-10
0.00260152
4.93798e-09
0.00260152
4.83349e-11
0.00260152
-4.70383e-09
0.00260152
-5.74162e-09
0.00260152
-1.97823e-09
0.00260152
3.13491e-09
0.00260152
1.42077e-09
0.00260152
-5.66849e-09
0.00260152
-6.6582e-09
0.00260152
2.03753e-09
0.00260152
1.00791e-08
0.00260152
7.78509e-09
0.00260152
-1.3041e-09
0.00260152
-5.87119e-09
0.00260152
-1.29715e-09
0.00260152
5.56209e-09
0.00260152
5.68435e-09
0.00260152
-1.58101e-09
0.00260152
-8.58166e-09
0.00260152
-8.4937e-09
0.00260152
-2.19414e-09
0.00260152
4.00395e-09
0.00260152
5.35479e-09
0.00260152
2.72414e-09
0.00260152
6.33456e-10
0.00260152
1.9659e-09
0.00260152
7.97053e-09
0.00260151
1.15553e-08
0.00260152
2.10629e-08
2.37372e-08
0.00256943
0.000417281
0.0025968
0.000307809
0.00260376
0.00017895
0.00260435
9.87213e-05
0.00260361
5.29913e-05
0.00260283
2.83311e-05
0.00260228
1.51372e-05
0.00260195
8.09995e-06
0.00260175
4.34284e-06
0.00260165
2.32941e-06
0.00260159
1.25016e-06
0.00260156
6.71032e-07
0.00260154
3.64506e-07
0.00260153
1.93908e-07
0.00260152
1.0349e-07
0.00260152
5.54313e-08
0.00260152
3.17399e-08
0.00260152
1.78724e-08
0.00260152
6.90723e-09
0.00260152
3.5709e-09
0.00260152
3.65449e-09
0.00260152
4.66946e-09
0.00260152
-4.28622e-09
0.00260152
4.73719e-09
0.00260152
-3.31513e-09
0.00260152
1.01569e-09
0.00260152
6.14673e-09
0.00260152
-8.00952e-09
0.00260152
4.38782e-09
0.00260152
-4.34975e-09
0.00260152
1.16613e-08
0.00260152
-1.13924e-08
0.00260152
2.03686e-09
0.00260152
5.2587e-09
0.00260152
-6.99393e-09
0.00260152
1.26713e-08
0.00260152
-1.41907e-08
0.00260152
1.34912e-09
0.00260152
1.23198e-08
0.00260152
-7.20446e-09
0.00260152
-8.1053e-09
0.00260152
1.59826e-08
0.00260151
-1.31578e-08
0.00260152
-1.08487e-09
0.00260152
2.07047e-08
0.00260152
-3.13029e-08
0.00260152
2.02108e-08
0.00260151
-1.2234e-09
0.00260152
-1.46864e-08
0.00260152
2.00572e-08
0.00260152
-2.32764e-08
0.00260152
1.22472e-08
0.00260152
5.45136e-09
0.00260152
-1.29486e-08
0.00260152
2.45413e-09
0.00260152
-4.99422e-09
0.00260152
1.93964e-08
0.00260152
-2.39074e-08
0.00260152
1.67846e-08
0.00260152
-1.14318e-08
0.00260152
4.98459e-09
0.00260152
1.15411e-08
0.00260152
-9.56212e-09
0.00260152
3.23318e-09
0.00260152
8.14508e-10
0.00260152
-1.11853e-09
0.00260152
9.51666e-09
0.00260152
4.4029e-10
0.00260152
-8.19676e-09
0.00260152
5.90775e-10
0.00260152
5.20149e-09
0.00260152
-4.30439e-10
0.00260152
-5.31813e-09
0.00260152
-5.30238e-09
0.00260152
-1.07564e-09
0.00260152
3.11147e-09
0.00260152
6.38853e-10
0.00260152
-5.93652e-09
0.00260152
-6.05441e-09
0.00260152
2.62591e-09
0.00260152
9.86405e-09
0.00260152
7.05956e-09
0.00260152
-1.68715e-09
0.00260152
-5.61119e-09
0.00260152
-8.84514e-10
0.00260152
5.58167e-09
0.00260152
5.37348e-09
0.00260152
-1.74218e-09
0.00260152
-8.34801e-09
0.00260152
-8.09096e-09
0.00260152
-1.98639e-09
0.00260152
3.93193e-09
0.00260152
5.23938e-09
0.00260152
2.816e-09
0.00260152
9.06687e-10
0.00260152
2.30476e-09
0.00260152
7.77979e-09
0.00260152
1.18785e-08
0.00260152
1.92428e-08
2.12667e-08
0.0025599
0.000357377
0.00258831
0.000279406
0.00259841
0.000168841
0.00260136
9.57797e-05
0.00260198
5.23721e-05
0.00260195
2.83546e-05
0.00260181
1.52758e-05
0.0026017
8.21597e-06
0.00260162
4.41901e-06
0.00260158
2.37551e-06
0.00260155
1.27571e-06
0.00260154
6.85456e-07
0.00260153
3.72366e-07
0.00260152
1.99253e-07
0.00260152
1.04708e-07
0.00260152
5.58183e-08
0.00260152
3.4395e-08
0.00260152
1.84193e-08
0.00260152
5.08136e-09
0.00260152
3.96432e-09
0.00260152
4.51627e-09
0.00260152
6.86965e-09
0.00260152
-7.6977e-09
0.00260152
3.65035e-09
0.00260152
1.24378e-09
0.00260152
-3.08057e-10
0.00260152
4.08379e-09
0.00260152
-8.64187e-09
0.00260152
7.62021e-09
0.00260152
-4.65724e-09
0.00260152
9.46126e-09
0.00260152
-1.11643e-08
0.00260152
2.47013e-09
0.00260152
7.3145e-09
0.00260152
-8.86154e-09
0.00260152
1.14782e-08
0.00260152
-1.2139e-08
0.00260152
5.04846e-10
0.00260152
1.23189e-08
0.00260152
-5.06025e-09
0.00260152
-1.27141e-08
0.00260152
1.722e-08
0.00260151
-7.71398e-09
0.00260152
-6.64924e-09
0.00260152
2.14531e-08
0.00260152
-3.10828e-08
0.00260152
1.99221e-08
0.00260151
3.26859e-09
0.00260152
-2.04695e-08
0.00260152
1.97794e-08
0.00260152
-1.82814e-08
0.00260152
9.90285e-09
0.00260152
4.97709e-09
0.00260152
-1.40364e-08
0.00260152
3.92733e-09
0.00260152
-4.42173e-09
0.00260152
1.96585e-08
0.00260152
-2.57663e-08
0.00260152
1.67695e-08
0.00260152
-9.68765e-09
0.00260152
4.29332e-09
0.00260152
1.20396e-08
0.00260152
-1.07104e-08
0.00260152
2.24226e-09
0.00260152
3.05095e-09
0.00260152
-7.02149e-10
0.00260152
7.65023e-09
0.00260152
1.2382e-10
0.00260152
-7.36084e-09
0.00260152
1.06631e-09
0.00260152
5.19668e-09
0.00260152
-1.01369e-09
0.00260152
-5.79624e-09
0.00260152
-4.74619e-09
0.00260152
-2.1189e-10
0.00260152
2.9706e-09
0.00260152
-1.93231e-10
0.00260152
-6.15907e-09
0.00260152
-5.3802e-09
0.00260152
3.23075e-09
0.00260152
9.61706e-09
0.00260152
6.30592e-09
0.00260152
-2.06245e-09
0.00260152
-5.31377e-09
0.00260152
-4.28906e-10
0.00260152
5.62023e-09
0.00260152
5.04198e-09
0.00260152
-1.95666e-09
0.00260152
-8.1665e-09
0.00260152
-7.70631e-09
0.00260152
-1.75587e-09
0.00260152
3.8921e-09
0.00260152
5.1239e-09
0.00260152
2.86204e-09
0.00260152
1.11829e-09
0.00260152
2.56796e-09
0.00260152
7.62e-09
0.00260152
1.19945e-08
0.00260152
1.77108e-08
1.93442e-08
0.00255226
0.000305117
0.00258112
0.000250546
0.00259362
0.00015634
0.00259854
9.08588e-05
0.0026004
5.05179e-05
0.00260109
2.7664e-05
0.00260135
1.50183e-05
0.00260144
8.11671e-06
0.00260149
4.37762e-06
0.0026015
2.35827e-06
0.00260151
1.26904e-06
0.00260151
6.82142e-07
0.00260152
3.68811e-07
0.00260152
1.98585e-07
0.00260152
1.05565e-07
0.00260152
5.49415e-08
0.00260152
3.38197e-08
0.00260152
1.85923e-08
0.00260152
4.77907e-09
0.00260152
4.92172e-09
0.00260152
3.12733e-09
0.00260152
8.36075e-09
0.00260152
-8.38651e-09
0.00260152
1.82312e-09
0.00260152
4.31919e-09
0.00260152
-7.28359e-10
0.00260152
2.24019e-09
0.00260152
-9.56565e-09
0.00260152
1.11852e-08
0.00260152
-4.76871e-09
0.00260152
5.78639e-09
0.00260152
-1.01214e-08
0.00260152
4.18621e-09
0.00260152
8.55495e-09
0.00260152
-1.16548e-08
0.00260152
1.00249e-08
0.00260152
-8.26525e-09
0.00260152
5.24827e-11
0.00260152
9.69983e-09
0.00260152
-2.4114e-09
0.00260152
-1.52315e-08
0.00260152
1.73523e-08
0.00260151
-2.6316e-09
0.00260152
-1.23891e-08
0.00260152
2.2208e-08
0.00260152
-2.94079e-08
0.00260152
1.83522e-08
0.00260151
7.36149e-09
0.00260152
-2.52378e-08
0.00260152
1.8882e-08
0.00260152
-1.28557e-08
0.00260152
7.54625e-09
0.00260152
3.84713e-09
0.00260152
-1.47794e-08
0.00260152
5.70375e-09
0.00260152
-3.65667e-09
0.00260152
1.92341e-08
0.00260152
-2.76909e-08
0.00260152
1.71202e-08
0.00260152
-7.35644e-09
0.00260152
2.9509e-09
0.00260152
1.20111e-08
0.00260152
-1.12061e-08
0.00260152
1.4841e-09
0.00260152
5.0418e-09
0.00260152
-3.8449e-10
0.00260152
5.67323e-09
0.00260152
-1.23752e-10
0.00260152
-6.25437e-09
0.00260152
1.53496e-09
0.00260152
4.93351e-09
0.00260152
-1.65791e-09
0.00260152
-6.11216e-09
0.00260152
-4.09464e-09
0.00260152
5.68245e-10
0.00260152
2.71739e-09
0.00260152
-1.04087e-09
0.00260152
-6.31015e-09
0.00260152
-4.65182e-09
0.00260152
3.82058e-09
0.00260152
9.32727e-09
0.00260152
5.54105e-09
0.00260152
-2.40885e-09
0.00260152
-4.9768e-09
0.00260152
4.86372e-11
0.00260152
5.66058e-09
0.00260152
4.68982e-09
0.00260152
-2.20765e-09
0.00260152
-8.01976e-09
0.00260152
-7.33571e-09
0.00260152
-1.51261e-09
0.00260152
3.87213e-09
0.00260152
5.00472e-09
0.00260152
2.86934e-09
0.00260152
1.27813e-09
0.00260152
2.76892e-09
0.00260152
7.47729e-09
0.00260152
1.1963e-08
0.00260152
1.64079e-08
1.78326e-08
0.00254613
0.000258987
0.00257507
0.000221607
0.00258937
0.000142033
0.00259595
8.42836e-05
0.0025989
4.75635e-05
0.00260026
2.63127e-05
0.00260089
1.43842e-05
0.0026012
7.80932e-06
0.00260135
4.22249e-06
0.00260143
2.27859e-06
0.00260147
1.22954e-06
0.00260149
6.61154e-07
0.00260151
3.55332e-07
0.00260151
1.91558e-07
0.00260151
1.04923e-07
0.00260151
5.34326e-08
0.00260152
3.05784e-08
0.00260152
1.80085e-08
0.00260152
5.6212e-09
0.00260152
6.8798e-09
0.00260152
-3.1788e-10
0.00260152
8.25762e-09
0.00260152
-5.80354e-09
0.00260152
2.26259e-10
0.00260152
4.52442e-09
0.00260152
-7.75187e-10
0.00260152
2.40982e-09
0.00260152
-1.07663e-08
0.00260152
1.32851e-08
0.00260152
-4.43776e-09
0.00260152
2.31927e-09
0.00260152
-8.62324e-09
0.00260152
5.8233e-09
0.00260152
9.12217e-09
0.00260152
-1.41612e-08
0.00260152
8.26627e-09
0.00260152
-3.63115e-09
0.00260152
2.37146e-10
0.00260152
5.01047e-09
0.00260152
3.8735e-10
0.00260152
-1.5447e-08
0.00260152
1.63851e-08
0.00260151
1.54442e-09
0.00260152
-1.79451e-08
0.00260152
2.32466e-08
0.00260152
-2.63007e-08
0.00260152
1.51752e-08
0.00260152
1.07175e-08
0.00260152
-2.83602e-08
0.00260152
1.76644e-08
0.00260152
-7.7225e-09
0.00260152
5.07703e-09
0.00260152
2.53249e-09
0.00260152
-1.49997e-08
0.00260152
7.4434e-09
0.00260152
-2.95314e-09
0.00260152
1.84444e-08
0.00260152
-2.9556e-08
0.00260152
1.77159e-08
0.00260152
-4.57838e-09
0.00260152
1.03982e-09
0.00260152
1.14718e-08
0.00260152
-1.10152e-08
0.00260152
1.01441e-09
0.00260152
6.6553e-09
0.00260152
-2.20938e-10
0.00260152
3.72149e-09
0.00260152
-2.58799e-10
0.00260152
-4.96149e-09
0.00260152
1.95154e-09
0.00260152
4.4414e-09
0.00260152
-2.32255e-09
0.00260152
-6.25384e-09
0.00260152
-3.3774e-09
0.00260152
1.23874e-09
0.00260152
2.35805e-09
0.00260152
-1.87028e-09
0.00260152
-6.37589e-09
0.00260152
-3.88609e-09
0.00260152
4.37107e-09
0.00260152
8.98946e-09
0.00260152
4.78025e-09
0.00260152
-2.71088e-09
0.00260152
-4.60239e-09
0.00260152
5.3302e-10
0.00260152
5.68853e-09
0.00260152
4.3186e-09
0.00260152
-2.48133e-09
0.00260152
-7.89422e-09
0.00260152
-6.97613e-09
0.00260152
-1.26455e-09
0.00260152
3.86228e-09
0.00260152
4.87909e-09
0.00260152
2.84393e-09
0.00260152
1.39406e-09
0.00260152
2.91953e-09
0.00260152
7.34161e-09
0.00260152
1.18259e-08
0.00260152
1.52858e-08
1.66253e-08
0.00254123
0.000217762
0.00257
0.000192831
0.00258566
0.000126375
0.0025936
7.63399e-05
0.00259752
4.36454e-05
0.00259947
2.43628e-05
0.00260046
1.34006e-05
0.00260096
7.30529e-06
0.00260122
3.96009e-06
0.00260136
2.13936e-06
0.00260143
1.15739e-06
0.00260147
6.22741e-07
0.00260149
3.33634e-07
0.00260151
1.78709e-07
0.00260151
1.01124e-07
0.00260151
5.13565e-08
0.00260152
2.62536e-08
0.00260152
1.65952e-08
0.00260152
6.32471e-09
0.00260151
9.61598e-09
0.00260152
-4.1862e-09
0.00260152
6.25399e-09
0.00260152
-1.31374e-09
0.00260152
-1.53935e-10
0.00260152
2.24768e-09
0.00260152
-1.36072e-09
0.00260152
4.8566e-09
0.00260152
-1.14212e-08
0.00260152
1.28627e-08
0.00260152
-3.99318e-09
0.00260152
5.01524e-10
0.00260152
-6.80525e-09
0.00260152
6.1238e-09
0.00260152
8.99299e-09
0.00260152
-1.50868e-08
0.00260152
6.38529e-09
0.00260152
2.68302e-10
0.00260152
1.20175e-09
0.00260152
-6.46313e-10
0.00260152
3.06819e-09
0.00260152
-1.38427e-08
0.00260152
1.43815e-08
0.00260152
4.84657e-09
0.00260152
-2.30133e-08
0.00260152
2.44651e-08
0.00260152
-2.19291e-08
0.00260152
1.04961e-08
0.00260152
1.30733e-08
0.00260152
-2.95121e-08
0.00260152
1.63885e-08
0.00260152
-3.42061e-09
0.00260152
2.38792e-09
0.00260152
1.45518e-09
0.00260152
-1.45529e-08
0.00260152
8.85822e-09
0.00260152
-2.59693e-09
0.00260152
1.76311e-08
0.00260152
-3.11877e-08
0.00260152
1.83579e-08
0.00260152
-1.521e-09
0.00260152
-1.29816e-09
0.00260152
1.04918e-08
0.00260152
-1.01728e-08
0.00260152
8.49505e-10
0.00260152
7.80738e-09
0.00260152
-2.38251e-10
0.00260152
1.90399e-09
0.00260152
-2.47572e-10
0.00260152
-3.56734e-09
0.00260152
2.27708e-09
0.00260152
3.75984e-09
0.00260152
-2.96767e-09
0.00260152
-6.22259e-09
0.00260152
-2.62411e-09
0.00260152
1.77978e-09
0.00260152
1.90662e-09
0.00260152
-2.65405e-09
0.00260152
-6.34946e-09
0.00260152
-3.10025e-09
0.00260152
4.86399e-09
0.00260152
8.60296e-09
0.00260152
4.0371e-09
0.00260152
-2.95807e-09
0.00260152
-4.19398e-09
0.00260152
1.01093e-09
0.00260152
5.69416e-09
0.00260152
3.93059e-09
0.00260152
-2.76618e-09
0.00260152
-7.77952e-09
0.00260152
-6.62546e-09
0.00260152
-1.01813e-09
0.00260152
3.85489e-09
0.00260152
4.74511e-09
0.00260152
2.79147e-09
0.00260152
1.47227e-09
0.00260152
3.02996e-09
0.00260152
7.20577e-09
0.00260152
1.1613e-08
0.00260152
1.43049e-08
1.56397e-08
0.00253732
0.000180438
0.0025658
0.000164352
0.00258246
0.000109712
0.00259153
6.72778e-05
0.00259627
3.8898e-05
0.00259875
2.18824e-05
0.00260005
1.21007e-05
0.00260074
6.62036e-06
0.0026011
3.59836e-06
0.0026013
1.9453e-06
0.0026014
1.05414e-06
0.00260145
5.6742e-07
0.00260148
3.04893e-07
0.0026015
1.61324e-07
0.00260151
9.29331e-08
0.00260151
4.81792e-08
0.00260152
2.24707e-08
0.00260152
1.46524e-08
0.00260152
5.75421e-09
0.00260152
1.2216e-08
0.00260152
-6.70321e-09
0.00260152
3.01298e-09
0.00260152
2.9899e-09
0.00260152
7.66645e-10
0.00260152
-7.68415e-10
0.00260152
-3.03496e-09
0.00260152
8.44613e-09
0.00260152
-1.08242e-08
0.00260152
1.03258e-08
0.00260152
-4.04265e-09
0.00260152
6.45498e-10
0.00260152
-4.4361e-09
0.00260152
4.54928e-09
0.00260152
7.88404e-09
0.00260152
-1.357e-08
0.00260152
4.76979e-09
0.00260152
2.15275e-09
0.00260152
2.75677e-09
0.00260152
-5.87604e-09
0.00260152
5.385e-09
0.00260152
-1.1177e-08
0.00260152
1.13626e-08
0.00260152
7.66916e-09
0.00260152
-2.7274e-08
0.00260152
2.54558e-08
0.00260151
-1.66118e-08
0.00260152
4.77404e-09
0.00260152
1.43371e-08
0.00260152
-2.87435e-08
0.00260152
1.5239e-08
0.00260152
-2.471e-10
0.00260152
-5.4654e-10
0.00260152
8.60564e-10
0.00260152
-1.33208e-08
0.00260152
9.71429e-09
0.00260152
-2.82029e-09
0.00260152
1.70779e-08
0.00260152
-3.23795e-08
0.00260152
1.88274e-08
0.00260152
1.60612e-09
0.00260152
-3.86537e-09
0.00260152
9.17292e-09
0.00260152
-8.76105e-09
0.00260152
9.62105e-10
0.00260152
8.46468e-09
0.00260152
-4.40417e-10
0.00260152
3.08245e-10
0.00260152
-7.47272e-11
0.00260152
-2.15035e-09
0.00260152
2.48171e-09
0.00260152
2.93401e-09
0.00260152
-3.55775e-09
0.00260152
-6.02925e-09
0.00260152
-1.86446e-09
0.00260152
2.18011e-09
0.00260152
1.38047e-09
0.00260152
-3.36997e-09
0.00260152
-6.23016e-09
0.00260152
-2.31096e-09
0.00260152
5.28621e-09
0.00260152
8.17075e-09
0.00260152
3.32348e-09
0.00260152
-3.14386e-09
0.00260152
-3.75638e-09
0.00260152
1.47112e-09
0.00260152
5.67094e-09
0.00260152
3.52857e-09
0.00260152
-3.05258e-09
0.00260152
-7.66796e-09
0.00260152
-6.28239e-09
0.00260152
-7.78575e-10
0.00260152
3.84383e-09
0.00260152
4.60159e-09
0.00260152
2.71702e-09
0.00260152
1.52165e-09
0.00260152
3.10232e-09
0.00260152
7.0682e-09
0.00260152
1.13439e-08
0.00260152
1.3432e-08
1.48116e-08
0.00253425
0.000146191
0.00256237
0.00013623
0.00257977
9.23122e-05
0.00258973
5.73158e-05
0.00259518
3.34515e-05
0.00259812
1.8943e-05
0.00259969
1.05228e-05
0.00260054
5.77424e-06
0.00260099
3.14661e-06
0.00260124
1.70223e-06
0.00260137
9.22906e-07
0.00260144
4.96631e-07
0.00260147
2.6898e-07
0.00260149
1.4095e-07
0.00260151
8.03732e-08
0.00260151
4.33007e-08
0.00260151
1.97463e-08
0.00260152
1.27589e-08
0.00260152
3.62774e-09
0.00260152
1.35078e-08
0.00260152
-6.86589e-09
0.00260152
-1.43762e-10
0.00260152
5.29426e-09
0.00260152
2.26211e-09
0.00260152
-2.59942e-09
0.00260152
-5.55915e-09
0.00260152
1.14278e-08
0.00260152
-8.80929e-09
0.00260152
6.96951e-09
0.00260152
-4.90085e-09
0.00260152
2.0119e-09
0.00260152
-1.33534e-09
0.00260152
1.53628e-09
0.00260152
5.5326e-09
0.00260152
-9.68311e-09
0.00260152
3.9202e-09
0.00260152
1.43735e-09
0.00260152
4.56278e-09
0.00260152
-9.712e-09
0.00260152
7.33079e-09
0.00260152
-8.26187e-09
0.00260152
7.37605e-09
0.00260152
1.04431e-08
0.00260152
-3.03422e-08
0.00260152
2.56654e-08
0.00260151
-1.07536e-08
0.00260152
-1.35746e-09
0.00260152
1.46059e-08
0.00260152
-2.64034e-08
0.00260152
1.4258e-08
0.00260152
1.82869e-09
0.00260152
-3.74233e-09
0.00260152
8.56767e-10
0.00260152
-1.12826e-08
0.00260152
9.90241e-09
0.00260152
-3.79803e-09
0.00260152
1.70013e-08
0.00260152
-3.29494e-08
0.00260152
1.89269e-08
0.00260152
4.59487e-09
0.00260152
-6.4553e-09
0.00260152
7.6394e-09
0.00260152
-6.89941e-09
0.00260152
1.29952e-09
0.00260152
8.63116e-09
0.00260152
-8.10649e-10
0.00260152
-9.96204e-10
0.00260152
2.52917e-10
0.00260152
-7.77838e-10
0.00260152
2.54562e-09
0.00260152
2.01144e-09
0.00260152
-4.06369e-09
0.00260152
-5.69137e-09
0.00260152
-1.12731e-09
0.00260152
2.43707e-09
0.00260152
7.98239e-10
0.00260152
-4.00057e-09
0.00260152
-6.02232e-09
0.00260152
-1.53372e-09
0.00260152
5.62897e-09
0.00260152
7.69859e-09
0.00260152
2.6496e-09
0.00260152
-3.26496e-09
0.00260152
-3.29566e-09
0.00260152
1.90465e-09
0.00260152
5.61473e-09
0.00260152
3.11687e-09
0.00260152
-3.33419e-09
0.00260152
-7.55302e-09
0.00260152
-5.94649e-09
0.00260152
-5.50146e-10
0.00260152
3.82433e-09
0.00260152
4.4481e-09
0.00260152
2.62512e-09
0.00260152
1.54586e-09
0.00260152
3.14677e-09
0.00260152
6.92326e-09
0.00260152
1.10324e-08
0.00260152
1.26394e-08
1.40914e-08
0.00253186
0.00011433
0.00255962
0.00010847
0.00257755
7.4379e-05
0.00258823
4.66452e-05
0.00259424
2.74321e-05
0.00259757
1.56187e-05
0.00259938
8.70874e-06
0.00260037
4.78996e-06
0.0026009
2.61604e-06
0.00260118
1.41659e-06
0.00260134
7.67835e-07
0.00260142
4.12631e-07
0.00260147
2.25547e-07
0.00260149
1.18485e-07
0.0026015
6.46347e-08
0.00260151
3.64164e-08
0.00260151
1.76365e-08
0.00260151
1.12518e-08
0.00260152
6.36532e-10
0.00260152
1.26901e-08
0.00260152
-4.97151e-09
0.00260152
-1.85127e-09
0.00260152
5.00189e-09
0.00260152
3.14195e-09
0.00260152
-2.1505e-09
0.00260152
-7.93858e-09
0.00260152
1.23004e-08
0.00260152
-5.92373e-09
0.00260152
4.29664e-09
0.00260152
-6.35956e-09
0.00260152
3.36058e-09
0.00260151
2.32833e-09
0.00260152
-1.80652e-09
0.00260152
1.92917e-09
0.00260152
-4.29627e-09
0.00260152
4.21786e-09
0.00260152
-1.68793e-09
0.00260152
6.21653e-09
0.00260152
-1.16841e-08
0.00260152
8.95597e-09
0.00260152
-5.64674e-09
0.00260152
2.46892e-09
0.00260152
1.34866e-08
0.00260152
-3.18862e-08
0.00260152
2.46588e-08
0.00260151
-4.89295e-09
0.00260152
-7.15862e-09
0.00260152
1.40825e-08
0.00260152
-2.30112e-08
0.00260152
1.33836e-08
0.00260152
2.98742e-09
0.00260152
-7.03775e-09
0.00260152
1.34641e-09
0.00260152
-8.51982e-09
0.00260152
9.45038e-09
0.00260152
-5.61869e-09
0.00260152
1.75149e-08
0.00260152
-3.27541e-08
0.00260152
1.84907e-08
0.00260152
7.2623e-09
0.00260152
-8.86098e-09
0.00260152
6.01832e-09
0.00260152
-4.73143e-09
0.00260152
1.79288e-09
0.00260152
8.34675e-09
0.00260152
-1.31188e-09
0.00260152
-1.98177e-09
0.00260152
7.29351e-10
0.00260152
4.84755e-10
0.00260152
2.46552e-09
0.00260152
1.03763e-09
0.00260152
-4.46319e-09
0.00260152
-5.23151e-09
0.00260152
-4.38026e-10
0.00260152
2.55258e-09
0.00260152
1.8079e-10
0.00260152
-4.53319e-09
0.00260152
-5.7343e-09
0.00260152
-7.82887e-10
0.00260152
5.88741e-09
0.00260152
7.19441e-09
0.00260152
2.024e-09
0.00260152
-3.32085e-09
0.00260152
-2.81864e-09
0.00260152
2.30463e-09
0.00260152
5.52364e-09
0.00260152
2.69856e-09
0.00260152
-3.60332e-09
0.00260152
-7.43143e-09
0.00260152
-5.61783e-09
0.00260152
-3.36369e-10
0.00260152
3.79275e-09
0.00260152
4.28543e-09
0.00260152
2.51713e-09
0.00260152
1.55344e-09
0.00260152
3.16691e-09
0.00260152
6.76849e-09
0.00260152
1.06871e-08
0.00260152
1.19036e-08
1.34403e-08
0.00253006
8.42665e-05
0.0025575
8.10376e-05
0.00257581
5.60696e-05
0.00258702
3.54347e-05
0.00259349
2.09613e-05
0.00259712
1.19851e-05
0.00259913
6.70276e-06
0.00260022
3.69296e-06
0.00260082
2.02001e-06
0.00260114
1.09529e-06
0.00260131
5.93584e-07
0.00260141
3.18172e-07
0.00260146
1.74879e-07
0.00260148
9.40331e-08
0.0026015
4.7225e-08
0.00260151
2.79517e-08
0.00260151
1.51286e-08
0.00260151
9.99898e-09
0.00260152
-2.01884e-09
0.00260152
9.7708e-09
0.00260152
-2.19059e-09
0.00260152
-1.5648e-09
0.00260152
2.85324e-09
0.00260152
2.46947e-09
0.00260152
4.20581e-10
0.00260152
-9.01829e-09
0.00260152
1.05533e-08
0.00260152
-3.22339e-09
0.00260152
3.35408e-09
0.00260152
-7.71008e-09
0.00260152
3.5312e-09
0.00260152
5.94606e-09
0.00260152
-4.1279e-09
0.00260152
-2.57731e-09
0.00260152
1.24418e-09
0.00260152
5.75092e-09
0.00260152
-6.38412e-09
0.00260152
7.44489e-09
0.00260152
-1.19307e-08
0.00260152
1.0291e-08
0.00260152
-3.47934e-09
0.00260152
-3.24066e-09
0.00260152
1.68576e-08
0.00260152
-3.16622e-08
0.00260152
2.21788e-08
0.00260151
4.51971e-10
0.00260152
-1.20093e-08
0.00260152
1.30852e-08
0.00260152
-1.91415e-08
0.00260152
1.24615e-08
0.00260152
3.55912e-09
0.00260152
-1.02448e-08
0.00260152
2.11278e-09
0.00260152
-5.16953e-09
0.00260152
8.47811e-09
0.00260152
-8.26411e-09
0.00260152
1.86172e-08
0.00260152
-3.17078e-08
0.00260152
1.74224e-08
0.00260152
9.45672e-09
0.00260152
-1.0916e-08
0.00260152
4.44324e-09
0.00260152
-2.40716e-09
0.00260152
2.36183e-09
0.00260152
7.67208e-09
0.00260152
-1.8905e-09
0.00260152
-2.6399e-09
0.00260152
1.3271e-09
0.00260152
1.59553e-09
0.00260152
2.24226e-09
0.00260152
5.68855e-11
0.00260152
-4.74181e-09
0.00260152
-4.67605e-09
0.00260152
1.82607e-10
0.00260152
2.53152e-09
0.00260152
-4.47862e-10
0.00260152
-4.96219e-09
0.00260152
-5.37366e-09
0.00260152
-7.62828e-11
0.00260152
6.06292e-09
0.00260152
6.667e-09
0.00260152
1.45358e-09
0.00260152
-3.31319e-09
0.00260152
-2.33257e-09
0.00260152
2.66586e-09
0.00260152
5.39743e-09
0.00260152
2.27809e-09
0.00260152
-3.85525e-09
0.00260152
-7.30047e-09
0.00260152
-5.29721e-09
0.00260152
-1.40168e-10
0.00260152
3.74635e-09
0.00260152
4.11393e-09
0.00260152
2.40204e-09
0.00260152
1.54033e-09
0.00260152
3.17038e-09
0.00260152
6.60202e-09
0.00260152
1.03133e-08
0.00260152
1.12045e-08
1.28276e-08
0.00252878
5.54903e-05
0.00255594
5.3871e-05
0.00257451
3.75059e-05
0.00258611
2.38344e-05
0.00259291
1.41564e-05
0.00259678
8.11905e-06
0.00259893
4.55082e-06
0.00260011
2.51023e-06
0.00260076
1.37383e-06
0.00260111
7.46054e-07
0.0026013
4.04717e-07
0.0026014
2.1628e-07
0.00260146
1.18123e-07
0.00260148
6.72458e-08
0.0026015
2.95857e-08
0.00260151
1.86205e-08
0.00260151
1.14144e-08
0.00260151
8.5185e-09
0.00260152
-3.41809e-09
0.00260152
5.54749e-09
0.00260152
1.88415e-10
0.00260152
2.98827e-10
0.00260152
2.52076e-10
0.00260152
9.24987e-11
0.00260152
3.93574e-09
0.00260152
-8.07169e-09
0.00260152
6.84326e-09
0.00260152
-1.77448e-09
0.00260152
4.23272e-09
0.00260152
-8.04838e-09
0.00260152
2.02293e-09
0.00260152
8.64382e-09
0.00260152
-4.50381e-09
0.00260152
-7.17617e-09
0.00260152
5.5509e-09
0.00260151
8.23231e-09
0.00260152
-1.14524e-08
0.00260152
8.16749e-09
0.00260152
-1.09992e-08
0.00260152
1.12288e-08
0.00260152
-1.53968e-09
0.00260152
-9.48165e-09
0.00260152
2.02966e-08
0.00260152
-2.95946e-08
0.00260152
1.82676e-08
0.00260152
4.8413e-09
0.00260152
-1.55009e-08
0.00260152
1.1955e-08
0.00260152
-1.52906e-08
0.00260152
1.12797e-08
0.00260152
3.88689e-09
0.00260152
-1.31105e-08
0.00260152
2.90652e-09
0.00260152
-1.50179e-09
0.00260152
7.2248e-09
0.00260152
-1.1639e-08
0.00260152
2.0217e-08
0.00260152
-2.97923e-08
0.00260152
1.56958e-08
0.00260152
1.10706e-08
0.00260152
-1.24915e-08
0.00260152
3.02578e-09
0.00260152
-6.70558e-11
0.00260152
2.92571e-09
0.00260152
6.68766e-09
0.00260152
-2.49466e-09
0.00260152
-2.97497e-09
0.00260152
2.00727e-09
0.00260152
2.52329e-09
0.00260152
1.88703e-09
0.00260152
-8.88346e-10
0.00260152
-4.89394e-09
0.00260152
-4.0522e-09
0.00260152
7.16121e-10
0.00260152
2.38838e-09
0.00260152
-1.07284e-09
0.00260152
-5.28176e-09
0.00260152
-4.95431e-09
0.00260152
5.77612e-10
0.00260152
6.15585e-09
0.00260152
6.12639e-09
0.00260152
9.43652e-10
0.00260152
-3.24539e-09
0.00260152
-1.84473e-09
0.00260152
2.98438e-09
0.00260152
5.23772e-09
0.00260152
1.85948e-09
0.00260152
-4.08606e-09
0.00260152
-7.15897e-09
0.00260152
-4.98593e-09
0.00260152
3.59587e-11
0.00260152
3.68365e-09
0.00260152
3.93491e-09
0.00260152
2.27859e-09
0.00260152
1.51965e-09
0.00260152
3.15518e-09
0.00260152
6.42321e-09
0.00260152
9.91428e-09
0.00260152
1.0525e-08
1.22286e-08
0.00252795
2.75434e-05
0.00255493
2.68909e-05
0.00257365
1.87857e-05
0.0025855
1.19816e-05
0.00259253
7.13133e-06
0.00259655
4.09795e-06
0.0025988
2.30045e-06
0.00260004
1.26963e-06
0.00260072
6.94091e-07
0.00260109
3.77501e-07
0.00260128
2.05749e-07
0.00260139
1.09658e-07
0.00260145
5.75161e-08
0.00260148
3.78447e-08
0.0026015
1.23697e-08
0.00260151
9.34347e-09
0.00260151
6.2149e-09
0.00260152
6.26411e-09
0.00260151
-3.21291e-09
0.00260152
1.20237e-09
0.00260152
1.2109e-09
0.00260152
2.67848e-09
0.00260152
-1.42541e-09
0.00260152
-3.28841e-09
0.00260152
6.79932e-09
0.00260152
-5.12444e-09
0.00260152
2.50165e-09
0.00260152
-2.06187e-09
0.00260152
6.15743e-09
0.00260152
-6.71043e-09
0.00260152
-8.67768e-10
0.00260152
9.55352e-09
0.00260152
-2.61218e-09
0.00260152
-1.09752e-08
0.00260152
7.70478e-09
0.00260152
1.10866e-08
0.00260152
-1.57951e-08
0.00260152
8.53819e-09
0.00260152
-9.5734e-09
0.00260152
1.15383e-08
0.00260152
5.77914e-10
0.00260152
-1.58258e-08
0.00260152
2.33303e-08
0.00260151
-2.58349e-08
0.00260152
1.32419e-08
0.00260152
8.02043e-09
0.00260152
-1.74993e-08
0.00260152
1.09972e-08
0.00260152
-1.18361e-08
0.00260152
9.63281e-09
0.00260152
4.26953e-09
0.00260152
-1.53413e-08
0.00260152
3.43904e-09
0.00260152
2.18179e-09
0.00260152
5.95458e-09
0.00260152
-1.55456e-08
0.00260152
2.21355e-08
0.00260152
-2.70548e-08
0.00260152
1.3353e-08
0.00260152
1.20437e-08
0.00260152
-1.35062e-08
0.00260152
1.86222e-09
0.00260152
2.1532e-09
0.00260152
3.41707e-09
0.00260152
5.48111e-09
0.00260152
-3.07322e-09
0.00260152
-3.00933e-09
0.00260152
2.73066e-09
0.00260152
3.24778e-09
0.00260152
1.42024e-09
0.00260152
-1.7658e-09
0.00260152
-4.91845e-09
0.00260152
-3.38814e-09
0.00260152
1.15021e-09
0.00260152
2.13718e-09
0.00260152
-1.67586e-09
0.00260152
-5.49343e-09
0.00260152
-4.48897e-09
0.00260152
1.17003e-09
0.00260152
6.17064e-09
0.00260152
5.5823e-09
0.00260152
4.97984e-10
0.00260152
-3.12237e-09
0.00260152
-1.36162e-09
0.00260152
3.25744e-09
0.00260152
5.04685e-09
0.00260152
1.44675e-09
0.00260152
-4.29261e-09
0.00260152
-7.00688e-09
0.00260152
-4.68627e-09
0.00260152
1.90548e-10
0.00260152
3.60359e-09
0.00260152
3.74923e-09
0.00260152
2.15259e-09
0.00260152
1.492e-09
0.00260152
3.12579e-09
0.00260152
6.23077e-09
0.00260152
9.49174e-09
0.00260152
9.84961e-09
1.16223e-08
0.00252754
2.97814e-09
0.00255442
6.63433e-09
0.00257322
-8.91295e-09
0.0025852
4.35726e-09
0.00259233
-3.06299e-09
0.00259643
-4.96902e-10
0.00259873
3.4615e-10
0.0026
-3.3655e-10
0.0026007
-2.03957e-09
0.00260107
-9.64244e-10
0.00260128
1.38365e-09
0.00260139
6.15163e-10
0.00260145
-4.25849e-09
0.00260148
6.11143e-09
0.0026015
-4.37467e-09
0.00260151
6.9217e-10
0.00260151
-1.49357e-11
0.00260152
2.91472e-09
0.00260151
-1.88759e-09
0.00260152
-2.09392e-09
0.00260152
7.74741e-10
0.00260152
4.24433e-09
0.00260152
-1.45554e-09
0.00260152
-6.43728e-09
0.00260152
7.7684e-09
0.00260151
-1.00236e-09
0.00260152
-9.82251e-10
0.00260152
-3.89053e-09
0.00260152
7.92433e-09
0.00260152
-3.56209e-09
0.00260152
-4.24249e-09
0.00260152
8.20483e-09
0.00260152
1.07213e-09
0.00260152
-1.312e-08
0.00260152
7.39415e-09
0.00260152
1.3606e-08
0.00260152
-1.86405e-08
0.00260152
8.89234e-09
0.00260152
-8.29951e-09
0.00260152
1.09289e-08
0.00260152
3.26946e-09
0.00260152
-2.17221e-08
0.00260152
2.54087e-08
0.00260151
-2.07367e-08
0.00260152
7.6323e-09
0.00260152
9.89529e-09
0.00260152
-1.81061e-08
0.00260152
1.04174e-08
0.00260152
-8.9716e-09
0.00260152
7.35775e-09
0.00260152
4.91895e-09
0.00260152
-1.66932e-08
0.00260152
3.49279e-09
0.00260152
5.56604e-09
0.00260152
4.93617e-09
0.00260152
-1.97582e-08
0.00260152
2.41652e-08
0.00260152
-2.36054e-08
0.00260152
1.04936e-08
0.00260152
1.23651e-08
0.00260152
-1.39211e-08
0.00260152
1.00542e-09
0.00260152
4.15451e-09
0.00260152
3.77612e-09
0.00260152
4.14016e-09
0.00260152
-3.57621e-09
0.00260152
-2.77986e-09
0.00260152
3.45918e-09
0.00260152
3.75919e-09
0.00260152
8.66263e-10
0.00260152
-2.54722e-09
0.00260152
-4.82136e-09
0.00260152
-2.71296e-09
0.00260152
1.47984e-09
0.00260152
1.79365e-09
0.00260152
-2.24167e-09
0.00260152
-5.60152e-09
0.00260152
-3.99138e-09
0.00260152
1.69457e-09
0.00260152
6.11346e-09
0.00260152
5.04523e-09
0.00260152
1.17744e-10
0.00260152
-2.94999e-09
0.00260152
-8.88326e-10
0.00260152
3.48432e-09
0.00260152
4.82549e-09
0.00260152
1.04512e-09
0.00260152
-4.47285e-09
0.00260152
-6.84503e-09
0.00260152
-4.40028e-09
0.00260152
3.21241e-10
0.00260152
3.50652e-09
0.00260152
3.55781e-09
0.00260152
2.02886e-09
0.00260152
1.45983e-09
0.00260152
3.08501e-09
0.00260152
6.02387e-09
0.00260152
9.0468e-09
0.00260152
9.16476e-09
1.09905e-08
0.00252754
-2.75374e-05
0.00255442
-2.68777e-05
0.00257322
-1.88034e-05
0.0025852
-1.19732e-05
0.00259233
-7.13736e-06
0.00259643
-4.09844e-06
0.00259873
-2.30018e-06
0.0026
-1.27078e-06
0.0026007
-6.97318e-07
0.00260107
-3.79411e-07
0.00260128
-2.03604e-07
0.00260139
-1.08632e-07
0.00260145
-6.4685e-08
0.00260148
-2.7005e-08
0.0026015
-2.08344e-08
0.00260151
-7.27895e-09
0.00260151
-6.39102e-09
0.00260152
-1.44511e-09
0.00260152
-2.78999e-10
0.00260152
-3.80503e-09
0.00260152
-5.59289e-10
0.00260152
4.11329e-09
0.00260152
4.12313e-11
0.00260152
-8.15037e-09
0.00260152
6.39482e-09
0.00260152
3.05285e-09
0.00260152
-2.61263e-09
0.00260152
-6.38326e-09
0.00260152
8.40742e-09
0.00260152
8.29669e-10
0.00260152
-6.89565e-09
0.00260152
4.65564e-09
0.00260152
5.56965e-09
0.00260152
-1.31442e-08
0.00260152
4.98036e-09
0.00260152
1.517e-08
0.00260152
-1.97094e-08
0.00260152
9.56912e-09
0.00260152
-7.53752e-09
0.00260152
9.08583e-09
0.00260152
6.78998e-09
0.00260152
-2.65758e-08
0.00260152
2.60637e-08
0.00260151
-1.48243e-08
0.00260152
2.05058e-09
0.00260152
1.05717e-08
0.00260152
-1.76265e-08
0.00260152
1.02929e-08
0.00260152
-6.70609e-09
0.00260152
4.38133e-09
0.00260152
5.90332e-09
0.00260152
-1.69648e-08
0.00260152
2.93091e-09
0.00260152
8.33941e-09
0.00260152
4.4032e-09
0.00260152
-2.40075e-08
0.00260152
2.60748e-08
0.00260152
-1.95991e-08
0.00260152
7.25848e-09
0.00260152
1.20712e-08
0.00260152
-1.37472e-08
0.00260152
4.87257e-10
0.00260152
5.85527e-09
0.00260152
3.96292e-09
0.00260152
2.74829e-09
0.00260152
-3.96147e-09
0.00260152
-2.33054e-09
0.00260152
4.15395e-09
0.00260152
4.05922e-09
0.00260152
2.5291e-10
0.00260152
-3.21143e-09
0.00260152
-4.61384e-09
0.00260152
-2.05118e-09
0.00260152
1.69911e-09
0.00260152
1.37822e-09
0.00260152
-2.75825e-09
0.00260152
-5.61329e-09
0.00260152
-3.47544e-09
0.00260152
2.14735e-09
0.00260152
5.99215e-09
0.00260152
4.52348e-09
0.00260152
-1.94228e-10
0.00260152
-2.73438e-09
0.00260152
-4.32964e-10
0.00260152
3.66616e-09
0.00260152
4.57752e-09
0.00260152
6.57984e-10
0.00260152
-4.62532e-09
0.00260152
-6.67506e-09
0.00260152
-4.13059e-09
0.00260152
4.26669e-10
0.00260152
3.39263e-09
0.00260152
3.36262e-09
0.00260152
1.91034e-09
0.00260152
1.42671e-09
0.00260152
3.03543e-09
0.00260152
5.80189e-09
0.00260152
8.58026e-09
0.00260152
8.45766e-09
1.03159e-08
0.00252795
-5.54842e-05
0.00255493
-5.3858e-05
0.00257365
-3.75233e-05
0.0025855
-2.38267e-05
0.00259253
-1.41623e-05
0.00259655
-8.11846e-06
0.0025988
-4.5514e-06
0.00260004
-2.51231e-06
0.00260072
-1.3754e-06
0.00260108
-7.4794e-07
0.00260128
-4.03768e-07
0.00260139
-2.15858e-07
0.00260145
-1.22019e-07
0.00260148
-5.99315e-08
0.0026015
-3.71691e-08
0.00260151
-1.48953e-08
0.00260151
-1.1979e-08
0.00260152
-6.34122e-09
0.00260152
6.93869e-10
0.00260152
-3.97755e-09
0.00260152
-1.94186e-09
0.00260152
2.09746e-09
0.00260152
2.31506e-09
0.00260152
-7.7307e-09
0.00260152
3.1159e-09
0.00260152
5.86488e-09
0.00260152
-2.18814e-09
0.00260152
-8.38728e-09
0.00260152
6.98982e-09
0.00260152
5.45881e-09
0.00260152
-7.86303e-09
0.00260152
-4.13162e-10
0.00260152
9.67399e-09
0.00260152
-1.10551e-08
0.00260152
1.2824e-09
0.00260152
1.54416e-08
0.00260152
-1.92235e-08
0.00260152
1.07977e-08
0.00260152
-7.29433e-09
0.00260152
5.78489e-09
0.00260152
1.11465e-08
0.00260152
-2.98324e-08
0.00260152
2.50035e-08
0.00260151
-8.71249e-09
0.00260152
-2.92329e-09
0.00260152
1.03032e-08
0.00260152
-1.64615e-08
0.00260152
1.05641e-08
0.00260152
-4.8986e-09
0.00260152
7.25528e-10
0.00260152
7.1765e-09
0.00260152
-1.60466e-08
0.00260152
1.71532e-09
0.00260152
1.02386e-08
0.00260152
4.5249e-09
0.00260152
-2.80177e-08
0.00260152
2.76454e-08
0.00260151
-1.52232e-08
0.00260152
3.81214e-09
0.00260152
1.12363e-08
0.00260152
-1.3031e-08
0.00260152
3.05405e-10
0.00260152
7.20565e-09
0.00260152
3.95411e-09
0.00260152
1.38126e-09
0.00260152
-4.19726e-09
0.00260152
-1.71008e-09
0.00260152
4.77899e-09
0.00260152
4.15959e-09
0.00260152
-3.90933e-10
0.00260152
-3.7442e-09
0.00260152
-4.31097e-09
0.00260152
-1.42625e-09
0.00260152
1.80911e-09
0.00260152
9.10238e-10
0.00260152
-3.21594e-09
0.00260152
-5.53862e-09
0.00260152
-2.95458e-09
0.00260152
2.52623e-09
0.00260152
5.81637e-09
0.00260152
4.0253e-09
0.00260152
-4.38161e-10
0.00260152
-2.48189e-09
0.00260152
-1.38515e-12
0.00260152
3.80331e-09
0.00260152
4.3088e-09
0.00260152
2.88763e-10
0.00260152
-4.75012e-09
0.00260152
-6.49915e-09
0.00260152
-3.8802e-09
0.00260152
5.05649e-10
0.00260152
3.26219e-09
0.00260152
3.16921e-09
0.00260152
1.79461e-09
0.00260152
1.39871e-09
0.00260152
2.97941e-09
0.00260152
5.56444e-09
0.00260152
8.09317e-09
0.00260152
7.71607e-09
9.5815e-09
0.00252878
-8.42605e-05
0.00255594
-8.10248e-05
0.00257451
-5.60866e-05
0.00258611
-3.54275e-05
0.00259291
-2.09673e-05
0.00259678
-1.19833e-05
0.00259893
-6.70416e-06
0.00260011
-3.69583e-06
0.00260076
-2.02013e-06
0.00260111
-1.09723e-06
0.0026013
-5.93564e-07
0.0026014
-3.18559e-07
0.00260145
-1.75189e-07
0.00260148
-9.09654e-08
0.0026015
-5.32309e-08
0.00260151
-2.25593e-08
0.00260151
-1.62039e-08
0.00260152
-1.10936e-08
0.00260152
4.9636e-10
0.00260152
-3.2083e-09
0.00260152
-2.65742e-09
0.00260152
-1.20718e-09
0.00260152
4.33073e-09
0.00260152
-5.23116e-09
0.00260152
-1.01048e-09
0.00260152
6.76715e-09
0.00260152
-3.02994e-10
0.00260152
-8.892e-09
0.00260152
3.8017e-09
0.00260152
9.11084e-09
0.00260152
-6.66041e-09
0.00260152
-5.93252e-09
0.00260152
1.23544e-08
0.00260151
-7.33951e-09
0.00260152
-2.70439e-09
0.00260152
1.44589e-08
0.00260152
-1.77561e-08
0.00260152
1.25814e-08
0.00260152
-7.25986e-09
0.00260152
1.02338e-09
0.00260152
1.60086e-08
0.00260152
-3.10476e-08
0.00260152
2.21842e-08
0.00260151
-3.03191e-09
0.00260152
-6.82251e-09
0.00260152
9.44708e-09
0.00260152
-1.50345e-08
0.00260152
1.10618e-08
0.00260152
-3.31803e-09
0.00260152
-3.47996e-09
0.00260152
8.5788e-09
0.00260152
-1.39259e-08
0.00260152
-8.8958e-11
0.00260152
1.10719e-08
0.00260152
5.38619e-09
0.00260152
-3.15311e-08
0.00260152
2.86973e-08
0.00260151
-1.0688e-08
0.00260152
3.30982e-10
0.00260152
9.96173e-09
0.00260152
-1.18483e-08
0.00260152
4.35308e-10
0.00260152
8.17696e-09
0.00260152
3.7472e-09
0.00260152
1.03617e-10
0.00260152
-4.26383e-09
0.00260152
-9.69128e-10
0.00260152
5.30434e-09
0.00260152
4.079e-09
0.00260152
-1.03521e-09
0.00260152
-4.13918e-09
0.00260152
-3.93121e-09
0.00260152
-8.57832e-10
0.00260152
1.8153e-09
0.00260152
4.08188e-10
0.00260152
-3.60768e-09
0.00260152
-5.38956e-09
0.00260152
-2.44114e-09
0.00260152
2.83129e-09
0.00260152
5.59595e-09
0.00260152
3.55843e-09
0.00260152
-6.15435e-10
0.00260152
-2.19975e-09
0.00260152
4.02995e-10
0.00260152
3.89682e-09
0.00260152
4.02443e-09
0.00260152
-5.92563e-11
0.00260152
-4.84779e-09
0.00260152
-6.32015e-09
0.00260152
-3.65228e-09
0.00260152
5.56424e-10
0.00260152
3.11709e-09
0.00260152
2.97785e-09
0.00260152
1.68876e-09
0.00260152
1.37668e-09
0.00260152
2.92e-09
0.00260152
5.3113e-09
0.00260152
7.58732e-09
0.00260152
6.92778e-09
8.76891e-09
0.00253006
-0.000114324
0.0025575
-0.000108458
0.00257581
-7.43957e-05
0.00258702
-4.6638e-05
0.00259349
-2.74387e-05
0.00259712
-1.5616e-05
0.00259913
-8.71044e-06
0.00260022
-4.79304e-06
0.00260082
-2.61576e-06
0.00260114
-1.41873e-06
0.00260131
-7.67683e-07
0.00260141
-4.13859e-07
0.00260146
-2.23605e-07
0.00260149
-1.18746e-07
0.0026015
-6.84432e-08
0.00260151
-3.05096e-08
0.00260151
-1.89648e-08
0.00260152
-1.50777e-08
0.00260152
-9.13149e-10
0.00260152
-2.2643e-09
0.00260152
-2.42145e-09
0.00260152
-4.7703e-09
0.00260152
5.29927e-09
0.00260152
-1.43964e-09
0.00260152
-4.72629e-09
0.00260152
5.78324e-09
0.00260152
1.93904e-09
0.00260152
-7.35911e-09
0.00260152
-3.88342e-10
0.00260152
1.07763e-08
0.00260152
-3.45516e-09
0.00260152
-1.06927e-08
0.00260152
1.30082e-08
0.00260151
-2.86117e-09
0.00260152
-6.02016e-09
0.00260152
1.25388e-08
0.00260152
-1.59516e-08
0.00260152
1.46291e-08
0.00260152
-6.90471e-09
0.00260152
-4.99423e-09
0.00260152
2.08447e-08
0.00260152
-3.00211e-08
0.00260152
1.78767e-08
0.00260152
1.63548e-09
0.00260152
-9.39407e-09
0.00260152
8.42771e-09
0.00260152
-1.37099e-08
0.00260152
1.15358e-08
0.00260152
-1.71528e-09
0.00260152
-8.00127e-09
0.00260152
9.88878e-09
0.00260152
-1.07078e-08
0.00260152
-2.32146e-09
0.00260152
1.07316e-08
0.00260152
6.98646e-09
0.00260152
-3.4327e-08
0.00260152
2.90957e-08
0.00260151
-6.19897e-09
0.00260152
-3.01795e-09
0.00260152
8.36561e-09
0.00260152
-1.02895e-08
0.00260152
8.26514e-10
0.00260152
8.76481e-09
0.00260152
3.35703e-09
0.00260152
-1.0307e-09
0.00260152
-4.15498e-09
0.00260152
-1.57572e-10
0.00260152
5.70715e-09
0.00260152
3.84305e-09
0.00260152
-1.65297e-09
0.00260152
-4.39605e-09
0.00260152
-3.49584e-09
0.00260152
-3.60298e-10
0.00260152
1.72386e-09
0.00260152
-1.06961e-10
0.00260152
-3.93117e-09
0.00260152
-5.17943e-09
0.00260152
-1.94678e-09
0.00260152
3.06697e-09
0.00260152
5.33753e-09
0.00260152
3.13172e-09
0.00260152
-7.28793e-10
0.00260152
-1.89415e-09
0.00260152
7.76046e-10
0.00260152
3.94931e-09
0.00260152
3.72956e-09
0.00260152
-3.83481e-10
0.00260152
-4.9192e-09
0.00260152
-6.14143e-09
0.00260152
-3.45049e-09
0.00260152
5.78429e-10
0.00260152
2.9572e-09
0.00260152
2.79172e-09
0.00260152
1.59789e-09
0.00260152
1.36247e-09
0.00260152
2.86015e-09
0.00260152
5.04257e-09
0.00260152
7.06592e-09
0.00260152
6.08009e-09
7.85733e-09
0.00253186
-0.000146185
0.00255962
-0.000136218
0.00257755
-9.23287e-05
0.00258822
-5.73079e-05
0.00259425
-3.34591e-05
0.00259757
-1.89401e-05
0.00259938
-1.05239e-05
0.00260037
-5.77701e-06
0.0026009
-3.14723e-06
0.00260118
-1.70469e-06
0.00260134
-9.2126e-07
0.00260142
-4.98909e-07
0.00260147
-2.6658e-07
0.00260149
-1.42554e-07
0.0026015
-8.19879e-08
0.00260151
-3.85985e-08
0.00260151
-2.06242e-08
0.00260152
-1.78759e-08
0.00260152
-3.09356e-09
0.00260152
-1.86697e-09
0.00260152
-1.40278e-09
0.00260152
-7.476e-09
0.00260152
4.85882e-09
0.00260152
2.50857e-09
0.00260152
-7.07084e-09
0.00260152
3.60773e-09
0.00260152
3.34234e-09
0.00260152
-3.90805e-09
0.00260152
-4.43829e-09
0.00260152
9.95566e-09
0.00260152
9.89664e-10
0.00260152
-1.36559e-08
0.00260152
1.15759e-08
0.00260152
1.44004e-09
0.00260152
-8.07684e-09
0.00260152
1.02574e-08
0.00260152
-1.44173e-08
0.00260152
1.65101e-08
0.00260152
-5.75951e-09
0.00260152
-1.175e-08
0.00260152
2.49834e-08
0.00260151
-2.6823e-08
0.00260152
1.25488e-08
0.00260152
4.93371e-09
0.00260152
-1.06304e-08
0.00260152
7.63185e-09
0.00260152
-1.27351e-08
0.00260152
1.17057e-08
0.00260152
1.25018e-10
0.00260152
-1.25414e-08
0.00260152
1.08645e-08
0.00260152
-6.57888e-09
0.00260152
-4.7805e-09
0.00260152
9.21751e-09
0.00260152
9.24127e-09
0.00260152
-3.62384e-08
0.00260152
2.87654e-08
0.00260152
-1.956e-09
0.00260152
-6.07721e-09
0.00260152
6.57384e-09
0.00260152
-8.46302e-09
0.00260152
1.4153e-09
0.00260152
8.99466e-09
0.00260152
2.80795e-09
0.00260152
-1.98491e-09
0.00260152
-3.87423e-09
0.00260152
6.75959e-10
0.00260152
5.97403e-09
0.00260152
3.48143e-09
0.00260152
-2.21998e-09
0.00260152
-4.52135e-09
0.00260152
-3.02519e-09
0.00260152
5.28321e-11
0.00260152
1.54862e-09
0.00260152
-6.20975e-10
0.00260152
-4.18451e-09
0.00260152
-4.92259e-09
0.00260152
-1.48209e-09
0.00260152
3.23492e-09
0.00260152
5.05696e-09
0.00260152
2.74852e-09
0.00260152
-7.81015e-10
0.00260152
-1.57184e-09
0.00260152
1.11478e-09
0.00260152
3.96335e-09
0.00260152
3.42989e-09
0.00260152
-6.81584e-10
0.00260152
-4.96553e-09
0.00260152
-5.96703e-09
0.00260152
-3.27878e-09
0.00260152
5.69612e-10
0.00260152
2.78544e-09
0.00260152
2.61421e-09
0.00260152
1.52404e-09
0.00260152
1.35971e-09
0.00260152
2.80298e-09
0.00260152
4.75862e-09
0.00260152
6.53446e-09
0.00260152
5.15934e-09
6.82204e-09
0.00253425
-0.000180432
0.00256237
-0.00016434
0.00257977
-0.000109728
0.00258973
-6.72691e-05
0.00259518
-3.89067e-05
0.00259812
-2.18797e-05
0.00259969
-1.21003e-05
0.00260054
-6.62277e-06
0.00260099
-3.60055e-06
0.00260124
-1.94809e-06
0.00260137
-1.05022e-06
0.00260144
-5.71029e-07
0.00260147
-3.03264e-07
0.00260149
-1.62163e-07
0.0026015
-9.30683e-08
0.00260151
-4.63046e-08
0.00260151
-2.1777e-08
0.00260152
-1.93934e-08
0.00260152
-5.37332e-09
0.00260152
-2.3477e-09
0.00260152
-1.29761e-10
0.00260152
-8.55855e-09
0.00260152
3.23855e-09
0.00260152
5.41591e-09
0.00260152
-7.57855e-09
0.00260152
1.28252e-09
0.00260152
3.06496e-09
0.00260152
7.05522e-10
0.00260152
-7.18665e-09
0.00260152
6.76152e-09
0.00260152
5.59599e-09
0.00260152
-1.42197e-08
0.00260152
8.55589e-09
0.00260152
4.63311e-09
0.00260152
-8.64946e-09
0.00260152
8.291e-09
0.00260152
-1.35463e-08
0.00260152
1.76479e-08
0.00260152
-3.43649e-09
0.00260152
-1.85772e-08
0.00260152
2.78005e-08
0.00260151
-2.18027e-08
0.00260152
6.83089e-09
0.00260152
6.68159e-09
0.00260152
-1.07142e-08
0.00260152
7.36536e-09
0.00260152
-1.22189e-08
0.00260152
1.12964e-08
0.00260152
2.36536e-09
0.00260152
-1.67806e-08
0.00260152
1.12827e-08
0.00260152
-1.82002e-09
0.00260152
-7.19472e-09
0.00260152
6.60312e-09
0.00260152
1.19961e-08
0.00260152
-3.71632e-08
0.00260152
2.76981e-08
0.00260152
1.86109e-09
0.00260152
-8.71558e-09
0.00260152
4.7104e-09
0.00260152
-6.48035e-09
0.00260152
2.13493e-09
0.00260152
8.9002e-09
0.00260152
2.1392e-09
0.00260152
-2.73513e-09
0.00260152
-3.43851e-09
0.00260152
1.49041e-09
0.00260152
6.09897e-09
0.00260152
3.02677e-09
0.00260152
-2.71605e-09
0.00260152
-4.52712e-09
0.00260152
-2.54301e-09
0.00260152
3.78809e-10
0.00260152
1.30069e-09
0.00260152
-1.11814e-09
0.00260152
-4.37063e-09
0.00260152
-4.63357e-09
0.00260152
-1.05671e-09
0.00260152
3.34111e-09
0.00260152
4.76548e-09
0.00260152
2.41437e-09
0.00260152
-7.76028e-10
0.00260152
-1.2395e-09
0.00260152
1.41689e-09
0.00260152
3.94193e-09
0.00260152
3.13085e-09
0.00260152
-9.50435e-10
0.00260152
-4.98871e-09
0.00260152
-5.80167e-09
0.00260152
-3.1417e-09
0.00260152
5.28575e-10
0.00260152
2.60413e-09
0.00260152
2.44852e-09
0.00260152
1.4706e-09
0.00260152
1.37153e-09
0.00260152
2.75211e-09
0.00260152
4.45981e-09
0.00260152
6.00151e-09
0.00260152
4.15039e-09
5.63274e-09
0.00253732
-0.000217756
0.0025658
-0.00019282
0.00258247
-0.00012639
0.00259153
-7.63307e-05
0.00259628
-4.36551e-05
0.00259876
-2.43603e-05
0.00260005
-1.33988e-05
0.00260074
-7.30775e-06
0.0026011
-3.96341e-06
0.0026013
-2.14247e-06
0.0026014
-1.15146e-06
0.00260145
-6.27926e-07
0.00260148
-3.32558e-07
0.0026015
-1.77712e-07
0.00260151
-1.01036e-07
0.00260151
-5.29213e-08
0.00260152
-2.30025e-08
0.00260152
-1.97863e-08
0.00260152
-7.13938e-09
0.00260152
-3.61058e-09
0.00260152
7.69685e-10
0.00260152
-7.78884e-09
0.00260152
1.03705e-09
0.00260152
6.51221e-09
0.00260152
-6.46186e-09
0.00260152
-8.22681e-11
0.00260152
8.05029e-10
0.00260152
5.38952e-09
0.00260152
-7.84125e-09
0.00260152
1.90658e-09
0.00260152
9.24553e-09
0.00260152
-1.23173e-08
0.00260152
4.73586e-09
0.00260152
6.17983e-09
0.00260152
-7.96488e-09
0.00260152
7.2079e-09
0.00260152
-1.33947e-08
0.00260152
1.7465e-08
0.00260151
2.15832e-10
0.00260152
-2.4722e-08
0.00260152
2.88139e-08
0.00260151
-1.55158e-08
0.00260152
1.38092e-09
0.00260152
6.91708e-09
0.00260152
-9.98148e-09
0.00260152
7.8059e-09
0.00260152
-1.21277e-08
0.00260152
1.01109e-08
0.00260152
5.04023e-09
0.00260152
-2.03951e-08
0.00260152
1.09781e-08
0.00260152
3.25615e-09
0.00260152
-9.32659e-09
0.00260152
3.05111e-09
0.00260152
1.50655e-08
0.00260152
-3.70795e-08
0.00260152
2.59276e-08
0.00260152
5.14341e-09
0.00260152
-1.08551e-08
0.00260152
2.89314e-09
0.00260152
-4.45289e-09
0.00260152
2.91806e-09
0.00260152
8.52825e-09
0.00260152
1.39693e-09
0.00260152
-3.27154e-09
0.00260152
-2.87317e-09
0.00260152
2.24965e-09
0.00260152
6.08576e-09
0.00260152
2.51263e-09
0.00260152
-3.12613e-09
0.00260152
-4.43035e-09
0.00260152
-2.07042e-09
0.00260152
6.15675e-10
0.00260152
9.9681e-10
0.00260152
-1.58778e-09
0.00260152
-4.49393e-09
0.00260152
-4.32773e-09
0.00260152
-6.77876e-10
0.00260152
3.39191e-09
0.00260152
4.47435e-09
0.00260152
2.13441e-09
0.00260152
-7.18222e-10
0.00260152
-9.03733e-10
0.00260152
1.68043e-09
0.00260152
3.88876e-09
0.00260152
2.83784e-09
0.00260152
-1.18673e-09
0.00260152
-4.99112e-09
0.00260152
-5.65067e-09
0.00260152
-3.04427e-09
0.00260152
4.53971e-10
0.00260152
2.41495e-09
0.00260152
2.29831e-09
0.00260152
1.44157e-09
0.00260152
1.40107e-09
0.00260152
2.71172e-09
0.00260152
4.14609e-09
0.00260152
5.47987e-09
0.00260152
3.03618e-09
4.25162e-09
0.00254123
-0.000258982
0.00257
-0.000221597
0.00258566
-0.000142048
0.0025936
-8.42746e-05
0.00259752
-4.75737e-05
0.00259947
-2.63096e-05
0.00260046
-1.43818e-05
0.00260096
-7.81231e-06
0.00260122
-4.22559e-06
0.00260136
-2.2821e-06
0.00260143
-1.2228e-06
0.00260147
-6.67889e-07
0.00260149
-3.53198e-07
0.00260151
-1.8946e-07
0.00260151
-1.05524e-07
0.00260151
-5.77929e-08
0.00260152
-2.46091e-08
0.00260152
-1.93903e-08
0.00260152
-8.0135e-09
0.00260152
-5.24813e-09
0.00260152
8.66646e-10
0.00260152
-5.53486e-09
0.00260152
-9.88669e-10
0.00260152
5.59142e-09
0.00260152
-4.39444e-09
0.00260152
2.66373e-10
0.00260152
-3.06746e-09
0.00260152
8.97842e-09
0.00260152
-6.15031e-09
0.00260152
-3.5287e-09
0.00260152
1.1092e-08
0.00260152
-8.39838e-09
0.00260152
1.00816e-09
0.00260152
5.92246e-09
0.00260152
-6.52091e-09
0.00260152
7.33271e-09
0.00260152
-1.3718e-08
0.00260152
1.55403e-08
0.00260151
5.04904e-09
0.00260152
-2.94437e-08
0.00260152
2.7753e-08
0.00260151
-8.63875e-09
0.00260152
-3.21363e-09
0.00260152
5.86592e-09
0.00260152
-8.83805e-09
0.00260152
8.98055e-09
0.00260152
-1.23099e-08
0.00260152
8.03365e-09
0.00260152
8.10239e-09
0.00260152
-2.31219e-08
0.00260152
9.89135e-09
0.00260152
8.27438e-09
0.00260152
-1.09449e-08
0.00260152
-1.1957e-09
0.00260152
1.81998e-08
0.00260152
-3.6012e-08
0.00260152
2.35502e-08
0.00260152
7.80082e-09
0.00260152
-1.2443e-08
0.00260152
1.22288e-09
0.00260152
-2.48021e-09
0.00260152
3.69414e-09
0.00260152
7.93988e-09
0.00260152
6.29329e-10
0.00260152
-3.59703e-09
0.00260152
-2.21181e-09
0.00260152
2.92575e-09
0.00260152
5.9466e-09
0.00260152
1.97232e-09
0.00260152
-3.44098e-09
0.00260152
-4.2515e-09
0.00260152
-1.62769e-09
0.00260152
7.66204e-10
0.00260152
6.54098e-10
0.00260152
-2.01997e-09
0.00260152
-4.56261e-09
0.00260152
-4.01901e-09
0.00260152
-3.53265e-10
0.00260152
3.39535e-09
0.00260152
4.19507e-09
0.00260152
1.9135e-09
0.00260152
-6.13007e-10
0.00260152
-5.70315e-10
0.00260152
1.90307e-09
0.00260152
3.80832e-09
0.00260152
2.55764e-09
0.00260152
-1.38893e-09
0.00260152
-4.97462e-09
0.00260152
-5.51998e-09
0.00260152
-2.99198e-09
0.00260152
3.43846e-10
0.00260152
2.21991e-09
0.00260152
2.16774e-09
0.00260152
1.44124e-09
0.00260152
1.45162e-09
0.00260152
2.68666e-09
0.00260152
3.81674e-09
0.00260152
4.98795e-09
0.00260152
1.79718e-09
2.63099e-09
0.00254613
-0.000305112
0.00257507
-0.000250536
0.00258937
-0.000156353
0.00259595
-9.08505e-05
0.0025989
-5.05282e-05
0.00260025
-2.76595e-05
0.00260089
-1.50164e-05
0.0026012
-8.12038e-06
0.00260135
-4.37924e-06
0.00260143
-2.36238e-06
0.00260147
-1.26278e-06
0.00260149
-6.89796e-07
0.0026015
-3.6423e-07
0.00260151
-1.97338e-07
0.00260151
-1.06581e-07
0.00260152
-6.04594e-08
0.00260152
-2.65648e-08
0.00260152
-1.8539e-08
0.00260152
-8.0038e-09
0.00260152
-6.67152e-09
0.00260152
2.2103e-11
0.00260152
-2.54679e-09
0.00260152
-2.20774e-09
0.00260152
3.04123e-09
0.00260152
-2.27808e-09
0.00260152
2.56883e-09
0.00260152
-7.72367e-09
0.00260152
1.06071e-08
0.00260152
-2.48027e-09
0.00260152
-8.34712e-09
0.00260152
1.07347e-08
0.00260152
-3.32946e-09
0.00260152
-1.7903e-09
0.00260152
4.07413e-09
0.00260152
-4.94072e-09
0.00260152
8.69467e-09
0.00260152
-1.40705e-08
0.00260152
1.17094e-08
0.00260152
1.06366e-08
0.00260152
-3.21494e-08
0.00260152
2.46444e-08
0.00260151
-1.90054e-09
0.00260152
-6.52495e-09
0.00260152
3.89989e-09
0.00260152
-7.67567e-09
0.00260152
1.07658e-08
0.00260152
-1.25421e-08
0.00260152
5.08303e-09
0.00260152
1.13786e-08
0.00260152
-2.4755e-08
0.00260152
8.02412e-09
0.00260152
1.29237e-08
0.00260152
-1.19011e-08
0.00260152
-5.85806e-09
0.00260152
2.11705e-08
0.00260152
-3.40596e-08
0.00260152
2.06994e-08
0.00260152
9.79293e-09
0.00260152
-1.34604e-08
0.00260152
-2.33518e-10
0.00260152
-6.44896e-10
0.00260152
4.40524e-09
0.00260152
7.20038e-09
0.00260152
-1.1617e-10
0.00260152
-3.72596e-09
0.00260152
-1.49374e-09
0.00260152
3.49938e-09
0.00260152
5.70179e-09
0.00260152
1.43726e-09
0.00260152
-3.65755e-09
0.00260152
-4.01376e-09
0.00260152
-1.23306e-09
0.00260152
8.37116e-10
0.00260152
2.90639e-10
0.00260152
-2.407e-09
0.00260152
-4.58728e-09
0.00260152
-3.72265e-09
0.00260152
-8.68952e-11
0.00260152
3.35922e-09
0.00260152
3.93916e-09
0.00260152
1.75613e-09
0.00260152
-4.64388e-10
0.00260152
-2.48109e-10
0.00260152
2.08437e-09
0.00260152
3.70519e-09
0.00260152
2.29675e-09
0.00260152
-1.5534e-09
0.00260152
-4.94306e-09
0.00260152
-5.41577e-09
0.00260152
-2.99088e-09
0.00260152
1.95474e-10
0.00260152
2.02118e-09
0.00260152
2.06171e-09
0.00260152
1.4745e-09
0.00260152
1.5263e-09
0.00260152
2.68226e-09
0.00260152
3.47008e-09
0.00260152
4.55193e-09
0.00260152
4.10557e-10
7.10168e-10
0.00255226
-0.000357372
0.00258112
-0.000279397
0.00259362
-0.000168854
0.00259854
-9.57722e-05
0.0026004
-5.23827e-05
0.00260109
-2.83484e-05
0.00260135
-1.5275e-05
0.00260145
-8.22011e-06
0.00260149
-4.41899e-06
0.0026015
-2.38033e-06
0.00260151
-1.27044e-06
0.00260151
-6.93171e-07
0.00260152
-3.65156e-07
0.00260152
-2.00904e-07
0.00260152
-1.04584e-07
0.00260152
-6.0764e-08
0.00260152
-2.84788e-08
0.00260152
-1.755e-08
0.00260152
-7.37037e-09
0.00260152
-7.37529e-09
0.00260152
-1.5477e-09
0.00260152
2.89648e-10
0.00260152
-2.30689e-09
0.00260152
-3.09155e-10
0.00260152
-9.43592e-10
0.00260152
6.44783e-09
0.00260152
-1.20419e-08
0.00260152
9.87436e-09
0.00260152
2.33341e-09
0.00260152
-1.15552e-08
0.00260152
8.28912e-09
0.00260152
1.9151e-09
0.00260152
-3.20678e-09
0.00260152
1.20518e-09
0.00260152
-3.78427e-09
0.00260152
1.09951e-08
0.00260152
-1.39336e-08
0.00260152
6.13796e-09
0.00260152
1.63352e-08
0.00260152
-3.2488e-08
0.00260152
1.98377e-08
0.00260152
3.96412e-09
0.00260152
-8.29542e-09
0.00260152
1.46121e-09
0.00260152
-6.81864e-09
0.00260152
1.29321e-08
0.00260152
-1.25891e-08
0.00260152
1.39311e-09
0.00260152
1.46391e-08
0.00260152
-2.52012e-08
0.00260152
5.49341e-09
0.00260152
1.69044e-08
0.00260152
-1.21162e-08
0.00260152
-1.06049e-08
0.00260152
2.3741e-08
0.00260152
-3.13632e-08
0.00260152
1.75365e-08
0.00260152
1.11201e-08
0.00260152
-1.39241e-08
0.00260152
-1.42654e-09
0.00260152
9.7309e-10
0.00260152
5.01408e-09
0.00260152
6.37443e-09
0.00260152
-7.91667e-10
0.00260152
-3.68652e-09
0.00260152
-7.59328e-10
0.00260152
3.95859e-09
0.00260152
5.37979e-09
0.00260152
9.3504e-10
0.00260152
-3.77869e-09
0.00260152
-3.74253e-09
0.00260152
-9.01421e-10
0.00260152
8.37108e-10
0.00260152
-7.32164e-11
0.00260152
-2.74431e-09
0.00260152
-4.58062e-09
0.00260152
-3.45354e-09
0.00260152
1.17566e-10
0.00260152
3.29314e-09
0.00260152
3.718e-09
0.00260152
1.66632e-09
0.00260152
-2.77561e-10
0.00260152
5.57437e-11
0.00260152
2.2231e-09
0.00260152
3.58422e-09
0.00260152
2.06345e-09
0.00260152
-1.67788e-09
0.00260152
-4.90023e-09
0.00260152
-5.34495e-09
0.00260152
-3.04744e-09
0.00260152
5.39596e-12
0.00260152
1.82082e-09
0.00260152
1.98626e-09
0.00260152
1.54715e-09
0.00260152
1.62783e-09
0.00260152
2.70408e-09
0.00260152
3.10283e-09
0.00260152
4.21036e-09
0.00260152
-1.15334e-09
-1.58692e-09
0.0025599
-0.000417277
0.00258831
-0.0003078
0.00259841
-0.000178961
0.00260136
-9.8714e-05
0.00260198
-5.30033e-05
0.00260195
-2.83229e-05
0.00260181
-1.5137e-05
0.0026017
-8.1043e-06
0.00260162
-4.34219e-06
0.00260158
-2.33482e-06
0.00260155
-1.24521e-06
0.00260154
-6.78184e-07
0.00260153
-3.55955e-07
0.00260152
-1.99512e-07
0.00260152
-1.00072e-07
0.00260152
-5.88497e-08
0.00260152
-2.97733e-08
0.00260152
-1.65902e-08
0.00260152
-6.5438e-09
0.00260152
-7.06177e-09
0.00260152
-3.37791e-09
0.00260152
2.19708e-09
0.00260152
-1.32342e-09
0.00260152
-3.47292e-09
0.00260152
-9.07064e-10
0.00260152
1.10975e-08
0.00260152
-1.5041e-08
0.00260152
6.9821e-09
0.00260152
7.20846e-09
0.00260152
-1.25576e-08
0.00260152
4.34624e-09
0.00260152
6.33994e-09
0.00260152
-3.09089e-09
0.00260152
-1.95986e-09
0.00260152
-3.4451e-09
0.00260152
1.37334e-08
0.00260152
-1.28901e-08
0.00260152
-6.92645e-10
0.00260152
2.14328e-08
0.00260152
-3.04174e-08
0.00260152
1.38454e-08
0.00260152
8.50131e-09
0.00260152
-8.57964e-09
0.00260152
-9.7172e-10
0.00260152
-6.48912e-09
0.00260152
1.51923e-08
0.00260152
-1.22649e-08
0.00260152
-2.7848e-09
0.00260152
1.76167e-08
0.00260152
-2.448e-08
0.00260152
2.50054e-09
0.00260152
1.99826e-08
0.00260152
-1.15876e-08
0.00260152
-1.51131e-08
0.00260152
2.57074e-08
0.00260152
-2.8099e-08
0.00260152
1.42415e-08
0.00260152
1.18179e-08
0.00260152
-1.38807e-08
0.00260152
-2.33913e-09
0.00260152
2.32817e-09
0.00260152
5.48664e-09
0.00260152
5.53088e-09
0.00260152
-1.36063e-09
0.00260152
-3.51096e-09
0.00260152
-5.27279e-11
0.00260152
4.30023e-09
0.00260152
5.01482e-09
0.00260152
4.91621e-10
0.00260152
-3.81424e-09
0.00260152
-3.46491e-09
0.00260152
-6.44067e-10
0.00260152
7.78334e-10
0.00260152
-4.18554e-10
0.00260152
-3.02857e-09
0.00260152
-4.55699e-09
0.00260152
-3.22783e-09
0.00260152
2.58911e-10
0.00260152
3.2075e-09
0.00260152
3.54335e-09
0.00260152
1.6472e-09
0.00260152
-5.84473e-11
0.00260152
3.34852e-10
0.00260152
2.31721e-09
0.00260152
3.45232e-09
0.00260152
1.86526e-09
0.00260152
-1.75923e-09
0.00260152
-4.8505e-09
0.00260152
-5.31546e-09
0.00260152
-3.16895e-09
0.00260152
-2.30441e-10
0.00260152
1.62091e-09
0.00260152
1.94847e-09
0.00260152
1.66617e-09
0.00260152
1.75809e-09
0.00260152
2.75827e-09
0.00260152
2.70924e-09
0.00260152
4.01479e-09
0.00260152
-2.92602e-09
-4.35986e-09
0.00256943
-0.000486705
0.0025968
-0.000335172
0.00260375
-0.000185916
0.00260435
-9.93092e-05
0.00260361
-5.22627e-05
0.00260283
-2.75416e-05
0.00260228
-1.45903e-05
0.00260195
-7.77083e-06
0.00260176
-4.14918e-06
0.00260165
-2.2267e-06
0.00260159
-1.18702e-06
0.00260156
-6.45548e-07
0.00260154
-3.37057e-07
0.00260153
-1.92511e-07
0.00260152
-9.35966e-08
0.00260152
-5.50585e-08
0.00260152
-2.98946e-08
0.00260152
-1.56726e-08
0.00260152
-5.91072e-09
0.00260152
-5.74335e-09
0.00260152
-4.95765e-09
0.00260152
2.79409e-09
0.00260152
3.65952e-10
0.00260152
-5.60806e-09
0.00260152
-2.23745e-09
0.00260152
1.54994e-08
0.00260152
-1.60636e-08
0.00260152
2.60461e-09
0.00260152
1.11065e-08
0.00260152
-1.12666e-08
0.00260152
-2.70453e-10
0.00260152
9.29094e-09
0.00260152
-1.69301e-09
0.00260152
-4.72677e-09
0.00260152
-4.02344e-09
0.00260152
1.63013e-08
0.00260151
-1.07097e-08
0.00260152
-8.09619e-09
0.00260152
2.53186e-08
0.00260151
-2.62426e-08
0.00260152
7.36694e-09
0.00260152
1.13973e-08
0.00260152
-7.56469e-09
0.00260152
-3.05313e-09
0.00260152
-6.72218e-09
0.00260152
1.72192e-08
0.00260152
-1.14557e-08
0.00260152
-7.10213e-09
0.00260152
2.00354e-08
0.00260152
-2.27243e-08
0.00260152
-6.82532e-10
0.00260152
2.20062e-08
0.00260152
-1.04039e-08
0.00260152
-1.90671e-08
0.00260152
2.6903e-08
0.00260152
-2.44682e-08
0.00260152
1.10042e-08
0.00260152
1.19492e-08
0.00260152
-1.33977e-08
0.00260152
-2.97862e-09
0.00260152
3.38519e-09
0.00260152
5.81183e-09
0.00260152
4.73339e-09
0.00260152
-1.79185e-09
0.00260152
-3.23944e-09
0.00260152
5.78706e-10
0.00260152
4.53223e-09
0.00260152
4.64402e-09
0.00260152
1.32463e-10
0.00260152
-3.78067e-09
0.00260152
-3.21029e-09
0.00260152
-4.68018e-10
0.00260152
6.75976e-10
0.00260152
-7.27979e-10
0.00260152
-3.25769e-09
0.00260152
-4.53216e-09
0.00260152
-3.06162e-09
0.00260152
3.35441e-10
0.00260152
3.11465e-09
0.00260152
3.42798e-09
0.00260152
1.70068e-09
0.00260152
1.87122e-10
0.00260152
5.81844e-10
0.00260152
2.36667e-09
0.00260152
3.31489e-09
0.00260152
1.7103e-09
0.00260152
-1.79326e-09
0.00260152
-4.7979e-09
0.00260152
-5.33689e-09
0.00260152
-3.36425e-09
0.00260152
-5.16536e-10
0.00260152
1.42466e-09
0.00260152
1.95571e-09
0.00260152
1.83952e-09
0.00260152
1.91832e-09
0.00260152
2.8521e-09
0.00260152
2.27921e-09
0.00260152
4.03741e-09
0.00260152
-4.94702e-09
-7.73528e-09
0.00258129
-0.000568
0.00260681
-0.000360684
0.00260963
-0.000188738
0.00260747
-9.71508e-05
0.00260526
-5.00494e-05
0.00260369
-2.59778e-05
0.00260274
-1.36332e-05
0.00260219
-7.22309e-06
0.00260188
-3.84355e-06
0.00260171
-2.05855e-06
0.00260162
-1.09669e-06
0.00260157
-5.96323e-07
0.00260155
-3.09223e-07
0.00260153
-1.79522e-07
0.00260153
-8.56009e-08
0.00260152
-4.9784e-08
0.00260152
-2.8491e-08
0.00260152
-1.46936e-08
0.00260152
-5.68532e-09
0.00260152
-3.69164e-09
0.00260152
-5.88326e-09
0.00260152
2.08179e-09
0.00260152
2.26351e-09
0.00260152
-6.25105e-09
0.00260152
-4.57362e-09
0.00260152
1.87124e-08
0.00260151
-1.49443e-08
0.00260152
-2.31172e-09
0.00260152
1.32985e-08
0.00260151
-8.11044e-09
0.00260152
-4.62792e-09
0.00260152
1.04447e-08
0.00260151
4.9924e-10
0.00260152
-6.56943e-09
0.00260152
-5.34886e-09
0.00260152
1.81235e-08
0.00260151
-7.45598e-09
0.00260152
-1.52027e-08
0.00260152
2.75191e-08
0.00260151
-2.05314e-08
0.00260152
1.11537e-09
0.00260152
1.26142e-08
0.00260152
-5.6265e-09
0.00260152
-4.53809e-09
0.00260152
-7.40715e-09
0.00260152
1.87108e-08
0.00260151
-1.01582e-08
0.00260152
-1.11457e-08
0.00260152
2.16494e-08
0.00260151
-2.01752e-08
0.00260152
-3.73339e-09
0.00260152
2.2912e-08
0.00260151
-8.74923e-09
0.00260152
-2.21527e-08
0.00260152
2.71912e-08
0.00260151
-2.06815e-08
0.00260152
8.01627e-09
0.00260152
1.15949e-08
0.00260152
-1.25618e-08
0.00260152
-3.37114e-09
0.00260152
4.12452e-09
0.00260152
5.99536e-09
0.00260152
4.0415e-09
0.00260152
-2.0654e-09
0.00260152
-2.9205e-09
0.00260152
1.09888e-09
0.00260152
4.66426e-09
0.00260152
4.31047e-09
0.00260152
-1.23497e-10
0.00260152
-3.6985e-09
0.00260152
-3.00556e-09
0.00260152
-3.82958e-10
0.00260152
5.50307e-10
0.00260152
-9.82803e-10
0.00260152
-3.43249e-09
0.00260152
-4.52365e-09
0.00260152
-2.97138e-09
0.00260152
3.46252e-10
0.00260152
3.02796e-09
0.00260152
3.3853e-09
0.00260152
1.82968e-09
0.00260152
4.50307e-10
0.00260152
7.90598e-10
0.00260152
2.37164e-09
0.00260152
3.17737e-09
0.00260152
1.60647e-09
0.00260152
-1.7746e-09
0.00260152
-4.74544e-09
0.00260152
-5.42058e-09
0.00260152
-3.64554e-09
0.00260152
-8.56411e-10
0.00260152
1.23714e-09
0.00260152
2.01639e-09
0.00260152
2.07247e-09
0.00260152
2.11286e-09
0.00260152
2.99062e-09
0.00260152
1.79909e-09
0.00260152
4.37735e-09
0.00260152
-7.26756e-09
-1.18723e-08
0.00259608
-0.00066408
0.00261856
-0.000383159
0.00261598
-0.000186166
0.00261063
-9.17965e-05
0.00260686
-4.62783e-05
0.00260451
-2.36246e-05
0.00260315
-1.22759e-05
0.0026024
-6.47072e-06
0.00260198
-3.43215e-06
0.00260176
-1.83453e-06
0.00260164
-9.76229e-07
0.00260158
-5.31754e-07
0.00260154
-2.7341e-07
0.00260152
-1.60656e-07
0.00260151
-7.62966e-08
0.0026015
-4.33938e-08
0.0026015
-2.55115e-08
0.0026015
-1.35091e-08
0.0026015
-5.8292e-09
0.0026015
-1.33358e-09
0.0026015
-5.98857e-09
0.0026015
4.56071e-10
0.0026015
3.83581e-09
0.0026015
-5.3556e-09
0.0026015
-7.28973e-09
0.0026015
2.01128e-08
0.0026015
-1.20432e-08
0.0026015
-6.74235e-09
0.0026015
1.34831e-08
0.0026015
-3.84649e-09
0.0026015
-7.98572e-09
0.0026015
9.9002e-09
0.0026015
2.89481e-09
0.0026015
-7.2479e-09
0.0026015
-7.03997e-09
0.0026015
1.88112e-08
0.0026015
-3.49674e-09
0.0026015
-2.11338e-08
0.0026015
2.78114e-08
0.00260149
-1.40502e-08
0.0026015
-4.25535e-09
0.0026015
1.23452e-08
0.0026015
-3.2155e-09
0.0026015
-5.36426e-09
0.0026015
-8.2849e-09
0.0026015
1.94363e-08
0.0026015
-8.50177e-09
0.0026015
-1.44703e-08
0.0026015
2.22699e-08
0.0026015
-1.71585e-08
0.0026015
-6.30984e-09
0.0026015
2.27256e-08
0.0026015
-6.8787e-09
0.0026015
-2.4086e-08
0.0026015
2.64742e-08
0.0026015
-1.69466e-08
0.0026015
5.46294e-09
0.0026015
1.08468e-08
0.0026015
-1.14694e-08
0.0026015
-3.56308e-09
0.0026015
4.54238e-09
0.0026015
6.05903e-09
0.0026015
3.50839e-09
0.0026015
-2.17133e-09
0.0026015
-2.6037e-09
0.0026015
1.46895e-09
0.0026015
4.71597e-09
0.0026015
4.05879e-09
0.0026015
-2.59964e-10
0.0026015
-3.59128e-09
0.0026015
-2.88361e-09
0.0026015
-3.90588e-10
0.0026015
4.22238e-10
0.0026015
-1.16279e-09
0.0026015
-3.55587e-09
0.0026015
-4.55146e-09
0.0026015
-2.97365e-09
0.0026015
2.91944e-10
0.0026015
2.96161e-09
0.0026015
3.42846e-09
0.0026015
2.03598e-09
0.0026015
7.24826e-10
0.0026015
9.52845e-10
0.0026015
2.33188e-09
0.0026015
3.04526e-09
0.0026015
1.56268e-09
0.0026015
-1.69683e-09
0.0026015
-4.69573e-09
0.0026015
-5.57924e-09
0.0026015
-4.02544e-09
0.0026015
-1.25634e-09
0.0026015
1.06535e-09
0.0026015
2.14182e-09
0.0026015
2.37134e-09
0.0026015
2.33536e-09
0.0026015
3.18978e-09
0.0026015
1.24823e-09
0.0026015
5.1621e-09
0.0026015
-9.94817e-09
-1.69686e-08
0.00261442
-0.000778499
0.00263219
-0.000400928
0.00262261
-0.000176584
0.00261359
-8.27849e-05
0.00260822
-4.09075e-05
0.0026051
-2.05003e-05
0.00260336
-1.05418e-05
0.00260242
-5.53027e-06
0.00260192
-2.92502e-06
0.00260164
-1.56032e-06
0.0026015
-8.2888e-07
0.00260142
-4.53249e-07
0.00260137
-2.3073e-07
0.00260135
-1.36558e-07
0.00260134
-6.56334e-08
0.00260133
-3.62027e-08
0.00260133
-2.12168e-08
0.00260133
-1.19771e-08
0.00260133
-6.06808e-09
0.00260132
8.36874e-10
0.00260132
-5.33277e-09
0.00260133
-1.5018e-09
0.00260132
4.75817e-09
0.00260132
-3.38046e-09
0.00260133
-9.58501e-09
0.00260133
1.95023e-08
0.00260132
-8.09183e-09
0.00260132
-9.90747e-09
0.00260133
1.18721e-08
0.00260132
5.9906e-10
0.00260132
-9.89542e-09
0.00260133
8.09181e-09
0.00260132
4.95246e-09
0.00260132
-6.8588e-09
0.00260132
-8.59237e-09
0.00260133
1.82598e-08
0.00260132
5.15783e-10
0.00260133
-2.51049e-08
0.00260133
2.62623e-08
0.00260132
-7.66847e-09
0.00260132
-8.25061e-09
0.00260133
1.09855e-08
0.00260132
-7.8803e-10
0.00260132
-5.65292e-09
0.00260132
-8.98828e-09
0.00260132
1.92704e-08
0.00260132
-6.75435e-09
0.00260133
-1.66157e-08
0.00260133
2.17746e-08
0.00260132
-1.40812e-08
0.00260132
-8.03501e-09
0.00260133
2.15439e-08
0.00260132
-5.12331e-09
0.00260132
-2.46003e-08
0.00260133
2.46849e-08
0.00260132
-1.34558e-08
0.00260132
3.51547e-09
0.00260133
9.80029e-09
0.00260132
-1.02223e-08
0.00260132
-3.61371e-09
0.00260132
4.64686e-09
0.00260132
6.03493e-09
0.00260132
3.18223e-09
0.00260132
-2.1095e-09
0.00260132
-2.34315e-09
0.00260132
1.65438e-09
0.00260132
4.71118e-09
0.00260132
3.93331e-09
0.00260132
-2.61713e-10
0.00260132
-3.48678e-09
0.00260132
-2.8766e-09
0.00260132
-4.91753e-10
0.00260132
3.17677e-10
0.00260132
-1.24591e-09
0.00260132
-3.63148e-09
0.00260132
-4.63685e-09
0.00260132
-3.08309e-09
0.00260132
1.74756e-10
0.00260132
2.92983e-09
0.00260132
3.56775e-09
0.00260132
2.32039e-09
0.00260132
1.00472e-09
0.00260132
1.05835e-09
0.00260132
2.24427e-09
0.00260132
2.92438e-09
0.00260132
1.58999e-09
0.00260132
-1.5531e-09
0.00260132
-4.6508e-09
0.00260132
-5.82405e-09
0.00260132
-4.51598e-09
0.00260133
-1.71681e-09
0.00260133
9.10562e-10
0.00260133
2.34138e-09
0.00260132
2.74337e-09
0.00260132
2.58723e-09
0.00260132
3.45299e-09
0.00260132
5.96817e-10
0.00260132
6.56228e-09
0.00260133
-1.30542e-08
-2.32459e-08
0.00263628
-0.000914778
0.00264675
-0.000411402
0.00262813
-0.000157964
0.00261504
-6.96899e-05
0.0026081
-3.39672e-05
0.00260426
-1.66572e-05
0.00260218
-8.47112e-06
0.00260108
-4.42636e-06
0.00260049
-2.33567e-06
0.00260017
-1.24338e-06
0.0026
-6.59098e-07
0.00259991
-3.62518e-07
0.00259987
-1.82444e-07
0.00259984
-1.08302e-07
0.00259983
-5.34532e-08
0.00259982
-2.84074e-08
0.00259981
-1.60881e-08
0.00259981
-1.00396e-08
0.00259981
-6.02595e-09
0.00259981
2.45709e-09
0.00259981
-4.21024e-09
0.00259981
-3.14386e-09
0.00259981
4.92141e-09
0.00259981
-1.04622e-09
0.00259981
-1.08141e-08
0.00259981
1.71774e-08
0.00259981
-4.02318e-09
0.00259981
-1.1376e-08
0.00259981
9.12751e-09
0.00259981
4.24663e-09
0.00259981
-1.02139e-08
0.00259981
5.6357e-09
0.00259981
6.31977e-09
0.00259981
-5.77588e-09
0.00259981
-9.54316e-09
0.00259981
1.66818e-08
0.00259981
3.7637e-09
0.00259981
-2.65309e-08
0.00259981
2.32213e-08
0.00259981
-2.29309e-09
0.00259981
-1.05377e-08
0.00259981
9.04221e-09
0.00259981
1.25342e-09
0.00259981
-5.67128e-09
0.00259981
-9.08592e-09
0.00259981
1.81801e-08
0.00259981
-5.27057e-09
0.00259981
-1.71432e-08
0.00259981
2.0107e-08
0.00259981
-1.13613e-08
0.00259981
-8.56956e-09
0.00259981
1.95228e-08
0.00259981
-3.84076e-09
0.00259981
-2.34446e-08
0.00259981
2.17701e-08
0.00259981
-1.03633e-08
0.00259981
2.31332e-09
0.00259981
8.54131e-09
0.00259981
-8.91205e-09
0.00259981
-3.58096e-09
0.00259981
4.44147e-09
0.00259981
5.95817e-09
0.00259981
3.09372e-09
0.00259981
-1.88956e-09
0.00259981
-2.19156e-09
0.00259981
1.62158e-09
0.00259981
4.66874e-09
0.00259981
3.9698e-09
0.00259981
-1.21436e-10
0.00259981
-3.41207e-09
0.00259981
-3.00018e-09
0.00259981
-6.84362e-10
0.00259981
2.68683e-10
0.00259981
-1.20696e-09
0.00259981
-3.6545e-09
0.00259981
-4.78881e-09
0.00259981
-3.30255e-09
0.00259981
1.78255e-12
0.00259981
2.93786e-09
0.00259981
3.80068e-09
0.00259981
2.67256e-09
0.00259981
1.27599e-09
0.00259981
1.09285e-09
0.00259981
2.09857e-09
0.00259981
2.81771e-09
0.00259981
1.69538e-09
0.00259981
-1.33425e-09
0.00259981
-4.60186e-09
0.00259981
-6.14704e-09
0.00259981
-5.10844e-09
0.00259981
-2.23259e-09
0.00259981
7.81074e-10
0.00259981
2.61653e-09
0.00259981
3.18371e-09
0.00259981
2.84766e-09
0.00259981
3.7719e-09
0.00259981
-1.945e-10
0.00259981
8.74532e-09
0.00259981
-1.65557e-08
-3.0797e-08
0.00265585
-0.00107063
0.00265362
-0.00040917
0.00262366
-0.000128003
0.00260631
-5.23447e-05
0.00259796
-2.56184e-05
0.00259351
-1.22043e-05
0.00259117
-6.13082e-06
0.00258994
-3.1959e-06
0.00258929
-1.68326e-06
0.00258894
-8.94145e-07
0.00258875
-4.72845e-07
0.00258865
-2.6209e-07
0.0025886
-1.30129e-07
0.00258857
-7.73101e-08
0.00258856
-3.96485e-08
0.00258855
-2.01843e-08
0.00258854
-1.06832e-08
0.00258854
-7.7267e-09
0.00258854
-5.36146e-09
0.00258854
3.29544e-09
0.00258854
-2.9411e-09
0.00258854
-3.99127e-09
0.00258854
4.42618e-09
0.00258854
8.67172e-10
0.00258854
-1.05717e-08
0.00258854
1.375e-08
0.00258854
-7.37057e-10
0.00258854
-1.10994e-08
0.00258854
6.08168e-09
0.00258854
6.39393e-09
0.00258854
-9.16467e-09
0.00258854
3.20894e-09
0.00258854
6.82427e-09
0.00258854
-4.53056e-09
0.00258854
-9.50304e-09
0.00258854
1.44929e-08
0.00258854
5.34295e-09
0.00258853
-2.49622e-08
0.00258854
1.91304e-08
0.00258854
1.30165e-09
0.00258854
-1.09603e-08
0.00258854
7.02908e-09
0.00258854
2.60204e-09
0.00258854
-5.72302e-09
0.00258854
-8.13504e-09
0.00258854
1.61511e-08
0.00258854
-4.4108e-09
0.00258854
-1.56121e-08
0.00258854
1.72189e-08
0.00258854
-9.31852e-09
0.00258854
-7.62589e-09
0.00258854
1.67618e-08
0.00258854
-3.31494e-09
0.00258853
-2.03247e-08
0.00258854
1.76469e-08
0.00258854
-7.73456e-09
0.00258854
1.90155e-09
0.00258854
7.1151e-09
0.00258854
-7.56178e-09
0.00258854
-3.4923e-09
0.00258854
3.90684e-09
0.00258854
5.79218e-09
0.00258854
3.20441e-09
0.00258854
-1.52996e-09
0.00258854
-2.17368e-09
0.00258854
1.33433e-09
0.00258854
4.54562e-09
0.00258854
4.13569e-09
0.00258854
1.37218e-10
0.00258854
-3.33544e-09
0.00258854
-3.22535e-09
0.00258854
-9.08019e-10
0.00258854
2.95369e-10
0.00258854
-1.01196e-09
0.00258854
-3.5662e-09
0.00258854
-4.92716e-09
0.00258854
-3.57062e-09
0.00258854
-2.00857e-10
0.00258854
2.93861e-09
0.00258854
4.04803e-09
0.00258854
3.0199e-09
0.00258854
1.48034e-09
0.00258854
1.03111e-09
0.00258854
1.86536e-09
0.00258854
2.68995e-09
0.00258854
1.85158e-09
0.00258854
-1.02366e-09
0.00258854
-4.47314e-09
0.00258854
-6.42404e-09
0.00258854
-5.68064e-09
0.00258854
-2.72808e-09
0.00258854
6.78037e-10
0.00258854
2.91332e-09
0.00258854
3.60652e-09
0.00258854
3.02666e-09
0.00258854
4.06343e-09
0.00258854
-1.15686e-09
0.00258853
1.15832e-08
0.00258854
-1.98245e-08
-3.87344e-08
0.00263449
-0.00120512
0.0026024
-0.000377074
0.00255959
-8.51958e-05
0.00253887
-3.16212e-05
0.00252952
-1.62722e-05
0.00252469
-7.37692e-06
0.00252221
-3.64925e-06
0.00252092
-1.90424e-06
0.00252024
-1.00151e-06
0.00251988
-5.3066e-07
0.00251968
-2.7986e-07
0.00251958
-1.56784e-07
0.00251952
-7.6418e-08
0.00251949
-4.55231e-08
0.00251948
-2.45343e-08
0.00251947
-1.1791e-08
0.00251946
-5.66112e-09
0.00251946
-5.07239e-09
0.00251946
-3.90292e-09
0.00251946
3.19433e-09
0.00251946
-1.78927e-09
0.00251946
-3.71128e-09
0.00251946
3.51042e-09
0.00251946
1.53178e-09
0.00251946
-8.50768e-09
0.00251946
9.75361e-09
0.00251946
9.80155e-10
0.00251946
-9.12135e-09
0.00251946
3.58624e-09
0.00251946
6.35039e-09
0.00251946
-6.99565e-09
0.00251946
1.37541e-09
0.00251946
6.26604e-09
0.00251946
-3.49301e-09
0.00251946
-8.06463e-09
0.00251946
1.17446e-08
0.00251946
4.56945e-09
0.00251945
-1.9821e-08
0.00251946
1.41789e-08
0.00251946
2.46033e-09
0.00251946
-9.29767e-09
0.00251946
5.23943e-09
0.00251946
2.91996e-09
0.00251946
-5.65207e-09
0.00251946
-5.83881e-09
0.00251946
1.28451e-08
0.00251946
-4.11408e-09
0.00251946
-1.16408e-08
0.00251946
1.29254e-08
0.00251946
-7.74027e-09
0.00251946
-5.14453e-09
0.00251946
1.29585e-08
0.00251946
-3.35062e-09
0.00251945
-1.48689e-08
0.00251946
1.22451e-08
0.00251946
-5.50203e-09
0.00251946
2.08745e-09
0.00251946
5.34797e-09
0.00251946
-5.90955e-09
0.00251946
-3.18881e-09
0.00251946
2.94766e-09
0.00251946
5.14556e-09
0.00251946
3.21161e-09
0.00251946
-1.05295e-09
0.00251946
-2.15001e-09
0.00251946
7.79931e-10
0.00251946
4.03987e-09
0.00251946
4.03803e-09
0.00251946
4.58735e-10
0.00251946
-3.04832e-09
0.00251946
-3.21713e-09
0.00251946
-1.04057e-09
0.00251946
4.1536e-10
0.00251946
-6.33607e-10
0.00251946
-3.11656e-09
0.00251946
-4.6213e-09
0.00251946
-3.52206e-09
0.00251946
-3.9199e-10
0.00251946
2.71542e-09
0.00251946
3.91873e-09
0.00251946
3.0219e-09
0.00251946
1.45846e-09
0.00251946
7.9897e-10
0.00251946
1.45931e-09
0.00251946
2.34785e-09
0.00251946
1.88703e-09
0.00251946
-6.08221e-10
0.00251946
-3.93664e-09
0.00251946
-6.07737e-09
0.00251946
-5.64917e-09
0.00251946
-2.87453e-09
0.00251946
5.79555e-10
0.00251946
2.93537e-09
0.00251946
3.62122e-09
0.00251946
2.806e-09
0.00251946
3.969e-09
0.00251946
-2.1846e-09
0.00251946
1.35878e-08
0.00251946
-2.01579e-08
-4.22321e-08
0.0023977
-0.00110282
0.00228021
-0.000259582
0.00222939
-3.4382e-05
0.00220883
-1.10542e-05
0.00219936
-6.80768e-06
0.00219475
-2.76644e-06
0.00219244
-1.3344e-06
0.00219124
-7.0323e-07
0.0021906
-3.69464e-07
0.00219027
-1.95068e-07
0.00219009
-1.02452e-07
0.00218999
-5.83346e-08
0.00218994
-2.7654e-08
0.00218991
-1.65617e-08
0.0021899
-9.57353e-09
0.00218989
-4.26276e-09
0.00218989
-1.69345e-09
0.00218989
-2.1585e-09
0.00218988
-1.79919e-09
0.00218988
1.84919e-09
0.00218988
-7.13862e-10
0.00218988
-2.10332e-09
0.00218988
1.81308e-09
0.00218988
1.13718e-09
0.00218988
-4.47809e-09
0.00218988
4.62251e-09
0.00218988
1.12855e-09
0.00218988
-4.88705e-09
0.00218988
1.41817e-09
0.00218989
3.7451e-09
0.00218988
-3.46887e-09
0.00218988
1.78813e-10
0.00218989
3.73724e-09
0.00218988
-1.8457e-09
0.00218988
-4.58515e-09
0.00218989
6.5303e-09
0.00218989
2.28308e-09
0.00218988
-1.02502e-08
0.00218989
7.12401e-09
0.00218989
1.63408e-09
0.00218988
-5.04277e-09
0.00218988
2.72087e-09
0.00218989
1.94725e-09
0.00218988
-3.72996e-09
0.00218988
-2.66826e-09
0.00218989
6.91798e-09
0.00218988
-2.75665e-09
0.00218988
-5.51427e-09
0.00218989
6.54587e-09
0.00218988
-4.60307e-09
0.00218988
-2.08831e-09
0.00218988
6.83178e-09
0.00218988
-2.35807e-09
0.00218988
-6.98384e-09
0.00218988
5.58095e-09
0.00218988
-2.82501e-09
0.00218988
1.53634e-09
0.00218988
2.79483e-09
0.00218988
-3.14545e-09
0.00218988
-1.94992e-09
0.00218988
1.39722e-09
0.00218988
2.99582e-09
0.00218988
2.10736e-09
0.00218988
-4.5616e-10
0.00218988
-1.43564e-09
0.00218988
1.72544e-10
0.00218989
2.32619e-09
0.00218989
2.59381e-09
0.00218989
4.51358e-10
0.00218989
-1.81355e-09
0.00218988
-2.07797e-09
0.00218988
-7.03098e-10
0.00218988
3.56332e-10
0.00218988
-1.77381e-10
0.00218988
-1.74646e-09
0.00218988
-2.81376e-09
0.00218988
-2.24727e-09
0.00218988
-3.33294e-10
0.00218988
1.62277e-09
0.00218988
2.44283e-09
0.00218988
1.91512e-09
0.00218988
8.89586e-10
0.00218988
3.73363e-10
0.00218988
7.26497e-10
0.00218989
1.35556e-09
0.00218989
1.24073e-09
0.00218989
-1.79334e-10
0.00218988
-2.24166e-09
0.00218988
-3.71213e-09
0.00218988
-3.57831e-09
0.00218988
-1.87376e-09
0.00218988
3.539e-10
0.00218988
1.88411e-09
0.00218988
2.30362e-09
0.00218988
1.59856e-09
0.00218988
2.57351e-09
0.00218988
-2.12854e-09
0.00218989
9.80415e-09
0.00218988
-1.21704e-08
-2.86595e-08
0.00139718
0.0011376
0.00110321
0.00109216
0.00108535
0.00108259
0.00108125
0.00108055
0.00108018
0.00107998
0.00107988
0.00107982
0.00107979
0.00107978
0.00107977
0.00107976
0.00107976
0.00107976
0.00107976
0.00107976
0.00107976
0.00107976
0.00107976
0.00107976
0.00107976
0.00107976
0.00107976
0.00107976
0.00107976
0.00107976
0.00107976
0.00107976
0.00107976
0.00107976
0.00107976
0.00107976
0.00107976
0.00107975
0.00107976
0.00107976
0.00107976
0.00107976
0.00107976
0.00107976
0.00107976
0.00107976
0.00107976
0.00107976
0.00107976
0.00107976
0.00107976
0.00107976
0.00107976
0.00107975
0.00107976
0.00107976
0.00107976
0.00107976
0.00107976
0.00107975
0.00107976
0.00107976
0.00107976
0.00107976
0.00107976
0.00107976
0.00107976
0.00107976
0.00107976
0.00107976
0.00107976
0.00107976
0.00107976
0.00107976
0.00107976
0.00107976
0.00107975
0.00107975
0.00107975
0.00107976
0.00107976
0.00107976
0.00107976
0.00107976
0.00107976
0.00107976
0.00107976
0.00107976
0.00107976
0.00107975
0.00107975
0.00107975
0.00107975
0.00107976
0.00107976
0.00107976
0.00107976
0.00107977
0.00107976
)
;

boundaryField
{
    inlet
    {
        type            calculated;
        value           nonuniform List<scalar> 
40
(
-0.0025
-0.0025
-0.0025
-0.0025
-0.0025
-0.0025
-0.0025
-0.0025
-0.0025
-0.0025
-0.0025
-0.0025
-0.0025
-0.0025
-0.0025
-0.0025
-0.0025
-0.0025
-0.0025
-0.0025
-0.0025
-0.0025
-0.0025
-0.0025
-0.0025
-0.0025
-0.0025
-0.0025
-0.0025
-0.0025
-0.0025
-0.0025
-0.0025
-0.0025
-0.0025
-0.0025
-0.0025
-0.0025
-0.0025
-0.0025
)
;
    }
    outlet
    {
        type            calculated;
        value           nonuniform List<scalar> 
40
(
0.0010797
0.00218985
0.00251945
0.00258854
0.00259981
0.00260133
0.0026015
0.00260152
0.00260152
0.00260152
0.00260152
0.00260152
0.00260152
0.00260152
0.00260152
0.00260152
0.00260152
0.00260152
0.00260152
0.00260152
0.00260152
0.00260152
0.00260152
0.00260152
0.00260152
0.00260152
0.00260152
0.00260152
0.00260152
0.00260152
0.00260152
0.00260152
0.00260152
0.00260151
0.00260133
0.00259982
0.00258855
0.00251946
0.00218987
0.00107973
)
;
    }
    upperWall
    {
        type            calculated;
        value           uniform 0;
    }
    lowerWall
    {
        type            calculated;
        value           uniform 0;
    }
    frontAndBack
    {
        type            empty;
        value           nonuniform 0();
    }
}


// ************************************************************************* //
