/*--------------------------------*- C++ -*----------------------------------*\
| =========                 |                                                 |
| \\      /  F ield         | OpenFOAM: The Open Source CFD Toolbox           |
|  \\    /   O peration     | Version:  5.x                                   |
|   \\  /    A nd           | Web:      www.OpenFOAM.org                      |
|    \\/     M anipulation  |                                                 |
\*---------------------------------------------------------------------------*/
FoamFile
{
    version     2.0;
    format      ascii;
    class       volVectorField;
    location    "0.04";
    object      U;
}
// * * * * * * * * * * * * * * * * * * * * * * * * * * * * * * * * * * * * * //

dimensions      [0 1 -1 0 0 0 0];

internalField   nonuniform List<vector> 
4000
(
(0.284072 0.0951097 0)
(0.209833 0.015879 0)
(0.119013 0.00353181 0)
(0.10059 0.00167671 0)
(0.0875006 0.000697317 0)
(0.0822293 0.000373782 0)
(0.0791932 0.00016499 0)
(0.077916 7.56802e-05 0)
(0.0773361 2.59639e-05 0)
(0.0771593 6.03851e-06 0)
(0.0771307 -2.2045e-06 0)
(0.077161 -3.9432e-06 0)
(0.077199 -3.58537e-06 0)
(0.0772308 -2.55888e-06 0)
(0.0772525 -1.63865e-06 0)
(0.077266 -9.57745e-07 0)
(0.0772737 -5.28018e-07 0)
(0.0772779 -2.75798e-07 0)
(0.07728 -1.30695e-07 0)
(0.077281 -5.81079e-08 0)
(0.0772815 -2.85271e-08 0)
(0.0772816 -1.0887e-08 0)
(0.0772817 2.06695e-09 0)
(0.0772817 6.4692e-09 0)
(0.0772817 9.62797e-10 0)
(0.0772817 -2.3589e-09 0)
(0.0772817 -2.59656e-09 0)
(0.0772817 -3.25859e-09 0)
(0.0772818 -4.03094e-09 0)
(0.0772818 -3.72108e-09 0)
(0.0772818 -3.86097e-09 0)
(0.0772818 3.24116e-09 0)
(0.0772818 9.49354e-09 0)
(0.0772817 8.92267e-09 0)
(0.0772815 9.43723e-09 0)
(0.0772813 1.48332e-08 0)
(0.0772811 1.98805e-08 0)
(0.0772809 1.95852e-08 0)
(0.0772807 1.20054e-08 0)
(0.0772805 1.08885e-08 0)
(0.0772804 1.25302e-08 0)
(0.0772803 7.85616e-09 0)
(0.0772802 1.88561e-09 0)
(0.0772802 -3.56112e-09 0)
(0.0772803 -3.26953e-09 0)
(0.0772803 -2.57188e-09 0)
(0.0772804 -7.861e-09 0)
(0.0772805 -1.03402e-08 0)
(0.0772806 -1.02243e-08 0)
(0.0772807 -8.22133e-09 0)
(0.0772809 -1.31474e-08 0)
(0.0772811 -1.65806e-08 0)
(0.0772812 -1.45348e-08 0)
(0.0772815 -1.52967e-08 0)
(0.0772817 -1.8686e-08 0)
(0.0772819 -2.29035e-08 0)
(0.0772822 -2.13759e-08 0)
(0.0772824 -1.58813e-08 0)
(0.0772826 -1.81074e-08 0)
(0.0772828 -1.69694e-08 0)
(0.077283 -6.03581e-09 0)
(0.077283 -1.70239e-10 0)
(0.077283 3.05843e-09 0)
(0.0772829 1.22353e-08 0)
(0.0772827 2.11606e-08 0)
(0.0772824 2.58413e-08 0)
(0.077282 3.05817e-08 0)
(0.0772816 3.54168e-08 0)
(0.0772812 3.69154e-08 0)
(0.0772807 3.48342e-08 0)
(0.0772804 2.98038e-08 0)
(0.07728 2.27097e-08 0)
(0.0772798 1.21331e-08 0)
(0.0772798 7.56876e-10 0)
(0.0772799 -1.20941e-08 0)
(0.0772801 -2.34707e-08 0)
(0.0772804 -3.38153e-08 0)
(0.0772809 -4.11196e-08 0)
(0.0772814 -4.45508e-08 0)
(0.077282 -4.31597e-08 0)
(0.0772824 -3.58457e-08 0)
(0.0772828 -2.39019e-08 0)
(0.077283 -9.90497e-09 0)
(0.077283 4.22313e-09 0)
(0.0772829 1.72954e-08 0)
(0.0772826 2.53079e-08 0)
(0.0772823 2.83146e-08 0)
(0.077282 2.5484e-08 0)
(0.0772817 1.67683e-08 0)
(0.0772816 3.64014e-09 0)
(0.0772817 -1.01094e-08 0)
(0.0772818 -1.90958e-08 0)
(0.0772821 -2.16613e-08 0)
(0.0772823 -1.35617e-08 0)
(0.0772824 -2.95233e-09 0)
(0.0772822 2.65783e-08 0)
(0.0772819 3.87488e-08 0)
(0.0772807 1.24107e-07 0)
(0.07728 9.77962e-08 0)
(0.0772756 4.55777e-07 0)
(0.624486 0.240998 0)
(0.521045 0.0569319 0)
(0.338764 0.0188857 0)
(0.288407 0.00903346 0)
(0.253681 0.00424365 0)
(0.238566 0.00222141 0)
(0.229988 0.00105471 0)
(0.226181 0.000489615 0)
(0.224419 0.000189967 0)
(0.223813 5.68505e-05 0)
(0.223665 7.22698e-07 0)
(0.223708 -1.57854e-05 0)
(0.223791 -1.70473e-05 0)
(0.223867 -1.30836e-05 0)
(0.223921 -8.70281e-06 0)
(0.223956 -5.25177e-06 0)
(0.223977 -2.96078e-06 0)
(0.223988 -1.57796e-06 0)
(0.223994 -7.88917e-07 0)
(0.223997 -3.65569e-07 0)
(0.223998 -1.58547e-07 0)
(0.223998 -5.64499e-08 0)
(0.223998 -9.09282e-09 0)
(0.223998 7.98893e-09 0)
(0.223998 8.46486e-10 0)
(0.223999 -1.17779e-08 0)
(0.223999 -1.97618e-08 0)
(0.223999 -2.42486e-08 0)
(0.223999 -2.20688e-08 0)
(0.223999 -1.15276e-08 0)
(0.223999 -2.54799e-09 0)
(0.223999 1.703e-08 0)
(0.223999 4.54275e-08 0)
(0.223998 6.54642e-08 0)
(0.223998 8.18248e-08 0)
(0.223997 9.71063e-08 0)
(0.223997 1.07289e-07 0)
(0.223996 1.09856e-07 0)
(0.223996 9.29963e-08 0)
(0.223995 7.55641e-08 0)
(0.223995 6.36906e-08 0)
(0.223994 4.05435e-08 0)
(0.223994 1.64637e-08 0)
(0.223994 -8.47541e-09 0)
(0.223994 -2.38548e-08 0)
(0.223995 -3.05719e-08 0)
(0.223995 -4.58346e-08 0)
(0.223995 -5.86517e-08 0)
(0.223995 -6.69326e-08 0)
(0.223996 -6.74759e-08 0)
(0.223996 -7.73499e-08 0)
(0.223997 -9.29137e-08 0)
(0.223997 -9.89538e-08 0)
(0.223998 -1.07964e-07 0)
(0.223999 -1.18355e-07 0)
(0.223999 -1.28502e-07 0)
(0.224 -1.2914e-07 0)
(0.224001 -1.13658e-07 0)
(0.224001 -1.02456e-07 0)
(0.224002 -8.64709e-08 0)
(0.224002 -4.49439e-08 0)
(0.224002 -3.96021e-09 0)
(0.224002 3.15982e-08 0)
(0.224002 7.77871e-08 0)
(0.224001 1.24742e-07 0)
(0.224001 1.60733e-07 0)
(0.224 1.91457e-07 0)
(0.223998 2.15988e-07 0)
(0.223997 2.23634e-07 0)
(0.223996 2.11358e-07 0)
(0.223995 1.79667e-07 0)
(0.223994 1.32369e-07 0)
(0.223993 6.85498e-08 0)
(0.223993 -2.64403e-09 0)
(0.223993 -7.77663e-08 0)
(0.223994 -1.47063e-07 0)
(0.223995 -2.06715e-07 0)
(0.223996 -2.50064e-07 0)
(0.223998 -2.69015e-07 0)
(0.223999 -2.57142e-07 0)
(0.224001 -2.1175e-07 0)
(0.224002 -1.40095e-07 0)
(0.224002 -5.52308e-08 0)
(0.224002 2.78035e-08 0)
(0.224002 1.00337e-07 0)
(0.224001 1.48267e-07 0)
(0.224 1.65573e-07 0)
(0.223999 1.46236e-07 0)
(0.223999 9.20986e-08 0)
(0.223998 1.50802e-08 0)
(0.223999 -6.16272e-08 0)
(0.223999 -1.09853e-07 0)
(0.224 -1.16688e-07 0)
(0.224 -6.80469e-08 0)
(0.224 1.42712e-08 0)
(0.224 1.70885e-07 0)
(0.223999 3.10804e-07 0)
(0.223995 6.77719e-07 0)
(0.223993 8.17687e-07 0)
(0.223982 1.93138e-06 0)
(0.829568 0.31221 0)
(0.746444 0.107024 0)
(0.532446 0.0471084 0)
(0.460135 0.023216 0)
(0.409287 0.0116625 0)
(0.385911 0.0060888 0)
(0.372599 0.00299343 0)
(0.366484 0.0014037 0)
(0.363603 0.000573481 0)
(0.362541 0.000187591 0)
(0.362236 2.25435e-05 0)
(0.362254 -3.18198e-05 0)
(0.362356 -4.03881e-05 0)
(0.362459 -3.26911e-05 0)
(0.362536 -2.23213e-05 0)
(0.362587 -1.3735e-05 0)
(0.362617 -7.85861e-06 0)
(0.362634 -4.23695e-06 0)
(0.362643 -2.15588e-06 0)
(0.362647 -1.02188e-06 0)
(0.362649 -4.44407e-07 0)
(0.36265 -1.61083e-07 0)
(0.36265 -4.15908e-08 0)
(0.36265 1.17703e-09 0)
(0.36265 -5.39461e-09 0)
(0.36265 -3.27634e-08 0)
(0.362651 -5.48323e-08 0)
(0.362651 -6.62527e-08 0)
(0.362651 -6.18261e-08 0)
(0.362651 -3.10766e-08 0)
(0.362651 3.15617e-09 0)
(0.362651 5.30818e-08 0)
(0.362651 1.23363e-07 0)
(0.36265 1.87114e-07 0)
(0.362649 2.40727e-07 0)
(0.362649 2.78064e-07 0)
(0.362648 2.96062e-07 0)
(0.362647 2.99827e-07 0)
(0.362646 2.68574e-07 0)
(0.362645 2.20706e-07 0)
(0.362644 1.72606e-07 0)
(0.362644 1.1105e-07 0)
(0.362644 4.96474e-08 0)
(0.362644 -1.40381e-08 0)
(0.362644 -6.37127e-08 0)
(0.362644 -9.4898e-08 0)
(0.362644 -1.29383e-07 0)
(0.362645 -1.61196e-07 0)
(0.362645 -1.88129e-07 0)
(0.362646 -2.02198e-07 0)
(0.362647 -2.26022e-07 0)
(0.362647 -2.59865e-07 0)
(0.362648 -2.86997e-07 0)
(0.362649 -3.1441e-07 0)
(0.36265 -3.40022e-07 0)
(0.362652 -3.61609e-07 0)
(0.362653 -3.62842e-07 0)
(0.362654 -3.30383e-07 0)
(0.362655 -2.90124e-07 0)
(0.362656 -2.31802e-07 0)
(0.362656 -1.29367e-07 0)
(0.362657 -1.45787e-08 0)
(0.362656 1.0036e-07 0)
(0.362656 2.28942e-07 0)
(0.362655 3.56082e-07 0)
(0.362654 4.6262e-07 0)
(0.362652 5.50789e-07 0)
(0.36265 6.11897e-07 0)
(0.362648 6.27975e-07 0)
(0.362646 5.90675e-07 0)
(0.362644 4.99569e-07 0)
(0.362643 3.62357e-07 0)
(0.362642 1.84483e-07 0)
(0.362642 -1.50232e-08 0)
(0.362642 -2.22593e-07 0)
(0.362643 -4.17521e-07 0)
(0.362645 -5.83036e-07 0)
(0.362647 -7.01627e-07 0)
(0.362649 -7.5042e-07 0)
(0.362652 -7.1359e-07 0)
(0.362654 -5.86072e-07 0)
(0.362655 -3.8664e-07 0)
(0.362656 -1.50793e-07 0)
(0.362656 7.97555e-08 0)
(0.362656 2.77098e-07 0)
(0.362655 4.08249e-07 0)
(0.362653 4.51087e-07 0)
(0.362652 3.92936e-07 0)
(0.362651 2.41268e-07 0)
(0.36265 3.34076e-08 0)
(0.362651 -1.68927e-07 0)
(0.362651 -2.94822e-07 0)
(0.362652 -3.03647e-07 0)
(0.362653 -1.67891e-07 0)
(0.362653 8.35445e-08 0)
(0.362652 4.94297e-07 0)
(0.36265 9.64084e-07 0)
(0.362645 1.80042e-06 0)
(0.362641 2.53147e-06 0)
(0.362625 4.34397e-06 0)
(0.951441 0.336957 0)
(0.906127 0.15288 0)
(0.696979 0.0805848 0)
(0.613816 0.0415246 0)
(0.552899 0.0218341 0)
(0.523461 0.0115008 0)
(0.506483 0.00577907 0)
(0.498453 0.00274156 0)
(0.494598 0.00115525 0)
(0.493102 0.000398911 0)
(0.492624 7.0446e-05 0)
(0.492593 -4.46033e-05 0)
(0.492692 -6.79019e-05 0)
(0.492808 -5.75975e-05 0)
(0.492899 -4.02054e-05 0)
(0.492959 -2.51185e-05 0)
(0.492996 -1.45398e-05 0)
(0.493017 -7.91292e-06 0)
(0.493028 -4.06716e-06 0)
(0.493034 -1.95604e-06 0)
(0.493037 -8.61326e-07 0)
(0.493038 -3.17942e-07 0)
(0.493038 -9.28323e-08 0)
(0.493038 -1.88156e-08 0)
(0.493038 -2.2825e-08 0)
(0.493038 -6.57671e-08 0)
(0.493039 -1.04841e-07 0)
(0.493039 -1.2247e-07 0)
(0.493039 -1.14163e-07 0)
(0.493039 -5.92853e-08 0)
(0.493039 1.69614e-08 0)
(0.493039 1.14882e-07 0)
(0.493039 2.42471e-07 0)
(0.493038 3.67184e-07 0)
(0.493037 4.76517e-07 0)
(0.493036 5.48563e-07 0)
(0.493035 5.7538e-07 0)
(0.493033 5.75025e-07 0)
(0.493032 5.27293e-07 0)
(0.493031 4.39316e-07 0)
(0.49303 3.35745e-07 0)
(0.49303 2.14291e-07 0)
(0.493029 9.77698e-08 0)
(0.493029 -1.82628e-08 0)
(0.493029 -1.18735e-07 0)
(0.49303 -1.91466e-07 0)
(0.49303 -2.55783e-07 0)
(0.493031 -3.13709e-07 0)
(0.493031 -3.66992e-07 0)
(0.493032 -4.05189e-07 0)
(0.493033 -4.49174e-07 0)
(0.493034 -5.0793e-07 0)
(0.493036 -5.66377e-07 0)
(0.493037 -6.23139e-07 0)
(0.493038 -6.70402e-07 0)
(0.49304 -7.03539e-07 0)
(0.493042 -7.0441e-07 0)
(0.493043 -6.51225e-07 0)
(0.493044 -5.64302e-07 0)
(0.493046 -4.39585e-07 0)
(0.493046 -2.50775e-07 0)
(0.493047 -2.7626e-08 0)
(0.493046 2.07332e-07 0)
(0.493046 4.55817e-07 0)
(0.493044 6.97853e-07 0)
(0.493043 9.07067e-07 0)
(0.49304 1.07744e-06 0)
(0.493038 1.18939e-06 0)
(0.493035 1.21567e-06 0)
(0.493032 1.14108e-06 0)
(0.49303 9.63019e-07 0)
(0.493028 6.94211e-07 0)
(0.493027 3.50083e-07 0)
(0.493027 -3.706e-08 0)
(0.493027 -4.37273e-07 0)
(0.493029 -8.14306e-07 0)
(0.493031 -1.13237e-06 0)
(0.493034 -1.35824e-06 0)
(0.493037 -1.44842e-06 0)
(0.49304 -1.37317e-06 0)
(0.493043 -1.12597e-06 0)
(0.493045 -7.42295e-07 0)
(0.493046 -2.88763e-07 0)
(0.493046 1.53568e-07 0)
(0.493045 5.276e-07 0)
(0.493044 7.76109e-07 0)
(0.493042 8.5493e-07 0)
(0.49304 7.40792e-07 0)
(0.493039 4.50502e-07 0)
(0.493038 5.70902e-08 0)
(0.493039 -3.2166e-07 0)
(0.49304 -5.54779e-07 0)
(0.493041 -5.59924e-07 0)
(0.493042 -2.95242e-07 0)
(0.493042 2.11289e-07 0)
(0.493041 9.83001e-07 0)
(0.493038 1.95387e-06 0)
(0.493031 3.38987e-06 0)
(0.493025 5.02788e-06 0)
(0.493006 7.33073e-06 0)
(1.02083 0.335492 0)
(1.01564 0.188798 0)
(0.832501 0.113178 0)
(0.748601 0.0613335 0)
(0.683553 0.033501 0)
(0.650582 0.0179032 0)
(0.631195 0.00915713 0)
(0.621776 0.00439918 0)
(0.617164 0.00189809 0)
(0.615298 0.000683333 0)
(0.614654 0.00014745 0)
(0.614559 -4.86043e-05 0)
(0.61464 -9.47e-05 0)
(0.614756 -8.43022e-05 0)
(0.614852 -6.01391e-05 0)
(0.614917 -3.80995e-05 0)
(0.614958 -2.22886e-05 0)
(0.614981 -1.22401e-05 0)
(0.614994 -6.34226e-06 0)
(0.615001 -3.08129e-06 0)
(0.615004 -1.37973e-06 0)
(0.615005 -5.25423e-07 0)
(0.615005 -1.61965e-07 0)
(0.615006 -4.73284e-08 0)
(0.615006 -5.0459e-08 0)
(0.615006 -1.08873e-07 0)
(0.615006 -1.66424e-07 0)
(0.615006 -1.90256e-07 0)
(0.615007 -1.76175e-07 0)
(0.615007 -9.5464e-08 0)
(0.615007 3.39569e-08 0)
(0.615007 1.99852e-07 0)
(0.615006 4.00875e-07 0)
(0.615005 5.9634e-07 0)
(0.615004 7.70304e-07 0)
(0.615003 8.90156e-07 0)
(0.615001 9.3358e-07 0)
(0.615 9.2458e-07 0)
(0.614998 8.51775e-07 0)
(0.614997 7.16827e-07 0)
(0.614996 5.46853e-07 0)
(0.614995 3.48152e-07 0)
(0.614994 1.58753e-07 0)
(0.614994 -2.27248e-08 0)
(0.614994 -1.85474e-07 0)
(0.614995 -3.1287e-07 0)
(0.614996 -4.19077e-07 0)
(0.614996 -5.09589e-07 0)
(0.614997 -5.94808e-07 0)
(0.614998 -6.65306e-07 0)
(0.615 -7.38878e-07 0)
(0.615001 -8.28907e-07 0)
(0.615002 -9.24015e-07 0)
(0.615004 -1.01778e-06 0)
(0.615006 -1.09329e-06 0)
(0.615008 -1.14037e-06 0)
(0.61501 -1.13824e-06 0)
(0.615011 -1.05754e-06 0)
(0.615013 -9.12128e-07 0)
(0.615015 -7.02053e-07 0)
(0.615015 -4.01917e-07 0)
(0.615016 -4.12955e-08 0)
(0.615016 3.46092e-07 0)
(0.615015 7.47312e-07 0)
(0.615013 1.13505e-06 0)
(0.615011 1.47334e-06 0)
(0.615008 1.74541e-06 0)
(0.615005 1.91915e-06 0)
(0.615002 1.95616e-06 0)
(0.614999 1.83315e-06 0)
(0.614996 1.54512e-06 0)
(0.614994 1.1106e-06 0)
(0.614992 5.57054e-07 0)
(0.614992 -6.63688e-08 0)
(0.614992 -7.08985e-07 0)
(0.614994 -1.31458e-06 0)
(0.614997 -1.82397e-06 0)
(0.615 -2.18261e-06 0)
(0.615004 -2.32289e-06 0)
(0.615008 -2.19819e-06 0)
(0.615011 -1.80114e-06 0)
(0.615013 -1.18851e-06 0)
(0.615015 -4.64861e-07 0)
(0.615015 2.41314e-07 0)
(0.615014 8.3422e-07 0)
(0.615012 1.22669e-06 0)
(0.61501 1.3492e-06 0)
(0.615008 1.16594e-06 0)
(0.615007 7.05919e-07 0)
(0.615006 8.63368e-08 0)
(0.615006 -5.06185e-07 0)
(0.615008 -8.67833e-07 0)
(0.615009 -8.62982e-07 0)
(0.61501 -4.33983e-07 0)
(0.61501 3.97067e-07 0)
(0.615008 1.61651e-06 0)
(0.615005 3.21811e-06 0)
(0.614997 5.34562e-06 0)
(0.61499 8.07294e-06 0)
(0.614968 1.06679e-05 0)
(1.05708 0.318524 0)
(1.08735 0.213733 0)
(0.94096 0.141603 0)
(0.86451 0.0807009 0)
(0.800706 0.045608 0)
(0.766827 0.0247924 0)
(0.746394 0.0128861 0)
(0.736211 0.00627108 0)
(0.731118 0.00276004 0)
(0.728983 0.00102834 0)
(0.728199 0.000252642 0)
(0.728037 -4.10185e-05 0)
(0.72809 -0.000117616 0)
(0.728196 -0.000110314 0)
(0.728288 -8.04589e-05 0)
(0.728354 -5.16665e-05 0)
(0.728396 -3.0527e-05 0)
(0.72842 -1.69106e-05 0)
(0.728433 -8.83229e-06 0)
(0.72844 -4.32377e-06 0)
(0.728444 -1.95868e-06 0)
(0.728445 -7.67883e-07 0)
(0.728445 -2.46561e-07 0)
(0.728446 -8.10858e-08 0)
(0.728446 -8.46887e-08 0)
(0.728446 -1.6055e-07 0)
(0.728446 -2.39464e-07 0)
(0.728447 -2.70474e-07 0)
(0.728447 -2.44853e-07 0)
(0.728447 -1.32772e-07 0)
(0.728447 5.62041e-08 0)
(0.728447 3.02916e-07 0)
(0.728446 5.92742e-07 0)
(0.728445 8.70568e-07 0)
(0.728444 1.11474e-06 0)
(0.728442 1.28994e-06 0)
(0.728441 1.35882e-06 0)
(0.728439 1.3407e-06 0)
(0.728437 1.23399e-06 0)
(0.728435 1.04364e-06 0)
(0.728434 7.99406e-07 0)
(0.728433 5.11342e-07 0)
(0.728433 2.33017e-07 0)
(0.728433 -2.72652e-08 0)
(0.728433 -2.61717e-07 0)
(0.728433 -4.53708e-07 0)
(0.728434 -6.12737e-07 0)
(0.728435 -7.43737e-07 0)
(0.728436 -8.65834e-07 0)
(0.728437 -9.74363e-07 0)
(0.728439 -1.08541e-06 0)
(0.72844 -1.21332e-06 0)
(0.728442 -1.3498e-06 0)
(0.728444 -1.48601e-06 0)
(0.728446 -1.59509e-06 0)
(0.728448 -1.65806e-06 0)
(0.72845 -1.65019e-06 0)
(0.728452 -1.53595e-06 0)
(0.728454 -1.32206e-06 0)
(0.728456 -1.01049e-06 0)
(0.728457 -5.78279e-07 0)
(0.728457 -5.63814e-08 0)
(0.728457 5.10175e-07 0)
(0.728456 1.0915e-06 0)
(0.728454 1.65035e-06 0)
(0.728452 2.13978e-06 0)
(0.728449 2.53039e-06 0)
(0.728445 2.77577e-06 0)
(0.728441 2.82461e-06 0)
(0.728438 2.6446e-06 0)
(0.728434 2.22806e-06 0)
(0.728432 1.5998e-06 0)
(0.72843 8.00958e-07 0)
(0.72843 -9.95164e-08 0)
(0.728431 -1.02633e-06 0)
(0.728432 -1.89909e-06 0)
(0.728435 -2.63185e-06 0)
(0.728439 -3.14453e-06 0)
(0.728444 -3.34276e-06 0)
(0.728448 -3.16048e-06 0)
(0.728452 -2.5899e-06 0)
(0.728455 -1.71296e-06 0)
(0.728456 -6.77423e-07 0)
(0.728456 3.3459e-07 0)
(0.728455 1.18104e-06 0)
(0.728454 1.73978e-06 0)
(0.728451 1.91354e-06 0)
(0.728449 1.65236e-06 0)
(0.728447 9.99661e-07 0)
(0.728446 1.23255e-07 0)
(0.728447 -7.11482e-07 0)
(0.728448 -1.21785e-06 0)
(0.72845 -1.19759e-06 0)
(0.728451 -5.75528e-07 0)
(0.728451 6.34841e-07 0)
(0.728449 2.37078e-06 0)
(0.728445 4.69742e-06 0)
(0.728435 7.57936e-06 0)
(0.728428 1.14919e-05 0)
(0.728404 1.42274e-05 0)
(1.07281 0.292657 0)
(1.13117 0.228234 0)
(1.02528 0.164162 0)
(0.962238 0.0981378 0)
(0.904218 0.0572248 0)
(0.871952 0.0316735 0)
(0.851861 0.0167135 0)
(0.841595 0.00823826 0)
(0.83634 0.00368939 0)
(0.834066 0.00141493 0)
(0.833186 0.000381283 0)
(0.832964 -2.11905e-05 0)
(0.832983 -0.000134606 0)
(0.833071 -0.000133696 0)
(0.833154 -9.97491e-05 0)
(0.833216 -6.49151e-05 0)
(0.833256 -3.87208e-05 0)
(0.833279 -2.16229e-05 0)
(0.833293 -1.13824e-05 0)
(0.833299 -5.61147e-06 0)
(0.833303 -2.55975e-06 0)
(0.833304 -1.02574e-06 0)
(0.833305 -3.42994e-07 0)
(0.833305 -1.19715e-07 0)
(0.833305 -1.23459e-07 0)
(0.833305 -2.19606e-07 0)
(0.833306 -3.22012e-07 0)
(0.833306 -3.6128e-07 0)
(0.833306 -3.19534e-07 0)
(0.833307 -1.6921e-07 0)
(0.833307 8.55461e-08 0)
(0.833306 4.20571e-07 0)
(0.833306 8.09578e-07 0)
(0.833305 1.1817e-06 0)
(0.833303 1.5029e-06 0)
(0.833301 1.7372e-06 0)
(0.833299 1.83698e-06 0)
(0.833297 1.81198e-06 0)
(0.833295 1.66617e-06 0)
(0.833294 1.4117e-06 0)
(0.833292 1.08572e-06 0)
(0.833291 7.00274e-07 0)
(0.833291 3.21107e-07 0)
(0.833291 -3.03278e-08 0)
(0.833291 -3.4577e-07 0)
(0.833291 -6.09993e-07 0)
(0.833292 -8.30163e-07 0)
(0.833293 -1.00925e-06 0)
(0.833294 -1.17358e-06 0)
(0.833296 -1.32473e-06 0)
(0.833297 -1.47899e-06 0)
(0.833299 -1.65071e-06 0)
(0.833301 -1.83276e-06 0)
(0.833303 -2.0151e-06 0)
(0.833305 -2.16139e-06 0)
(0.833308 -2.24183e-06 0)
(0.83331 -2.22634e-06 0)
(0.833313 -2.07347e-06 0)
(0.833315 -1.78272e-06 0)
(0.833316 -1.35708e-06 0)
(0.833318 -7.76421e-07 0)
(0.833318 -7.41778e-08 0)
(0.833318 6.92938e-07 0)
(0.833316 1.47654e-06 0)
(0.833314 2.22738e-06 0)
(0.833312 2.88608e-06 0)
(0.833308 3.40903e-06 0)
(0.833304 3.73436e-06 0)
(0.8333 3.79648e-06 0)
(0.833296 3.55326e-06 0)
(0.833293 2.99407e-06 0)
(0.83329 2.15025e-06 0)
(0.833288 1.0778e-06 0)
(0.833288 -1.32348e-07 0)
(0.833288 -1.37705e-06 0)
(0.833291 -2.54828e-06 0)
(0.833294 -3.53042e-06 0)
(0.833298 -4.21459e-06 0)
(0.833303 -4.47781e-06 0)
(0.833307 -4.23282e-06 0)
(0.833312 -3.47143e-06 0)
(0.833315 -2.30362e-06 0)
(0.833316 -9.24441e-07 0)
(0.833317 4.26157e-07 0)
(0.833316 1.55397e-06 0)
(0.833314 2.29739e-06 0)
(0.833311 2.52957e-06 0)
(0.833309 2.18557e-06 0)
(0.833307 1.32451e-06 0)
(0.833306 1.69626e-07 0)
(0.833306 -9.27769e-07 0)
(0.833308 -1.59091e-06 0)
(0.833309 -1.55151e-06 0)
(0.833311 -7.14979e-07 0)
(0.833311 9.15196e-07 0)
(0.833308 3.21786e-06 0)
(0.833304 6.33249e-06 0)
(0.833294 1.00033e-05 0)
(0.833286 1.51368e-05 0)
(0.833261 1.78997e-05 0)
(1.07626 0.262485 0)
(1.15492 0.233475 0)
(1.08884 0.180072 0)
(1.043 0.112535 0)
(0.994327 0.0675472 0)
(0.965931 0.0380718 0)
(0.947508 0.0203816 0)
(0.937854 0.0101716 0)
(0.932781 0.00462647 0)
(0.930519 0.00181882 0)
(0.929599 0.000525495 0)
(0.929333 9.80255e-06 0)
(0.929317 -0.000144515 0)
(0.929381 -0.000152945 0)
(0.929451 -0.000116787 0)
(0.929504 -7.70153e-05 0)
(0.92954 -4.63666e-05 0)
(0.929562 -2.60863e-05 0)
(0.929574 -1.38312e-05 0)
(0.92958 -6.86764e-06 0)
(0.929583 -3.14968e-06 0)
(0.929585 -1.28065e-06 0)
(0.929585 -4.43613e-07 0)
(0.929586 -1.627e-07 0)
(0.929586 -1.66569e-07 0)
(0.929586 -2.84638e-07 0)
(0.929586 -4.1085e-07 0)
(0.929587 -4.58798e-07 0)
(0.929587 -3.98583e-07 0)
(0.929587 -2.04781e-07 0)
(0.929587 1.21561e-07 0)
(0.929587 5.50345e-07 0)
(0.929586 1.04449e-06 0)
(0.929585 1.52001e-06 0)
(0.929584 1.92532e-06 0)
(0.929582 2.22127e-06 0)
(0.92958 2.35458e-06 0)
(0.929577 2.32514e-06 0)
(0.929575 2.13814e-06 0)
(0.929574 1.81272e-06 0)
(0.929572 1.3983e-06 0)
(0.929571 9.10322e-07 0)
(0.92957 4.22338e-07 0)
(0.92957 -3.03996e-08 0)
(0.92957 -4.35203e-07 0)
(0.929571 -7.7767e-07 0)
(0.929572 -1.06496e-06 0)
(0.929573 -1.29848e-06 0)
(0.929574 -1.51016e-06 0)
(0.929576 -1.70765e-06 0)
(0.929577 -1.90908e-06 0)
(0.929579 -2.12904e-06 0)
(0.929581 -2.35995e-06 0)
(0.929583 -2.59072e-06 0)
(0.929586 -2.77646e-06 0)
(0.929588 -2.8754e-06 0)
(0.929591 -2.85092e-06 0)
(0.929594 -2.6557e-06 0)
(0.929596 -2.28208e-06 0)
(0.929598 -1.73326e-06 0)
(0.929599 -9.92363e-07 0)
(0.929599 -9.61466e-08 0)
(0.929599 8.87128e-07 0)
(0.929598 1.88971e-06 0)
(0.929596 2.84841e-06 0)
(0.929593 3.69023e-06 0)
(0.929589 4.35611e-06 0)
(0.929585 4.76802e-06 0)
(0.929581 4.84523e-06 0)
(0.929576 4.53511e-06 0)
(0.929573 3.8238e-06 0)
(0.92957 2.74923e-06 0)
(0.929568 1.38293e-06 0)
(0.929567 -1.60747e-07 0)
(0.929568 -1.74839e-06 0)
(0.92957 -3.24157e-06 0)
(0.929574 -4.49278e-06 0)
(0.929578 -5.36187e-06 0)
(0.929583 -5.69616e-06 0)
(0.929588 -5.38638e-06 0)
(0.929592 -4.42346e-06 0)
(0.929596 -2.94717e-06 0)
(0.929598 -1.20267e-06 0)
(0.929598 5.09698e-07 0)
(0.929597 1.93948e-06 0)
(0.929595 2.88187e-06 0)
(0.929592 3.17903e-06 0)
(0.92959 2.75096e-06 0)
(0.929588 1.67298e-06 0)
(0.929587 2.26622e-07 0)
(0.929587 -1.14628e-06 0)
(0.929589 -1.97435e-06 0)
(0.92959 -1.9141e-06 0)
(0.929591 -8.49548e-07 0)
(0.929591 1.22622e-06 0)
(0.929589 4.12651e-06 0)
(0.929584 8.06236e-06 0)
(0.929574 1.25282e-05 0)
(0.929566 1.88701e-05 0)
(0.929541 2.1579e-05 0)
(1.0728 0.23109 0)
(1.16464 0.23093 0)
(1.13507 0.189197 0)
(1.10838 0.123159 0)
(1.07159 0.0759321 0)
(1.04895 0.0435641 0)
(1.03339 0.0236447 0)
(1.02501 0.0119412 0)
(1.02046 0.00550795 0)
(1.01837 0.00221233 0)
(1.01748 0.000675025 0)
(1.01719 4.93966e-05 0)
(1.01714 -0.000147032 0)
(1.01718 -0.000167012 0)
(1.01723 -0.000130583 0)
(1.01728 -8.7244e-05 0)
(1.01731 -5.30048e-05 0)
(1.01732 -3.00342e-05 0)
(1.01733 -1.60283e-05 0)
(1.01734 -8.01504e-06 0)
(1.01734 -3.69599e-06 0)
(1.01734 -1.51719e-06 0)
(1.01734 -5.40493e-07 0)
(1.01734 -2.08459e-07 0)
(1.01734 -2.13275e-07 0)
(1.01735 -3.53318e-07 0)
(1.01735 -5.02725e-07 0)
(1.01735 -5.59679e-07 0)
(1.01735 -4.8017e-07 0)
(1.01735 -2.39631e-07 0)
(1.01735 1.62768e-07 0)
(1.01735 6.89337e-07 0)
(1.01735 1.29138e-06 0)
(1.01734 1.87568e-06 0)
(1.01734 2.3711e-06 0)
(1.01734 2.73101e-06 0)
(1.01734 2.89859e-06 0)
(1.01734 2.86626e-06 0)
(1.01733 2.63823e-06 0)
(1.01733 2.23787e-06 0)
(1.01733 1.72974e-06 0)
(1.01733 1.13616e-06 0)
(1.01733 5.34967e-07 0)
(1.01733 -2.62901e-08 0)
(1.01733 -5.27339e-07 0)
(1.01733 -9.52613e-07 0)
(1.01733 -1.31092e-06 0)
(1.01733 -1.60352e-06 0)
(1.01733 -1.8669e-06 0)
(1.01733 -2.11372e-06 0)
(1.01734 -2.36457e-06 0)
(1.01734 -2.63551e-06 0)
(1.01734 -2.91742e-06 0)
(1.01734 -3.19767e-06 0)
(1.01734 -3.42379e-06 0)
(1.01735 -3.54172e-06 0)
(1.01735 -3.50736e-06 0)
(1.01735 -3.26748e-06 0)
(1.01736 -2.80746e-06 0)
(1.01736 -2.12998e-06 0)
(1.01736 -1.22168e-06 0)
(1.01736 -1.23363e-07 0)
(1.01736 1.0857e-06 0)
(1.01736 2.31824e-06 0)
(1.01736 3.49544e-06 0)
(1.01735 4.52973e-06 0)
(1.01735 5.34576e-06 0)
(1.01734 5.84905e-06 0)
(1.01734 5.94338e-06 0)
(1.01734 5.56517e-06 0)
(1.01733 4.69696e-06 0)
(1.01733 3.38303e-06 0)
(1.01733 1.71084e-06 0)
(1.01733 -1.81236e-07 0)
(1.01733 -2.12796e-06 0)
(1.01733 -3.95849e-06 0)
(1.01733 -5.49196e-06 0)
(1.01734 -6.55525e-06 0)
(1.01734 -6.96551e-06 0)
(1.01735 -6.59151e-06 0)
(1.01735 -5.42271e-06 0)
(1.01735 -3.62908e-06 0)
(1.01736 -1.50746e-06 0)
(1.01736 5.80329e-07 0)
(1.01736 2.32527e-06 0)
(1.01735 3.47658e-06 0)
(1.01735 3.84438e-06 0)
(1.01735 3.33407e-06 0)
(1.01735 2.03723e-06 0)
(1.01735 2.94472e-07 0)
(1.01735 -1.35965e-06 0)
(1.01735 -2.35711e-06 0)
(1.01735 -2.27619e-06 0)
(1.01735 -9.77856e-07 0)
(1.01735 1.55504e-06 0)
(1.01735 5.06481e-06 0)
(1.01734 9.82774e-06 0)
(1.01733 1.50695e-05 0)
(1.01732 2.25665e-05 0)
(1.0173 2.5168e-05 0)
(1.06583 0.200386 0)
(1.16496 0.222139 0)
(1.16726 0.191856 0)
(1.16017 0.129621 0)
(1.13684 0.0819144 0)
(1.12139 0.0478014 0)
(1.10969 0.0262843 0)
(1.10318 0.0134245 0)
(1.09948 0.0062713 0)
(1.09772 0.00256652 0)
(1.09693 0.000818152 0)
(1.09664 9.38833e-05 0)
(1.09657 -0.000142604 0)
(1.09658 -0.000175301 0)
(1.09661 -0.000140403 0)
(1.09664 -9.50139e-05 0)
(1.09666 -5.82405e-05 0)
(1.09667 -3.32323e-05 0)
(1.09668 -1.78419e-05 0)
(1.09669 -8.98152e-06 0)
(1.09669 -4.16628e-06 0)
(1.09669 -1.72217e-06 0)
(1.09669 -6.26282e-07 0)
(1.09669 -2.53857e-07 0)
(1.09669 -2.62152e-07 0)
(1.09669 -4.23426e-07 0)
(1.09669 -5.94967e-07 0)
(1.09669 -6.6137e-07 0)
(1.09669 -5.62576e-07 0)
(1.09669 -2.73595e-07 0)
(1.09669 2.07392e-07 0)
(1.09669 8.34155e-07 0)
(1.09669 1.54452e-06 0)
(1.09669 2.23933e-06 0)
(1.09669 2.82883e-06 0)
(1.09669 3.25484e-06 0)
(1.09668 3.45647e-06 0)
(1.09668 3.42141e-06 0)
(1.09668 3.15376e-06 0)
(1.09668 2.67776e-06 0)
(1.09668 2.07277e-06 0)
(1.09668 1.37205e-06 0)
(1.09667 6.56226e-07 0)
(1.09667 -1.73945e-08 0)
(1.09667 -6.19438e-07 0)
(1.09668 -1.13074e-06 0)
(1.09668 -1.56223e-06 0)
(1.09668 -1.91662e-06 0)
(1.09668 -2.23476e-06 0)
(1.09668 -2.53309e-06 0)
(1.09668 -2.83424e-06 0)
(1.09668 -3.15704e-06 0)
(1.09669 -3.49074e-06 0)
(1.09669 -3.82039e-06 0)
(1.09669 -4.08671e-06 0)
(1.09669 -4.22352e-06 0)
(1.0967 -4.17873e-06 0)
(1.0967 -3.89333e-06 0)
(1.0967 -3.34585e-06 0)
(1.0967 -2.53783e-06 0)
(1.0967 -1.45949e-06 0)
(1.09671 -1.56328e-07 0)
(1.09671 1.28222e-06 0)
(1.0967 2.74987e-06 0)
(1.0967 4.15092e-06 0)
(1.0967 5.38242e-06 0)
(1.0967 6.35239e-06 0)
(1.09669 6.9499e-06 0)
(1.09669 7.06341e-06 0)
(1.09668 6.61821e-06 0)
(1.09668 5.59278e-06 0)
(1.09667 4.03728e-06 0)
(1.09667 2.0551e-06 0)
(1.09667 -1.91354e-07 0)
(1.09667 -2.50443e-06 0)
(1.09667 -4.67957e-06 0)
(1.09668 -6.50192e-06 0)
(1.09668 -7.76443e-06 0)
(1.09669 -8.25415e-06 0)
(1.09669 -7.81863e-06 0)
(1.0967 -6.44541e-06 0)
(1.0967 -4.33385e-06 0)
(1.0967 -1.83268e-06 0)
(1.0967 6.34869e-07 0)
(1.0967 2.70065e-06 0)
(1.0967 4.06634e-06 0)
(1.0967 4.50925e-06 0)
(1.0967 3.92093e-06 0)
(1.09669 2.40907e-06 0)
(1.09669 3.72357e-07 0)
(1.09669 -1.56212e-06 0)
(1.09669 -2.7298e-06 0)
(1.0967 -2.62993e-06 0)
(1.0967 -1.09932e-06 0)
(1.0967 1.88893e-06 0)
(1.09669 6.00225e-06 0)
(1.09669 1.15733e-05 0)
(1.09668 1.75506e-05 0)
(1.09667 2.61163e-05 0)
(1.09665 2.85808e-05 0)
(1.05746 0.171475 0)
(1.15932 0.208542 0)
(1.1884 0.188646 0)
(1.20025 0.131811 0)
(1.19108 0.0852028 0)
(1.18379 0.0505208 0)
(1.17672 0.0281205 0)
(1.17257 0.0145145 0)
(1.17 0.0068589 0)
(1.16871 0.00285331 0)
(1.16808 0.000942709 0)
(1.16783 0.000138846 0)
(1.16774 -0.000132278 0)
(1.16773 -0.000177628 0)
(1.16773 -0.000145767 0)
(1.16775 -9.98879e-05 0)
(1.16776 -6.17588e-05 0)
(1.16777 -3.5485e-05 0)
(1.16777 -1.91616e-05 0)
(1.16778 -9.70424e-06 0)
(1.16778 -4.52891e-06 0)
(1.16778 -1.88315e-06 0)
(1.16778 -6.94413e-07 0)
(1.16778 -2.94586e-07 0)
(1.16778 -3.11193e-07 0)
(1.16778 -4.93591e-07 0)
(1.16778 -6.85854e-07 0)
(1.16778 -7.61815e-07 0)
(1.16778 -6.44057e-07 0)
(1.16778 -3.06166e-07 0)
(1.16778 2.53619e-07 0)
(1.16778 9.80965e-07 0)
(1.16778 1.79848e-06 0)
(1.16778 2.60257e-06 0)
(1.16778 3.28722e-06 0)
(1.16778 3.78076e-06 0)
(1.16777 4.01605e-06 0)
(1.16777 3.97737e-06 0)
(1.16777 3.67174e-06 0)
(1.16777 3.12228e-06 0)
(1.16777 2.4201e-06 0)
(1.16776 1.61223e-06 0)
(1.16776 7.82602e-07 0)
(1.16776 -3.93846e-09 0)
(1.16776 -7.08968e-07 0)
(1.16776 -1.30791e-06 0)
(1.16777 -1.81337e-06 0)
(1.16777 -2.23045e-06 0)
(1.16777 -2.60466e-06 0)
(1.16777 -2.95566e-06 0)
(1.16777 -3.3069e-06 0)
(1.16777 -3.68075e-06 0)
(1.16778 -4.06548e-06 0)
(1.16778 -4.44332e-06 0)
(1.16778 -4.74873e-06 0)
(1.16778 -4.90379e-06 0)
(1.16779 -4.84833e-06 0)
(1.16779 -4.51778e-06 0)
(1.16779 -3.88414e-06 0)
(1.16779 -2.94721e-06 0)
(1.16779 -1.70053e-06 0)
(1.16779 -1.94861e-07 0)
(1.16779 1.47108e-06 0)
(1.16779 3.17326e-06 0)
(1.16779 4.79822e-06 0)
(1.16779 6.22705e-06 0)
(1.16778 7.35121e-06 0)
(1.16778 8.04377e-06 0)
(1.16778 8.17832e-06 0)
(1.16777 7.66918e-06 0)
(1.16777 6.49036e-06 0)
(1.16776 4.69711e-06 0)
(1.16776 2.40838e-06 0)
(1.16776 -1.89866e-07 0)
(1.16776 -2.86789e-06 0)
(1.16776 -5.38688e-06 0)
(1.16777 -7.49809e-06 0)
(1.16777 -8.96054e-06 0)
(1.16778 -9.53155e-06 0)
(1.16778 -9.03873e-06 0)
(1.16779 -7.46762e-06 0)
(1.16779 -5.04524e-06 0)
(1.16779 -2.17093e-06 0)
(1.16779 6.71916e-07 0)
(1.16779 3.0568e-06 0)
(1.16779 4.63768e-06 0)
(1.16779 5.1586e-06 0)
(1.16779 4.49819e-06 0)
(1.16778 2.78e-06 0)
(1.16778 4.5833e-07 0)
(1.16778 -1.74955e-06 0)
(1.16778 -3.08475e-06 0)
(1.16779 -2.96868e-06 0)
(1.16779 -1.21371e-06 0)
(1.16779 2.21597e-06 0)
(1.16778 6.91099e-06 0)
(1.16778 1.32495e-05 0)
(1.16777 1.99044e-05 0)
(1.16776 2.94266e-05 0)
(1.16774 3.17431e-05 0)
(1.04895 0.144907 0)
(1.15029 0.191399 0)
(1.20109 0.180306 0)
(1.23049 0.12984 0)
(1.23544 0.0856652 0)
(1.23682 0.0515507 0)
(1.23488 0.0290194 0)
(1.23346 0.0151251 0)
(1.23224 0.00722191 0)
(1.23155 0.00304764 0)
(1.23114 0.00103713 0)
(1.23094 0.000179642 0)
(1.23085 -0.000117504 0)
(1.23081 -0.000174156 0)
(1.2308 -0.000146438 0)
(1.2308 -0.000101583 0)
(1.2308 -6.33347e-05 0)
(1.2308 -3.6642e-05 0)
(1.2308 -1.99001e-05 0)
(1.2308 -1.01327e-05 0)
(1.23081 -4.755e-06 0)
(1.23081 -1.98752e-06 0)
(1.23081 -7.3932e-07 0)
(1.23081 -3.26491e-07 0)
(1.23081 -3.5809e-07 0)
(1.23081 -5.63126e-07 0)
(1.23081 -7.74524e-07 0)
(1.23081 -8.59265e-07 0)
(1.23081 -7.22908e-07 0)
(1.23081 -3.36681e-07 0)
(1.23081 2.99834e-07 0)
(1.23081 1.12576e-06 0)
(1.23081 2.04794e-06 0)
(1.23081 2.95798e-06 0)
(1.2308 3.73575e-06 0)
(1.2308 4.29654e-06 0)
(1.2308 4.5652e-06 0)
(1.2308 4.52183e-06 0)
(1.2308 4.17956e-06 0)
(1.23079 3.56072e-06 0)
(1.23079 2.76412e-06 0)
(1.23079 1.85105e-06 0)
(1.23079 9.10305e-07 0)
(1.23079 1.30974e-08 0)
(1.23079 -7.93942e-07 0)
(1.23079 -1.48009e-06 0)
(1.23079 -2.05901e-06 0)
(1.23079 -2.53818e-06 0)
(1.23079 -2.96793e-06 0)
(1.2308 -3.37131e-06 0)
(1.2308 -3.7714e-06 0)
(1.2308 -4.19415e-06 0)
(1.2308 -4.6277e-06 0)
(1.2308 -5.05125e-06 0)
(1.23081 -5.39381e-06 0)
(1.23081 -5.56614e-06 0)
(1.23081 -5.50002e-06 0)
(1.23081 -5.12575e-06 0)
(1.23082 -4.40935e-06 0)
(1.23082 -3.34845e-06 0)
(1.23082 -1.93926e-06 0)
(1.23082 -2.38128e-07 0)
(1.23082 1.6477e-06 0)
(1.23082 3.57815e-06 0)
(1.23082 5.42193e-06 0)
(1.23081 7.04369e-06 0)
(1.23081 8.31876e-06 0)
(1.23081 9.10512e-06 0)
(1.2308 9.26219e-06 0)
(1.2308 8.69375e-06 0)
(1.23079 7.36904e-06 0)
(1.23079 5.34737e-06 0)
(1.23079 2.76257e-06 0)
(1.23079 -1.76802e-07 0)
(1.23079 -3.21002e-06 0)
(1.23079 -6.06435e-06 0)
(1.23079 -8.4579e-06 0)
(1.2308 -1.01165e-05 0)
(1.2308 -1.07688e-05 0)
(1.23081 -1.02239e-05 0)
(1.23081 -8.46567e-06 0)
(1.23082 -5.74649e-06 0)
(1.23082 -2.51364e-06 0)
(1.23082 6.91756e-07 0)
(1.23082 3.38683e-06 0)
(1.23082 5.17887e-06 0)
(1.23081 5.77883e-06 0)
(1.23081 5.05324e-06 0)
(1.23081 3.14127e-06 0)
(1.23081 5.49378e-07 0)
(1.23081 -1.91941e-06 0)
(1.23081 -3.41594e-06 0)
(1.23081 -3.28691e-06 0)
(1.23081 -1.32084e-06 0)
(1.23081 2.52561e-06 0)
(1.23081 7.7666e-06 0)
(1.2308 1.48132e-05 0)
(1.2308 2.20743e-05 0)
(1.23079 3.24208e-05 0)
(1.23077 3.45924e-05 0)
(1.04102 0.120866 0)
(1.13968 0.171755 0)
(1.20761 0.167619 0)
(1.25265 0.123975 0)
(1.27112 0.0833084 0)
(1.28124 0.0508101 0)
(1.28467 0.028898 0)
(1.28618 0.0151962 0)
(1.28646 0.00732341 0)
(1.28646 0.00312931 0)
(1.28632 0.00109143 0)
(1.2862 0.000211881 0)
(1.28611 -9.99296e-05 0)
(1.28605 -0.000165328 0)
(1.28602 -0.000142402 0)
(1.286 -9.99695e-05 0)
(1.28599 -6.28392e-05 0)
(1.28599 -3.66049e-05 0)
(1.28599 -1.9996e-05 0)
(1.28599 -1.02314e-05 0)
(1.28599 -4.8217e-06 0)
(1.28599 -2.02307e-06 0)
(1.28599 -7.56424e-07 0)
(1.28599 -3.46843e-07 0)
(1.28599 -4.00713e-07 0)
(1.28599 -6.31344e-07 0)
(1.28599 -8.60514e-07 0)
(1.28599 -9.52221e-07 0)
(1.28599 -7.97613e-07 0)
(1.28599 -3.64617e-07 0)
(1.28599 3.44734e-07 0)
(1.28599 1.26485e-06 0)
(1.28599 2.28762e-06 0)
(1.28599 3.29876e-06 0)
(1.28599 4.16503e-06 0)
(1.28598 4.79036e-06 0)
(1.28598 5.09179e-06 0)
(1.28598 5.04324e-06 0)
(1.28598 4.66559e-06 0)
(1.28598 3.9824e-06 0)
(1.28598 3.09678e-06 0)
(1.28597 2.08285e-06 0)
(1.28597 1.03558e-06 0)
(1.28597 3.22972e-08 0)
(1.28597 -8.7305e-07 0)
(1.28597 -1.64367e-06 0)
(1.28597 -2.29396e-06 0)
(1.28598 -2.83338e-06 0)
(1.28598 -3.3165e-06 0)
(1.28598 -3.77032e-06 0)
(1.28598 -4.21689e-06 0)
(1.28598 -4.68529e-06 0)
(1.28598 -5.16418e-06 0)
(1.28599 -5.62982e-06 0)
(1.28599 -6.0067e-06 0)
(1.28599 -6.195e-06 0)
(1.28599 -6.11852e-06 0)
(1.286 -5.70291e-06 0)
(1.286 -4.90891e-06 0)
(1.286 -3.73197e-06 0)
(1.286 -2.17e-06 0)
(1.286 -2.84744e-07 0)
(1.286 1.80854e-06 0)
(1.286 3.95566e-06 0)
(1.286 6.00815e-06 0)
(1.286 7.81412e-06 0)
(1.28599 9.23333e-06 0)
(1.28599 1.01101e-05 0)
(1.28598 1.02906e-05 0)
(1.28598 9.6687e-06 0)
(1.28598 8.20871e-06 0)
(1.28597 5.97293e-06 0)
(1.28597 3.10895e-06 0)
(1.28597 -1.53372e-07 0)
(1.28597 -3.5242e-06 0)
(1.28597 -6.69798e-06 0)
(1.28598 -9.361e-06 0)
(1.28598 -1.12076e-05 0)
(1.28599 -1.1939e-05 0)
(1.28599 -1.13478e-05 0)
(1.28599 -9.41661e-06 0)
(1.286 -6.42071e-06 0)
(1.286 -2.85141e-06 0)
(1.286 6.96155e-07 0)
(1.286 3.68568e-06 0)
(1.286 5.68001e-06 0)
(1.286 6.35787e-06 0)
(1.28599 5.5744e-06 0)
(1.28599 3.48414e-06 0)
(1.28599 6.41662e-07 0)
(1.28599 -2.07051e-06 0)
(1.28599 -3.71878e-06 0)
(1.28599 -3.58003e-06 0)
(1.28599 -1.42036e-06 0)
(1.28599 2.80906e-06 0)
(1.28599 8.5485e-06 0)
(1.28599 1.62285e-05 0)
(1.28598 2.4014e-05 0)
(1.28597 3.50387e-05 0)
(1.28596 3.70783e-05 0)
(1.03402 0.0993 0)
(1.12878 0.150436 0)
(1.2098 0.151354 0)
(1.26838 0.114591 0)
(1.29929 0.0782554 0)
(1.31784 0.048303 0)
(1.32661 0.0277262 0)
(1.33113 0.0146964 0)
(1.33297 0.00714089 0)
(1.3337 0.00308456 0)
(1.33386 0.00109815 0)
(1.33384 0.000231868 0)
(1.33376 -8.11962e-05 0)
(1.33369 -0.000151777 0)
(1.33364 -0.000133847 0)
(1.33361 -9.50635e-05 0)
(1.33359 -6.02398e-05 0)
(1.33358 -3.5332e-05 0)
(1.33357 -1.94167e-05 0)
(1.33357 -9.98054e-06 0)
(1.33357 -4.71533e-06 0)
(1.33357 -1.98031e-06 0)
(1.33357 -7.42133e-07 0)
(1.33357 -3.54677e-07 0)
(1.33357 -4.3759e-07 0)
(1.33357 -6.9701e-07 0)
(1.33357 -9.43153e-07 0)
(1.33357 -1.0394e-06 0)
(1.33357 -8.66931e-07 0)
(1.33357 -3.89714e-07 0)
(1.33357 3.87268e-07 0)
(1.33357 1.39516e-06 0)
(1.33357 2.51253e-06 0)
(1.33357 3.6184e-06 0)
(1.33357 4.56662e-06 0)
(1.33356 5.25145e-06 0)
(1.33356 5.58405e-06 0)
(1.33356 5.53058e-06 0)
(1.33356 5.11926e-06 0)
(1.33356 4.37719e-06 0)
(1.33356 3.40984e-06 0)
(1.33355 2.30184e-06 0)
(1.33355 1.15476e-06 0)
(1.33355 5.21292e-08 0)
(1.33355 -9.45526e-07 0)
(1.33355 -1.79558e-06 0)
(1.33355 -2.51339e-06 0)
(1.33356 -3.10994e-06 0)
(1.33356 -3.64292e-06 0)
(1.33356 -4.14371e-06 0)
(1.33356 -4.63309e-06 0)
(1.33356 -5.14287e-06 0)
(1.33356 -5.66268e-06 0)
(1.33356 -6.16577e-06 0)
(1.33357 -6.57327e-06 0)
(1.33357 -6.77592e-06 0)
(1.33357 -6.68967e-06 0)
(1.33357 -6.23596e-06 0)
(1.33358 -5.37102e-06 0)
(1.33358 -4.0885e-06 0)
(1.33358 -2.38701e-06 0)
(1.33358 -3.32907e-07 0)
(1.33358 1.95106e-06 0)
(1.33358 4.29832e-06 0)
(1.33358 6.54464e-06 0)
(1.33357 8.52201e-06 0)
(1.33357 1.00753e-05 0)
(1.33357 1.10368e-05 0)
(1.33356 1.1241e-05 0)
(1.33356 1.05724e-05 0)
(1.33356 8.99033e-06 0)
(1.33355 6.55904e-06 0)
(1.33355 3.43851e-06 0)
(1.33355 -1.21784e-07 0)
(1.33355 -3.80539e-06 0)
(1.33355 -7.27589e-06 0)
(1.33356 -1.01896e-05 0)
(1.33356 -1.22116e-05 0)
(1.33356 -1.30177e-05 0)
(1.33357 -1.23862e-05 0)
(1.33357 -1.02988e-05 0)
(1.33357 -7.05138e-06 0)
(1.33358 -3.17437e-06 0)
(1.33358 6.88038e-07 0)
(1.33358 3.95e-06 0)
(1.33358 6.13296e-06 0)
(1.33357 6.88523e-06 0)
(1.33357 6.05114e-06 0)
(1.33357 3.80023e-06 0)
(1.33357 7.30826e-07 0)
(1.33357 -2.20274e-06 0)
(1.33357 -3.98991e-06 0)
(1.33357 -3.84426e-06 0)
(1.33357 -1.51169e-06 0)
(1.33357 3.05947e-06 0)
(1.33357 9.24008e-06 0)
(1.33357 1.7467e-05 0)
(1.33356 2.56874e-05 0)
(1.33356 3.72355e-05 0)
(1.33354 3.91624e-05 0)
(1.02809 0.0800083 0)
(1.11848 0.128069 0)
(1.20922 0.13222 0)
(1.27913 0.102128 0)
(1.32109 0.0707226 0)
(1.34742 0.0441112 0)
(1.36125 0.0255249 0)
(1.36868 0.0136245 0)
(1.37208 0.00666769 0)
(1.37355 0.0029072 0)
(1.37402 0.00105293 0)
(1.37411 0.000236977 0)
(1.37405 -6.27535e-05 0)
(1.37396 -0.000134249 0)
(1.37389 -0.000121124 0)
(1.37385 -8.70172e-05 0)
(1.37382 -5.55968e-05 0)
(1.3738 -3.2841e-05 0)
(1.37379 -1.81618e-05 0)
(1.37379 -9.37766e-06 0)
(1.37379 -4.43309e-06 0)
(1.37379 -1.85499e-06 0)
(1.37379 -6.94267e-07 0)
(1.37379 -3.50246e-07 0)
(1.37379 -4.6811e-07 0)
(1.37379 -7.58361e-07 0)
(1.37379 -1.02118e-06 0)
(1.37379 -1.11969e-06 0)
(1.37379 -9.29898e-07 0)
(1.37379 -4.11895e-07 0)
(1.37379 4.26531e-07 0)
(1.37379 1.51432e-06 0)
(1.37379 2.71821e-06 0)
(1.37378 3.91055e-06 0)
(1.37378 4.93282e-06 0)
(1.37378 5.67031e-06 0)
(1.37378 6.03114e-06 0)
(1.37378 5.97341e-06 0)
(1.37378 5.5309e-06 0)
(1.37378 4.7359e-06 0)
(1.37377 3.69537e-06 0)
(1.37377 2.50218e-06 0)
(1.37377 1.26425e-06 0)
(1.37377 7.11021e-08 0)
(1.37377 -1.01089e-06 0)
(1.37377 -1.93341e-06 0)
(1.37377 -2.71299e-06 0)
(1.37377 -3.36217e-06 0)
(1.37378 -3.94031e-06 0)
(1.37378 -4.48331e-06 0)
(1.37378 -5.01066e-06 0)
(1.37378 -5.55651e-06 0)
(1.37378 -6.11201e-06 0)
(1.37378 -6.64719e-06 0)
(1.37378 -7.08082e-06 0)
(1.37379 -7.29578e-06 0)
(1.37379 -7.20061e-06 0)
(1.37379 -6.71288e-06 0)
(1.37379 -5.78495e-06 0)
(1.37379 -4.40933e-06 0)
(1.37379 -2.58464e-06 0)
(1.37379 -3.80531e-07 0)
(1.37379 2.07352e-06 0)
(1.37379 4.6001e-06 0)
(1.37379 7.02093e-06 0)
(1.37379 9.15308e-06 0)
(1.37379 1.08274e-05 0)
(1.37378 1.18659e-05 0)
(1.37378 1.20932e-05 0)
(1.37378 1.13851e-05 0)
(1.37378 9.69627e-06 0)
(1.37377 7.09173e-06 0)
(1.37377 3.74226e-06 0)
(1.37377 -8.49901e-08 0)
(1.37377 -4.05001e-06 0)
(1.37377 -7.78822e-06 0)
(1.37378 -1.09282e-05 0)
(1.37378 -1.31089e-05 0)
(1.37378 -1.39832e-05 0)
(1.37379 -1.3317e-05 0)
(1.37379 -1.10924e-05 0)
(1.37379 -7.62276e-06 0)
(1.37379 -3.4726e-06 0)
(1.37379 6.71125e-07 0)
(1.37379 4.17782e-06 0)
(1.37379 6.53127e-06 0)
(1.37379 7.35194e-06 0)
(1.37379 6.47415e-06 0)
(1.37379 4.08173e-06 0)
(1.37379 8.12312e-07 0)
(1.37379 -2.31676e-06 0)
(1.37379 -4.22696e-06 0)
(1.37379 -4.07648e-06 0)
(1.37379 -1.59404e-06 0)
(1.37379 3.27185e-06 0)
(1.37379 9.82864e-06 0)
(1.37378 1.85068e-05 0)
(1.37378 2.70681e-05 0)
(1.37378 3.89803e-05 0)
(1.37377 4.08174e-05 0)
(1.02327 0.0627026 0)
(1.10934 0.105102 0)
(1.20709 0.11085 0)
(1.28618 0.0870629 0)
(1.33754 0.0609981 0)
(1.37074 0.0383832 0)
(1.38914 0.0223636 0)
(1.39925 0.012009 0)
(1.40409 0.00591353 0)
(1.40626 0.00259917 0)
(1.40704 0.000955065 0)
(1.40723 0.000225911 0)
(1.4072 -4.5714e-05 0)
(1.4071 -0.000113519 0)
(1.40702 -0.000104716 0)
(1.40696 -7.61038e-05 0)
(1.40692 -4.90569e-05 0)
(1.4069 -2.92068e-05 0)
(1.40689 -1.62645e-05 0)
(1.40688 -8.43739e-06 0)
(1.40688 -3.98275e-06 0)
(1.40688 -1.64954e-06 0)
(1.40688 -6.12848e-07 0)
(1.40688 -3.34304e-07 0)
(1.40688 -4.92338e-07 0)
(1.40688 -8.13584e-07 0)
(1.40688 -1.0928e-06 0)
(1.40688 -1.19198e-06 0)
(1.40688 -9.85783e-07 0)
(1.40688 -4.31101e-07 0)
(1.40688 4.61747e-07 0)
(1.40688 1.6204e-06 0)
(1.40688 2.90093e-06 0)
(1.40688 4.16936e-06 0)
(1.40688 5.25645e-06 0)
(1.40687 6.0387e-06 0)
(1.40687 6.42354e-06 0)
(1.40687 6.36213e-06 0)
(1.40687 5.89168e-06 0)
(1.40687 5.05036e-06 0)
(1.40687 3.94615e-06 0)
(1.40687 2.67833e-06 0)
(1.40687 1.36049e-06 0)
(1.40687 8.7777e-08 0)
(1.40687 -1.06876e-06 0)
(1.40687 -2.05517e-06 0)
(1.40687 -2.88907e-06 0)
(1.40687 -3.58492e-06 0)
(1.40687 -4.20244e-06 0)
(1.40687 -4.78186e-06 0)
(1.40687 -5.34132e-06 0)
(1.40687 -5.91694e-06 0)
(1.40687 -6.50216e-06 0)
(1.40688 -7.06362e-06 0)
(1.40688 -7.51832e-06 0)
(1.40688 -7.74315e-06 0)
(1.40688 -7.64003e-06 0)
(1.40688 -7.12309e-06 0)
(1.40688 -6.14128e-06 0)
(1.40688 -4.68666e-06 0)
(1.40689 -2.75756e-06 0)
(1.40689 -4.25377e-07 0)
(1.40689 2.17489e-06 0)
(1.40689 4.85629e-06 0)
(1.40688 7.42838e-06 0)
(1.40688 9.69517e-06 0)
(1.40688 1.14747e-05 0)
(1.40688 1.25806e-05 0)
(1.40687 1.28294e-05 0)
(1.40687 1.20894e-05 0)
(1.40687 1.03107e-05 0)
(1.40687 7.55816e-06 0)
(1.40687 4.01163e-06 0)
(1.40687 -4.63845e-08 0)
(1.40687 -4.25569e-06 0)
(1.40687 -8.22704e-06 0)
(1.40687 -1.15642e-05 0)
(1.40687 -1.38829e-05 0)
(1.40687 -1.48165e-05 0)
(1.40688 -1.41211e-05 0)
(1.40688 -1.17795e-05 0)
(1.40688 -8.12047e-06 0)
(1.40688 -3.73654e-06 0)
(1.40688 6.49552e-07 0)
(1.40688 4.36826e-06 0)
(1.40688 6.86994e-06 0)
(1.40688 7.75058e-06 0)
(1.40688 6.83541e-06 0)
(1.40688 4.32167e-06 0)
(1.40688 8.81673e-07 0)
(1.40688 -2.41372e-06 0)
(1.40688 -4.42835e-06 0)
(1.40688 -4.27416e-06 0)
(1.40688 -1.66639e-06 0)
(1.40688 3.44286e-06 0)
(1.40688 1.03052e-05 0)
(1.40688 1.93327e-05 0)
(1.40687 2.81389e-05 0)
(1.40687 4.02552e-05 0)
(1.40686 4.20271e-05 0)
(1.01952 0.0470469 0)
(1.10174 0.0818392 0)
(1.20434 0.0877928 0)
(1.29055 0.0698815 0)
(1.34956 0.0494235 0)
(1.3885 0.0313242 0)
(1.41078 0.0183545 0)
(1.42321 0.00990616 0)
(1.42931 0.00490397 0)
(1.4321 0.00217055 0)
(1.43315 0.000807544 0)
(1.43344 0.000198849 0)
(1.43343 -3.07563e-05 0)
(1.43333 -9.03358e-05 0)
(1.43323 -8.52027e-05 0)
(1.43316 -6.27004e-05 0)
(1.43312 -4.08432e-05 0)
(1.43309 -2.45552e-05 0)
(1.43308 -1.37904e-05 0)
(1.43307 -7.19129e-06 0)
(1.43307 -3.38105e-06 0)
(1.43306 -1.37257e-06 0)
(1.43306 -5.00652e-07 0)
(1.43306 -3.07796e-07 0)
(1.43306 -5.10645e-07 0)
(1.43306 -8.6134e-07 0)
(1.43306 -1.1561e-06 0)
(1.43306 -1.25517e-06 0)
(1.43306 -1.034e-06 0)
(1.43306 -4.47199e-07 0)
(1.43306 4.92303e-07 0)
(1.43306 1.71171e-06 0)
(1.43306 3.05754e-06 0)
(1.43306 4.38964e-06 0)
(1.43306 5.53097e-06 0)
(1.43306 6.34947e-06 0)
(1.43306 6.75324e-06 0)
(1.43306 6.68835e-06 0)
(1.43306 6.19372e-06 0)
(1.43306 5.31338e-06 0)
(1.43305 4.15594e-06 0)
(1.43305 2.82535e-06 0)
(1.43305 1.44018e-06 0)
(1.43305 1.00755e-07 0)
(1.43305 -1.11874e-06 0)
(1.43305 -2.15915e-06 0)
(1.43305 -3.03854e-06 0)
(1.43306 -3.77371e-06 0)
(1.43306 -4.42376e-06 0)
(1.43306 -5.03292e-06 0)
(1.43306 -5.61797e-06 0)
(1.43306 -6.21626e-06 0)
(1.43306 -6.82453e-06 0)
(1.43306 -7.40618e-06 0)
(1.43306 -7.87655e-06 0)
(1.43306 -8.10844e-06 0)
(1.43306 -7.99838e-06 0)
(1.43307 -7.45762e-06 0)
(1.43307 -6.43207e-06 0)
(1.43307 -4.91383e-06 0)
(1.43307 -2.90097e-06 0)
(1.43307 -4.65188e-07 0)
(1.43307 2.2546e-06 0)
(1.43307 5.06332e-06 0)
(1.43307 7.76013e-06 0)
(1.43307 1.01383e-05 0)
(1.43306 1.20049e-05 0)
(1.43306 1.31667e-05 0)
(1.43306 1.34347e-05 0)
(1.43306 1.26704e-05 0)
(1.43306 1.08198e-05 0)
(1.43305 7.94703e-06 0)
(1.43305 4.23876e-06 0)
(1.43305 -9.48058e-09 0)
(1.43305 -4.42106e-06 0)
(1.43305 -8.58614e-06 0)
(1.43306 -1.2087e-05 0)
(1.43306 -1.45197e-05 0)
(1.43306 -1.55018e-05 0)
(1.43306 -1.4782e-05 0)
(1.43306 -1.23451e-05 0)
(1.43307 -8.53193e-06 0)
(1.43307 -3.95747e-06 0)
(1.43307 6.27491e-07 0)
(1.43307 4.52117e-06 0)
(1.43307 7.14528e-06 0)
(1.43307 8.07516e-06 0)
(1.43306 7.12828e-06 0)
(1.43306 4.51411e-06 0)
(1.43306 9.34885e-07 0)
(1.43306 -2.49498e-06 0)
(1.43306 -4.59307e-06 0)
(1.43306 -4.43532e-06 0)
(1.43307 -1.7276e-06 0)
(1.43307 3.5706e-06 0)
(1.43306 1.06641e-05 0)
(1.43306 1.99353e-05 0)
(1.43306 2.88899e-05 0)
(1.43306 4.10539e-05 0)
(1.43306 4.27852e-05 0)
(1.01678 0.0326821 0)
(1.09591 0.0584632 0)
(1.2017 0.0635173 0)
(1.29311 0.0510697 0)
(1.35789 0.036378 0)
(1.40127 0.0231845 0)
(1.4266 0.0136466 0)
(1.44086 0.00739661 0)
(1.44798 0.00367899 0)
(1.45128 0.00163901 0)
(1.45255 0.000616958 0)
(1.45292 0.000157437 0)
(1.45293 -1.80861e-05 0)
(1.45283 -6.53808e-05 0)
(1.45272 -6.32229e-05 0)
(1.45264 -4.72683e-05 0)
(1.45259 -3.12453e-05 0)
(1.45256 -1.90554e-05 0)
(1.45254 -1.08324e-05 0)
(1.45253 -5.68622e-06 0)
(1.45253 -2.65178e-06 0)
(1.45253 -1.03692e-06 0)
(1.45253 -3.62982e-07 0)
(1.45253 -2.7196e-07 0)
(1.45253 -5.23396e-07 0)
(1.45253 -9.0097e-07 0)
(1.45253 -1.20957e-06 0)
(1.45253 -1.30813e-06 0)
(1.45253 -1.074e-06 0)
(1.45253 -4.59973e-07 0)
(1.45253 5.17765e-07 0)
(1.45253 1.7867e-06 0)
(1.45253 3.18529e-06 0)
(1.45253 4.56707e-06 0)
(1.45253 5.75067e-06 0)
(1.45253 6.59643e-06 0)
(1.45252 7.01359e-06 0)
(1.45252 6.94511e-06 0)
(1.45252 6.43034e-06 0)
(1.45252 5.51882e-06 0)
(1.45252 4.31946e-06 0)
(1.45252 2.93914e-06 0)
(1.45252 1.5005e-06 0)
(1.45252 1.08722e-07 0)
(1.45252 -1.16049e-06 0)
(1.45252 -2.24378e-06 0)
(1.45252 -3.1588e-06 0)
(1.45252 -3.92482e-06 0)
(1.45252 -4.59955e-06 0)
(1.45252 -5.23102e-06 0)
(1.45252 -5.83465e-06 0)
(1.45252 -6.44806e-06 0)
(1.45253 -7.07206e-06 0)
(1.45253 -7.66757e-06 0)
(1.45253 -8.14815e-06 0)
(1.45253 -8.38408e-06 0)
(1.45253 -8.26803e-06 0)
(1.45253 -7.70927e-06 0)
(1.45253 -6.65096e-06 0)
(1.45253 -5.08547e-06 0)
(1.45253 -3.01083e-06 0)
(1.45253 -4.97849e-07 0)
(1.45253 2.31248e-06 0)
(1.45253 5.2186e-06 0)
(1.45253 8.01095e-06 0)
(1.45253 1.04747e-05 0)
(1.45253 1.24082e-05 0)
(1.45253 1.36132e-05 0)
(1.45253 1.38969e-05 0)
(1.45252 1.31158e-05 0)
(1.45252 1.12124e-05 0)
(1.45252 8.24885e-06 0)
(1.45252 4.41692e-06 0)
(1.45252 2.24191e-08 0)
(1.45252 -4.54546e-06 0)
(1.45252 -8.86084e-06 0)
(1.45252 -1.24885e-05 0)
(1.45252 -1.50085e-05 0)
(1.45253 -1.60263e-05 0)
(1.45253 -1.52866e-05 0)
(1.45253 -1.27768e-05 0)
(1.45253 -8.84674e-06 0)
(1.45253 -4.12792e-06 0)
(1.45253 6.08778e-07 0)
(1.45253 4.63684e-06 0)
(1.45253 7.35463e-06 0)
(1.45253 8.32102e-06 0)
(1.45253 7.3475e-06 0)
(1.45253 4.65432e-06 0)
(1.45253 9.68647e-07 0)
(1.45253 -2.56174e-06 0)
(1.45253 -4.72042e-06 0)
(1.45253 -4.55838e-06 0)
(1.45253 -1.77648e-06 0)
(1.45253 3.65438e-06 0)
(1.45253 1.09024e-05 0)
(1.45253 2.03102e-05 0)
(1.45253 2.93185e-05 0)
(1.45253 4.13797e-05 0)
(1.45253 4.30941e-05 0)
(1.01499 0.0192403 0)
(1.09196 0.0350686 0)
(1.19967 0.0384241 0)
(1.29447 0.0311044 0)
(1.36312 0.0222662 0)
(1.40951 0.0142488 0)
(1.43695 0.00841817 0)
(1.45249 0.00458129 0)
(1.46031 0.00229071 0)
(1.46396 0.00102876 0)
(1.46539 0.000393037 0)
(1.46582 0.000104647 0)
(1.46584 -7.45972e-06 0)
(1.46574 -3.92506e-05 0)
(1.46563 -3.94561e-05 0)
(1.46555 -3.03327e-05 0)
(1.46549 -2.06066e-05 0)
(1.46546 -1.29118e-05 0)
(1.46544 -7.50528e-06 0)
(1.46543 -3.98168e-06 0)
(1.46543 -1.82417e-06 0)
(1.46542 -6.57738e-07 0)
(1.46542 -2.06724e-07 0)
(1.46542 -2.28492e-07 0)
(1.46542 -5.30855e-07 0)
(1.46542 -9.3232e-07 0)
(1.46542 -1.25223e-06 0)
(1.46542 -1.34982e-06 0)
(1.46542 -1.10516e-06 0)
(1.46542 -4.69168e-07 0)
(1.46542 5.37833e-07 0)
(1.46542 1.84392e-06 0)
(1.46542 3.2817e-06 0)
(1.46542 4.69814e-06 0)
(1.46542 5.91091e-06 0)
(1.46542 6.77451e-06 0)
(1.46542 7.19934e-06 0)
(1.46542 7.12693e-06 0)
(1.46542 6.59624e-06 0)
(1.46542 5.66177e-06 0)
(1.46542 4.43255e-06 0)
(1.46542 3.0166e-06 0)
(1.46542 1.53933e-06 0)
(1.46542 1.10597e-07 0)
(1.46542 -1.19374e-06 0)
(1.46542 -2.30767e-06 0)
(1.46542 -3.24769e-06 0)
(1.46542 -4.03526e-06 0)
(1.46542 -4.72606e-06 0)
(1.46542 -5.37171e-06 0)
(1.46542 -5.98664e-06 0)
(1.46542 -6.60744e-06 0)
(1.46542 -7.23945e-06 0)
(1.46542 -7.84226e-06 0)
(1.46542 -8.32767e-06 0)
(1.46542 -8.56456e-06 0)
(1.46542 -8.44344e-06 0)
(1.46542 -7.87272e-06 0)
(1.46542 -6.79326e-06 0)
(1.46542 -5.19767e-06 0)
(1.46542 -3.08406e-06 0)
(1.46542 -5.21565e-07 0)
(1.46542 2.34862e-06 0)
(1.46542 5.32039e-06 0)
(1.46542 8.17719e-06 0)
(1.46542 1.06987e-05 0)
(1.46542 1.26773e-05 0)
(1.46542 1.39117e-05 0)
(1.46542 1.42072e-05 0)
(1.46542 1.34166e-05 0)
(1.46542 1.14796e-05 0)
(1.46542 8.45619e-06 0)
(1.46542 4.54078e-06 0)
(1.46542 4.65276e-08 0)
(1.46542 -4.62868e-06 0)
(1.46542 -9.04781e-06 0)
(1.46542 -1.27624e-05 0)
(1.46542 -1.5341e-05 0)
(1.46542 -1.63806e-05 0)
(1.46542 -1.56249e-05 0)
(1.46542 -1.3065e-05 0)
(1.46542 -9.05694e-06 0)
(1.46542 -4.24207e-06 0)
(1.46542 5.96572e-07 0)
(1.46542 4.71574e-06 0)
(1.46542 7.49618e-06 0)
(1.46542 8.48484e-06 0)
(1.46542 7.48931e-06 0)
(1.46542 4.73893e-06 0)
(1.46542 9.8063e-07 0)
(1.46542 -2.61488e-06 0)
(1.46542 -4.80983e-06 0)
(1.46542 -4.64209e-06 0)
(1.46542 -1.81191e-06 0)
(1.46542 3.69453e-06 0)
(1.46542 1.10197e-05 0)
(1.46542 2.04577e-05 0)
(1.46542 2.9428e-05 0)
(1.46542 4.12448e-05 0)
(1.46543 4.29646e-05 0)
(1.01411 0.00635188 0)
(1.08997 0.0116872 0)
(1.19858 0.0128619 0)
(1.29504 0.0104521 0)
(1.36563 0.00750892 0)
(1.41356 0.00482589 0)
(1.44207 0.00286856 0)
(1.45825 0.00157612 0)
(1.46644 0.000800413 0)
(1.47028 0.000369014 0)
(1.47179 0.000147953 0)
(1.47225 4.45026e-05 0)
(1.47228 1.73611e-06 0)
(1.47218 -1.24655e-05 0)
(1.47207 -1.46048e-05 0)
(1.47198 -1.24646e-05 0)
(1.47192 -9.31133e-06 0)
(1.47189 -6.35566e-06 0)
(1.47187 -3.93939e-06 0)
(1.47186 -2.14658e-06 0)
(1.47185 -9.31715e-07 0)
(1.47185 -2.5115e-07 0)
(1.47185 -3.92951e-08 0)
(1.47185 -1.79502e-07 0)
(1.47185 -5.33249e-07 0)
(1.47185 -9.55407e-07 0)
(1.47185 -1.2836e-06 0)
(1.47185 -1.37932e-06 0)
(1.47185 -1.12677e-06 0)
(1.47185 -4.74524e-07 0)
(1.47185 5.52267e-07 0)
(1.47185 1.88211e-06 0)
(1.47185 3.34456e-06 0)
(1.47185 4.7801e-06 0)
(1.47185 6.00819e-06 0)
(1.47185 6.87982e-06 0)
(1.47185 7.30654e-06 0)
(1.47185 7.22984e-06 0)
(1.47185 6.6877e-06 0)
(1.47185 5.73872e-06 0)
(1.47185 4.49213e-06 0)
(1.47185 3.05561e-06 0)
(1.47185 1.55541e-06 0)
(1.47185 1.05724e-07 0)
(1.47185 -1.21825e-06 0)
(1.47185 -2.34961e-06 0)
(1.47185 -3.30337e-06 0)
(1.47185 -4.10272e-06 0)
(1.47185 -4.80053e-06 0)
(1.47185 -5.45172e-06 0)
(1.47185 -6.07042e-06 0)
(1.47185 -6.69105e-06 0)
(1.47185 -7.3232e-06 0)
(1.47185 -7.92658e-06 0)
(1.47185 -8.41156e-06 0)
(1.47185 -8.64645e-06 0)
(1.47185 -8.52119e-06 0)
(1.47185 -7.94467e-06 0)
(1.47185 -6.85605e-06 0)
(1.47185 -5.24798e-06 0)
(1.47185 -3.11867e-06 0)
(1.47185 -5.35017e-07 0)
(1.47185 2.36325e-06 0)
(1.47185 5.36766e-06 0)
(1.47185 8.25658e-06 0)
(1.47185 1.08068e-05 0)
(1.47185 1.28076e-05 0)
(1.47185 1.40567e-05 0)
(1.47185 1.43595e-05 0)
(1.47185 1.35666e-05 0)
(1.47185 1.16155e-05 0)
(1.47185 8.56391e-06 0)
(1.47185 4.60658e-06 0)
(1.47185 6.08239e-08 0)
(1.47185 -4.67072e-06 0)
(1.47185 -9.14488e-06 0)
(1.47185 -1.29048e-05 0)
(1.47185 -1.55116e-05 0)
(1.47185 -1.65583e-05 0)
(1.47185 -1.57905e-05 0)
(1.47185 -1.32037e-05 0)
(1.47185 -9.15727e-06 0)
(1.47185 -4.29601e-06 0)
(1.47185 5.9305e-07 0)
(1.47185 4.75825e-06 0)
(1.47185 7.56881e-06 0)
(1.47185 8.56445e-06 0)
(1.47185 7.5514e-06 0)
(1.47185 4.76609e-06 0)
(1.47185 9.6966e-07 0)
(1.47185 -2.6547e-06 0)
(1.47185 -4.86076e-06 0)
(1.47185 -4.68546e-06 0)
(1.47185 -1.83294e-06 0)
(1.47185 3.69209e-06 0)
(1.47185 1.10174e-05 0)
(1.47185 2.03819e-05 0)
(1.47185 2.92265e-05 0)
(1.47185 4.06689e-05 0)
(1.47186 4.24146e-05 0)
(1.01411 -0.00635226 0)
(1.08997 -0.0116857 0)
(1.19858 -0.012853 0)
(1.29504 -0.0104284 0)
(1.36563 -0.00746469 0)
(1.41356 -0.00476124 0)
(1.44207 -0.00278987 0)
(1.45826 -0.00149373 0)
(1.46645 -0.000724869 0)
(1.47029 -0.000307878 0)
(1.4718 -0.000104567 0)
(1.47227 -1.83009e-05 0)
(1.4723 1.03566e-05 0)
(1.47219 1.45071e-05 0)
(1.47208 1.06148e-05 0)
(1.47199 5.73692e-06 0)
(1.47193 2.22997e-06 0)
(1.4719 3.63049e-07 0)
(1.47188 -2.75824e-07 0)
(1.47187 -2.56156e-07 0)
(1.47187 -1.12571e-08 0)
(1.47186 1.65979e-07 0)
(1.47186 1.31915e-07 0)
(1.47186 -1.27314e-07 0)
(1.47186 -5.30849e-07 0)
(1.47186 -9.70167e-07 0)
(1.47186 -1.30329e-06 0)
(1.47186 -1.39588e-06 0)
(1.47186 -1.13811e-06 0)
(1.47186 -4.75814e-07 0)
(1.47186 5.60833e-07 0)
(1.47186 1.90022e-06 0)
(1.47186 3.37203e-06 0)
(1.47186 4.81091e-06 0)
(1.47186 6.04015e-06 0)
(1.47186 6.90978e-06 0)
(1.47186 7.33268e-06 0)
(1.47186 7.25139e-06 0)
(1.47186 6.70253e-06 0)
(1.47186 5.74774e-06 0)
(1.47186 4.49646e-06 0)
(1.47186 3.05504e-06 0)
(1.47186 1.54833e-06 0)
(1.47186 9.40025e-08 0)
(1.47186 -1.23374e-06 0)
(1.47186 -2.36866e-06 0)
(1.47186 -3.32444e-06 0)
(1.47186 -4.12557e-06 0)
(1.47186 -4.82119e-06 0)
(1.47186 -5.46905e-06 0)
(1.47186 -6.08389e-06 0)
(1.47186 -6.69701e-06 0)
(1.47186 -7.32162e-06 0)
(1.47186 -7.91879e-06 0)
(1.47186 -8.39823e-06 0)
(1.47186 -8.62839e-06 0)
(1.47186 -8.49999e-06 0)
(1.47186 -7.92386e-06 0)
(1.47186 -6.8382e-06 0)
(1.47186 -5.23547e-06 0)
(1.47186 -3.11379e-06 0)
(1.47186 -5.37477e-07 0)
(1.47186 2.35666e-06 0)
(1.47186 5.36007e-06 0)
(1.47186 8.24819e-06 0)
(1.47186 1.07974e-05 0)
(1.47186 1.27969e-05 0)
(1.47186 1.40456e-05 0)
(1.47186 1.43512e-05 0)
(1.47186 1.35629e-05 0)
(1.47186 1.16171e-05 0)
(1.47186 8.56928e-06 0)
(1.47186 4.61234e-06 0)
(1.47186 6.42215e-08 0)
(1.47186 -4.67165e-06 0)
(1.47186 -9.15093e-06 0)
(1.47186 -1.29133e-05 0)
(1.47186 -1.55174e-05 0)
(1.47186 -1.65563e-05 0)
(1.47186 -1.57801e-05 0)
(1.47186 -1.319e-05 0)
(1.47186 -9.14529e-06 0)
(1.47186 -4.28794e-06 0)
(1.47186 5.99201e-07 0)
(1.47186 4.76448e-06 0)
(1.47186 7.57199e-06 0)
(1.47186 8.5589e-06 0)
(1.47186 7.53288e-06 0)
(1.47186 4.73547e-06 0)
(1.47186 9.35831e-07 0)
(1.47186 -2.68085e-06 0)
(1.47186 -4.87261e-06 0)
(1.47186 -4.68773e-06 0)
(1.47186 -1.8389e-06 0)
(1.47186 3.64857e-06 0)
(1.47186 1.08987e-05 0)
(1.47186 2.00902e-05 0)
(1.47187 2.87269e-05 0)
(1.47187 3.9678e-05 0)
(1.47188 4.14683e-05 0)
(1.01499 -0.0192407 0)
(1.09196 -0.0350671 0)
(1.19967 -0.0384153 0)
(1.29447 -0.0310809 0)
(1.36312 -0.0222226 0)
(1.40952 -0.0141849 0)
(1.43697 -0.00834048 0)
(1.4525 -0.00449997 0)
(1.46033 -0.00221617 0)
(1.46399 -0.000968466 0)
(1.46543 -0.000350261 0)
(1.46586 -7.88333e-05 0)
(1.46588 1.93423e-05 0)
(1.46578 4.12186e-05 0)
(1.46567 3.54801e-05 0)
(1.46559 2.36616e-05 0)
(1.46553 1.35963e-05 0)
(1.4655 6.98625e-06 0)
(1.46548 3.33939e-06 0)
(1.46547 1.61129e-06 0)
(1.46546 8.98284e-07 0)
(1.46546 5.76042e-07 0)
(1.46546 2.99517e-07 0)
(1.46546 -7.43281e-08 0)
(1.46546 -5.2399e-07 0)
(1.46546 -9.76374e-07 0)
(1.46546 -1.31086e-06 0)
(1.46546 -1.39882e-06 0)
(1.46546 -1.13852e-06 0)
(1.46546 -4.72893e-07 0)
(1.46546 5.63275e-07 0)
(1.46546 1.89751e-06 0)
(1.46546 3.36275e-06 0)
(1.46546 4.78928e-06 0)
(1.46546 6.00562e-06 0)
(1.46546 6.86324e-06 0)
(1.46546 7.27674e-06 0)
(1.46546 7.19067e-06 0)
(1.46546 6.6401e-06 0)
(1.46546 5.68849e-06 0)
(1.46546 4.44519e-06 0)
(1.46546 3.0148e-06 0)
(1.46546 1.5185e-06 0)
(1.46546 7.59178e-08 0)
(1.46546 -1.23976e-06 0)
(1.46546 -2.36414e-06 0)
(1.46546 -3.30996e-06 0)
(1.46546 -4.10282e-06 0)
(1.46546 -4.78727e-06 0)
(1.46546 -5.42301e-06 0)
(1.46546 -6.02635e-06 0)
(1.46546 -6.62503e-06 0)
(1.46546 -7.23482e-06 0)
(1.46546 -7.81915e-06 0)
(1.46546 -8.2881e-06 0)
(1.46546 -8.51108e-06 0)
(1.46546 -8.38071e-06 0)
(1.46546 -7.8111e-06 0)
(1.46546 -6.74042e-06 0)
(1.46546 -5.16072e-06 0)
(1.46546 -3.06973e-06 0)
(1.46546 -5.28861e-07 0)
(1.46546 2.32913e-06 0)
(1.46546 5.29792e-06 0)
(1.46546 8.15235e-06 0)
(1.46546 1.0671e-05 0)
(1.46546 1.26456e-05 0)
(1.46546 1.38789e-05 0)
(1.46546 1.41823e-05 0)
(1.46546 1.34056e-05 0)
(1.46546 1.14844e-05 0)
(1.46546 8.47207e-06 0)
(1.46546 4.55786e-06 0)
(1.46546 5.66438e-08 0)
(1.46546 -4.63144e-06 0)
(1.46546 -9.06578e-06 0)
(1.46546 -1.27877e-05 0)
(1.46546 -1.53582e-05 0)
(1.46546 -1.63747e-05 0)
(1.46546 -1.55943e-05 0)
(1.46546 -1.30244e-05 0)
(1.46546 -9.02143e-06 0)
(1.46546 -4.21817e-06 0)
(1.46546 6.14749e-07 0)
(1.46546 4.73419e-06 0)
(1.46546 7.50569e-06 0)
(1.46546 8.46836e-06 0)
(1.46546 7.43431e-06 0)
(1.46546 4.64824e-06 0)
(1.46546 8.80526e-07 0)
(1.46546 -2.69227e-06 0)
(1.46546 -4.84482e-06 0)
(1.46546 -4.64844e-06 0)
(1.46546 -1.82934e-06 0)
(1.46546 3.56581e-06 0)
(1.46546 1.06681e-05 0)
(1.46546 1.9593e-05 0)
(1.46547 2.79456e-05 0)
(1.46547 3.83039e-05 0)
(1.46548 4.01556e-05 0)
(1.01678 -0.0326824 0)
(1.09591 -0.0584617 0)
(1.2017 -0.0635086 0)
(1.29311 -0.0510467 0)
(1.3579 -0.0363354 0)
(1.40128 -0.0231222 0)
(1.42663 -0.0135709 0)
(1.44089 -0.0073174 0)
(1.44802 -0.00360643 0)
(1.45133 -0.00158036 0)
(1.45261 -0.000575386 0)
(1.45298 -0.000132391 0)
(1.45299 2.95541e-05 0)
(1.45289 6.7203e-05 0)
(1.45279 5.92722e-05 0)
(1.45271 4.07076e-05 0)
(1.45266 2.4374e-05 0)
(1.45263 1.32598e-05 0)
(1.45261 6.76217e-06 0)
(1.4526 3.37818e-06 0)
(1.45259 1.75779e-06 0)
(1.45259 9.61097e-07 0)
(1.45259 4.55978e-07 0)
(1.45259 -2.3015e-08 0)
(1.45259 -5.13015e-07 0)
(1.45259 -9.73677e-07 0)
(1.45259 -1.30575e-06 0)
(1.45259 -1.38758e-06 0)
(1.45259 -1.12752e-06 0)
(1.45259 -4.65758e-07 0)
(1.45259 5.59306e-07 0)
(1.45259 1.87355e-06 0)
(1.45259 3.31602e-06 0)
(1.45259 4.71477e-06 0)
(1.45259 5.90459e-06 0)
(1.45259 6.74044e-06 0)
(1.45259 7.13927e-06 0)
(1.45259 7.04841e-06 0)
(1.45259 6.50134e-06 0)
(1.4526 5.56223e-06 0)
(1.4526 4.33949e-06 0)
(1.4526 2.93586e-06 0)
(1.4526 1.46704e-06 0)
(1.4526 5.24904e-08 0)
(1.4526 -1.23572e-06 0)
(1.4526 -2.33565e-06 0)
(1.4526 -3.25957e-06 0)
(1.4526 -4.03428e-06 0)
(1.4526 -4.69899e-06 0)
(1.4526 -5.31423e-06 0)
(1.45259 -5.89867e-06 0)
(1.45259 -6.47639e-06 0)
(1.45259 -7.06466e-06 0)
(1.45259 -7.62987e-06 0)
(1.45259 -8.08363e-06 0)
(1.45259 -8.29727e-06 0)
(1.45259 -8.16627e-06 0)
(1.45259 -7.60923e-06 0)
(1.45259 -6.56525e-06 0)
(1.45259 -5.0258e-06 0)
(1.45259 -2.98787e-06 0)
(1.45259 -5.0972e-07 0)
(1.45259 2.28089e-06 0)
(1.45259 5.18212e-06 0)
(1.45259 7.97069e-06 0)
(1.45259 1.04299e-05 0)
(1.45259 1.23567e-05 0)
(1.45259 1.35598e-05 0)
(1.45259 1.38564e-05 0)
(1.45259 1.30982e-05 0)
(1.4526 1.12203e-05 0)
(1.4526 8.27461e-06 0)
(1.4526 4.44478e-06 0)
(1.4526 3.90049e-08 0)
(1.4526 -4.55003e-06 0)
(1.4526 -8.89023e-06 0)
(1.4526 -1.25296e-05 0)
(1.45259 -1.50364e-05 0)
(1.45259 -1.60166e-05 0)
(1.45259 -1.52368e-05 0)
(1.45259 -1.27107e-05 0)
(1.45259 -8.78904e-06 0)
(1.45259 -4.08914e-06 0)
(1.45259 6.38211e-07 0)
(1.45259 4.66677e-06 0)
(1.45259 7.37034e-06 0)
(1.45259 8.29422e-06 0)
(1.45259 7.25762e-06 0)
(1.45259 4.50692e-06 0)
(1.45259 8.06334e-07 0)
(1.45259 -2.68721e-06 0)
(1.45259 -4.77683e-06 0)
(1.45259 -4.56754e-06 0)
(1.45259 -1.80406e-06 0)
(1.45259 3.44586e-06 0)
(1.45259 1.03315e-05 0)
(1.45259 1.89034e-05 0)
(1.4526 2.69024e-05 0)
(1.4526 3.65831e-05 0)
(1.45261 3.85112e-05 0)
(1.01952 -0.0470472 0)
(1.10174 -0.0818377 0)
(1.20434 -0.0877844 0)
(1.29056 -0.0698592 0)
(1.34956 -0.0493824 0)
(1.38851 -0.0312643 0)
(1.41081 -0.0182817 0)
(1.42325 -0.00983005 0)
(1.42936 -0.00483431 0)
(1.43217 -0.0021143 0)
(1.43323 -0.000767731 0)
(1.43353 -0.00017493 0)
(1.43351 4.16202e-05 0)
(1.43342 9.19461e-05 0)
(1.43332 8.12869e-05 0)
(1.43325 5.63018e-05 0)
(1.43321 3.41748e-05 0)
(1.43318 1.89469e-05 0)
(1.43316 9.85852e-06 0)
(1.43316 4.97233e-06 0)
(1.43315 2.53051e-06 0)
(1.43315 1.30401e-06 0)
(1.43315 5.93848e-07 0)
(1.43315 2.40769e-08 0)
(1.43315 -4.98214e-07 0)
(1.43315 -9.6165e-07 0)
(1.43315 -1.28739e-06 0)
(1.43315 -1.36176e-06 0)
(1.43315 -1.10485e-06 0)
(1.43315 -4.54571e-07 0)
(1.43315 5.48619e-07 0)
(1.43315 1.8283e-06 0)
(1.43315 3.23186e-06 0)
(1.43315 4.58787e-06 0)
(1.43315 5.73823e-06 0)
(1.43315 6.54307e-06 0)
(1.43315 6.92241e-06 0)
(1.43315 6.82704e-06 0)
(1.43315 6.28881e-06 0)
(1.43316 5.37173e-06 0)
(1.43316 4.182e-06 0)
(1.43316 2.82035e-06 0)
(1.43316 1.39576e-06 0)
(1.43316 2.51622e-08 0)
(1.43316 -1.22087e-06 0)
(1.43316 -2.28309e-06 0)
(1.43316 -3.17354e-06 0)
(1.43316 -3.92056e-06 0)
(1.43316 -4.55761e-06 0)
(1.43316 -5.14463e-06 0)
(1.43315 -5.7032e-06 0)
(1.43315 -6.254e-06 0)
(1.43315 -6.81474e-06 0)
(1.43315 -7.35506e-06 0)
(1.43315 -7.78924e-06 0)
(1.43315 -7.99169e-06 0)
(1.43315 -7.86161e-06 0)
(1.43315 -7.32304e-06 0)
(1.43314 -6.31696e-06 0)
(1.43314 -4.83421e-06 0)
(1.43314 -2.87068e-06 0)
(1.43314 -4.81192e-07 0)
(1.43314 2.21219e-06 0)
(1.43314 5.01423e-06 0)
(1.43314 7.70613e-06 0)
(1.43315 1.00782e-05 0)
(1.43315 1.19356e-05 0)
(1.43315 1.30945e-05 0)
(1.43315 1.33799e-05 0)
(1.43315 1.26469e-05 0)
(1.43316 1.08309e-05 0)
(1.43316 7.9817e-06 0)
(1.43316 4.27647e-06 0)
(1.43316 1.31125e-08 0)
(1.43316 -4.42739e-06 0)
(1.43316 -8.62608e-06 0)
(1.43316 -1.21427e-05 0)
(1.43315 -1.45572e-05 0)
(1.43315 -1.54884e-05 0)
(1.43315 -1.47148e-05 0)
(1.43315 -1.22561e-05 0)
(1.43314 -8.45429e-06 0)
(1.43314 -3.9053e-06 0)
(1.43314 6.67053e-07 0)
(1.43314 4.56136e-06 0)
(1.43314 7.16684e-06 0)
(1.43315 8.03904e-06 0)
(1.43315 7.00629e-06 0)
(1.43315 4.31532e-06 0)
(1.43315 7.1685e-07 0)
(1.43315 -2.66332e-06 0)
(1.43315 -4.66819e-06 0)
(1.43315 -4.44551e-06 0)
(1.43315 -1.7631e-06 0)
(1.43315 3.29109e-06 0)
(1.43315 9.89554e-06 0)
(1.43315 1.80368e-05 0)
(1.43316 2.56205e-05 0)
(1.43316 3.45566e-05 0)
(1.43317 3.6574e-05 0)
(1.02327 -0.0627029 0)
(1.10934 -0.105101 0)
(1.20709 -0.110842 0)
(1.28618 -0.0870416 0)
(1.33755 -0.060959 0)
(1.37076 -0.0383263 0)
(1.38918 -0.0222945 0)
(1.39931 -0.0119369 0)
(1.40416 -0.00584759 0)
(1.40635 -0.00254601 0)
(1.40714 -0.000917512 0)
(1.40734 -0.000203439 0)
(1.40731 5.58117e-05 0)
(1.40722 0.000114864 0)
(1.40713 0.000100849 0)
(1.40707 6.99198e-05 0)
(1.40703 4.26524e-05 0)
(1.40701 2.38393e-05 0)
(1.407 1.2512e-05 0)
(1.40699 6.33153e-06 0)
(1.40699 3.18474e-06 0)
(1.40699 1.59002e-06 0)
(1.40698 7.06493e-07 0)
(1.40698 6.44709e-08 0)
(1.40698 -4.79813e-07 0)
(1.40698 -9.39837e-07 0)
(1.40698 -1.25539e-06 0)
(1.40698 -1.32124e-06 0)
(1.40698 -1.07052e-06 0)
(1.40698 -4.39624e-07 0)
(1.40698 5.30923e-07 0)
(1.40698 1.76208e-06 0)
(1.40698 3.11112e-06 0)
(1.40699 4.41008e-06 0)
(1.40699 5.50901e-06 0)
(1.40699 6.27432e-06 0)
(1.40699 6.62995e-06 0)
(1.40699 6.53069e-06 0)
(1.40699 6.00672e-06 0)
(1.40699 5.1212e-06 0)
(1.40699 3.97672e-06 0)
(1.40699 2.67146e-06 0)
(1.40699 1.30707e-06 0)
(1.40699 -4.33488e-09 0)
(1.40699 -1.19439e-06 0)
(1.40699 -2.20664e-06 0)
(1.40699 -3.05283e-06 0)
(1.40699 -3.7632e-06 0)
(1.40699 -4.36549e-06 0)
(1.40699 -4.91748e-06 0)
(1.40699 -5.44385e-06 0)
(1.40699 -5.96242e-06 0)
(1.40699 -6.49034e-06 0)
(1.40699 -7.00065e-06 0)
(1.40699 -7.41131e-06 0)
(1.40698 -7.60103e-06 0)
(1.40698 -7.4736e-06 0)
(1.40698 -6.95915e-06 0)
(1.40698 -6.00144e-06 0)
(1.40698 -4.59076e-06 0)
(1.40698 -2.72156e-06 0)
(1.40698 -4.44915e-07 0)
(1.40698 2.12334e-06 0)
(1.40698 4.79652e-06 0)
(1.40698 7.36294e-06 0)
(1.40698 9.62231e-06 0)
(1.40698 1.13901e-05 0)
(1.40698 1.2492e-05 0)
(1.40699 1.27623e-05 0)
(1.40699 1.20611e-05 0)
(1.40699 1.03247e-05 0)
(1.40699 7.60051e-06 0)
(1.407 4.05796e-06 0)
(1.407 -1.8493e-08 0)
(1.407 -4.26368e-06 0)
(1.40699 -8.27628e-06 0)
(1.40699 -1.16324e-05 0)
(1.40699 -1.39284e-05 0)
(1.40699 -1.47998e-05 0)
(1.40698 -1.40388e-05 0)
(1.40698 -1.16708e-05 0)
(1.40698 -8.02595e-06 0)
(1.40698 -3.673e-06 0)
(1.40698 6.97889e-07 0)
(1.40698 4.41716e-06 0)
(1.40698 6.89667e-06 0)
(1.40698 7.70652e-06 0)
(1.40698 6.68529e-06 0)
(1.40698 4.07851e-06 0)
(1.40698 6.164e-07 0)
(1.40698 -2.6179e-06 0)
(1.40698 -4.51854e-06 0)
(1.40698 -4.28347e-06 0)
(1.40698 -1.70682e-06 0)
(1.40698 3.10426e-06 0)
(1.40698 9.36829e-06 0)
(1.40699 1.70106e-05 0)
(1.40699 2.41259e-05 0)
(1.407 3.22688e-05 0)
(1.40701 3.43861e-05 0)
(1.02809 -0.0800085 0)
(1.11848 -0.128067 0)
(1.20922 -0.132212 0)
(1.27914 -0.102108 0)
(1.3211 -0.0706859 0)
(1.34745 -0.0440579 0)
(1.36129 -0.0254604 0)
(1.36875 -0.0135572 0)
(1.37216 -0.0066062 0)
(1.37365 -0.00285771 0)
(1.37414 -0.00101806 0)
(1.37423 -0.000216215 0)
(1.37417 7.1959e-05 0)
(1.37409 0.000135296 0)
(1.37402 0.000117329 0)
(1.37398 8.11033e-05 0)
(1.37395 4.95154e-05 0)
(1.37393 2.7766e-05 0)
(1.37392 1.46291e-05 0)
(1.37391 7.40684e-06 0)
(1.37391 3.69587e-06 0)
(1.37391 1.808e-06 0)
(1.37391 7.88988e-07 0)
(1.37391 9.61025e-08 0)
(1.37391 -4.57991e-07 0)
(1.37391 -9.07802e-07 0)
(1.37391 -1.20962e-06 0)
(1.37391 -1.26635e-06 0)
(1.37391 -1.02483e-06 0)
(1.37391 -4.21254e-07 0)
(1.37391 5.06038e-07 0)
(1.37391 1.67566e-06 0)
(1.37391 2.95554e-06 0)
(1.37391 4.18405e-06 0)
(1.37391 5.22065e-06 0)
(1.37391 5.93887e-06 0)
(1.37391 6.26729e-06 0)
(1.37392 6.16521e-06 0)
(1.37392 5.66094e-06 0)
(1.37392 4.81627e-06 0)
(1.37392 3.72884e-06 0)
(1.37392 2.49338e-06 0)
(1.37392 1.20395e-06 0)
(1.37392 -3.41064e-08 0)
(1.37392 -1.15556e-06 0)
(1.37392 -2.10685e-06 0)
(1.37392 -2.89918e-06 0)
(1.37392 -3.56474e-06 0)
(1.37392 -4.12609e-06 0)
(1.37392 -4.63732e-06 0)
(1.37392 -5.12601e-06 0)
(1.37391 -5.6078e-06 0)
(1.37391 -6.09845e-06 0)
(1.37391 -6.57433e-06 0)
(1.37391 -6.95804e-06 0)
(1.37391 -7.13381e-06 0)
(1.37391 -7.01086e-06 0)
(1.3739 -6.5259e-06 0)
(1.3739 -5.62609e-06 0)
(1.3739 -4.30141e-06 0)
(1.3739 -2.54469e-06 0)
(1.3739 -4.02899e-07 0)
(1.3739 2.01481e-06 0)
(1.3739 4.53206e-06 0)
(1.3739 6.94684e-06 0)
(1.3739 9.07031e-06 0)
(1.37391 1.07306e-05 0)
(1.37391 1.17642e-05 0)
(1.37391 1.20161e-05 0)
(1.37392 1.13532e-05 0)
(1.37392 9.71301e-06 0)
(1.37392 7.14035e-06 0)
(1.37392 3.79569e-06 0)
(1.37392 -5.27478e-08 0)
(1.37392 -4.05953e-06 0)
(1.37392 -7.84516e-06 0)
(1.37392 -1.10068e-05 0)
(1.37392 -1.31609e-05 0)
(1.37391 -1.39636e-05 0)
(1.37391 -1.32224e-05 0)
(1.37391 -1.0968e-05 0)
(1.3739 -7.51512e-06 0)
(1.3739 -3.40014e-06 0)
(1.3739 7.26692e-07 0)
(1.3739 4.23367e-06 0)
(1.3739 6.56217e-06 0)
(1.3739 7.30148e-06 0)
(1.37391 6.30107e-06 0)
(1.37391 3.80274e-06 0)
(1.37391 5.09772e-07 0)
(1.37391 -2.5483e-06 0)
(1.37391 -4.32782e-06 0)
(1.37391 -4.08312e-06 0)
(1.37391 -1.636e-06 0)
(1.37391 2.88864e-06 0)
(1.37391 8.75899e-06 0)
(1.37391 1.58447e-05 0)
(1.37392 2.24475e-05 0)
(1.37392 2.97676e-05 0)
(1.37394 3.19923e-05 0)
(1.03402 -0.0993002 0)
(1.12878 -0.150435 0)
(1.2098 -0.151347 0)
(1.26838 -0.114572 0)
(1.2993 -0.0782215 0)
(1.31787 -0.0482539 0)
(1.32665 -0.0276667 0)
(1.33119 -0.0146345 0)
(1.33306 -0.00708442 0)
(1.33381 -0.00303919 0)
(1.33399 -0.00106628 0)
(1.33398 -0.000213015 0)
(1.33391 8.94229e-05 0)
(1.33384 0.000152513 0)
(1.33378 0.000130159 0)
(1.33375 8.94752e-05 0)
(1.33373 5.45366e-05 0)
(1.33372 3.05985e-05 0)
(1.33371 1.61415e-05 0)
(1.33371 8.1642e-06 0)
(1.33371 4.04733e-06 0)
(1.33371 1.95103e-06 0)
(1.33371 8.38699e-07 0)
(1.33371 1.1773e-07 0)
(1.33371 -4.32897e-07 0)
(1.3337 -8.65246e-07 0)
(1.3337 -1.15024e-06 0)
(1.3337 -1.19784e-06 0)
(1.3337 -9.68422e-07 0)
(1.3337 -3.9975e-07 0)
(1.3337 4.74029e-07 0)
(1.3337 1.57026e-06 0)
(1.3337 2.76772e-06 0)
(1.33371 3.91362e-06 0)
(1.33371 4.8783e-06 0)
(1.33371 5.54297e-06 0)
(1.33371 5.84147e-06 0)
(1.33371 5.73804e-06 0)
(1.33371 5.2589e-06 0)
(1.33372 4.46389e-06 0)
(1.33372 3.4446e-06 0)
(1.33372 2.29112e-06 0)
(1.33372 1.0898e-06 0)
(1.33372 -6.22181e-08 0)
(1.33372 -1.1039e-06 0)
(1.33372 -1.98475e-06 0)
(1.33372 -2.71505e-06 0)
(1.33372 -3.32878e-06 0)
(1.33372 -3.84402e-06 0)
(1.33371 -4.31002e-06 0)
(1.33371 -4.75655e-06 0)
(1.33371 -5.19779e-06 0)
(1.33371 -5.6476e-06 0)
(1.33371 -6.08544e-06 0)
(1.33371 -6.43935e-06 0)
(1.3337 -6.60025e-06 0)
(1.3337 -6.48367e-06 0)
(1.3337 -6.03311e-06 0)
(1.3337 -5.19963e-06 0)
(1.3337 -3.97314e-06 0)
(1.33369 -2.34488e-06 0)
(1.33369 -3.57364e-07 0)
(1.33369 1.88741e-06 0)
(1.33369 4.22484e-06 0)
(1.3337 6.46503e-06 0)
(1.3337 8.43249e-06 0)
(1.3337 9.96969e-06 0)
(1.33371 1.09255e-05 0)
(1.33371 1.11566e-05 0)
(1.33371 1.0538e-05 0)
(1.33372 9.00939e-06 0)
(1.33372 6.61236e-06 0)
(1.33372 3.4973e-06 0)
(1.33372 -8.63233e-08 0)
(1.33372 -3.81628e-06 0)
(1.33372 -7.33864e-06 0)
(1.33372 -1.02757e-05 0)
(1.33371 -1.22682e-05 0)
(1.33371 -1.29956e-05 0)
(1.3337 -1.22824e-05 0)
(1.3337 -1.01631e-05 0)
(1.3337 -6.93477e-06 0)
(1.3337 -3.09581e-06 0)
(1.3337 7.49054e-07 0)
(1.3337 4.01101e-06 0)
(1.3337 6.16685e-06 0)
(1.3337 6.82995e-06 0)
(1.3337 5.86132e-06 0)
(1.3337 3.49534e-06 0)
(1.3337 4.01999e-07 0)
(1.3337 -2.45234e-06 0)
(1.3337 -4.09656e-06 0)
(1.3337 -3.84667e-06 0)
(1.3337 -1.55178e-06 0)
(1.3337 2.64796e-06 0)
(1.3337 8.07841e-06 0)
(1.33371 1.45607e-05 0)
(1.33371 2.06166e-05 0)
(1.33372 2.71034e-05 0)
(1.33374 2.94389e-05 0)
(1.04102 -0.120866 0)
(1.13968 -0.171754 0)
(1.20761 -0.167613 0)
(1.25265 -0.123958 0)
(1.27113 -0.0832775 0)
(1.28127 -0.0507655 0)
(1.28472 -0.0288442 0)
(1.28626 -0.0151402 0)
(1.28656 -0.0072724 0)
(1.28658 -0.00308841 0)
(1.28646 -0.00106282 0)
(1.28635 -0.000195068 0)
(1.28626 0.000107126 0)
(1.28621 0.000165758 0)
(1.28618 0.000138861 0)
(1.28616 9.47565e-05 0)
(1.28615 5.75625e-05 0)
(1.28614 3.22555e-05 0)
(1.28614 1.70084e-05 0)
(1.28614 8.58491e-06 0)
(1.28614 4.2309e-06 0)
(1.28614 2.01628e-06 0)
(1.28614 8.55313e-07 0)
(1.28614 1.29195e-07 0)
(1.28614 -4.04653e-07 0)
(1.28614 -8.12173e-07 0)
(1.28614 -1.07772e-06 0)
(1.28614 -1.11691e-06 0)
(1.28614 -9.02235e-07 0)
(1.28613 -3.75319e-07 0)
(1.28613 4.35328e-07 0)
(1.28614 1.44765e-06 0)
(1.28614 2.55118e-06 0)
(1.28614 3.60388e-06 0)
(1.28614 4.48847e-06 0)
(1.28614 5.09442e-06 0)
(1.28614 5.36116e-06 0)
(1.28614 5.25819e-06 0)
(1.28615 4.80946e-06 0)
(1.28615 4.07223e-06 0)
(1.28615 3.1311e-06 0)
(1.28615 2.07029e-06 0)
(1.28615 9.68326e-07 0)
(1.28615 -8.68202e-08 0)
(1.28615 -1.03931e-06 0)
(1.28615 -1.84194e-06 0)
(1.28615 -2.50374e-06 0)
(1.28615 -3.05997e-06 0)
(1.28615 -3.52504e-06 0)
(1.28615 -3.94261e-06 0)
(1.28614 -4.34367e-06 0)
(1.28614 -4.74151e-06 0)
(1.28614 -5.14781e-06 0)
(1.28614 -5.5448e-06 0)
(1.28614 -5.86669e-06 0)
(1.28613 -6.01214e-06 0)
(1.28613 -5.90373e-06 0)
(1.28613 -5.49194e-06 0)
(1.28613 -4.7319e-06 0)
(1.28613 -3.61374e-06 0)
(1.28612 -2.1274e-06 0)
(1.28612 -3.1055e-07 0)
(1.28612 1.74241e-06 0)
(1.28613 3.87989e-06 0)
(1.28613 5.92631e-06 0)
(1.28613 7.72112e-06 0)
(1.28613 9.12258e-06 0)
(1.28614 9.99309e-06 0)
(1.28614 1.02017e-05 0)
(1.28614 9.633e-06 0)
(1.28615 8.22953e-06 0)
(1.28615 6.02924e-06 0)
(1.28615 3.17124e-06 0)
(1.28615 -1.15929e-07 0)
(1.28615 -3.53621e-06 0)
(1.28615 -6.7645e-06 0)
(1.28615 -9.45197e-06 0)
(1.28614 -1.12669e-05 0)
(1.28614 -1.1915e-05 0)
(1.28614 -1.12385e-05 0)
(1.28613 -9.27445e-06 0)
(1.28613 -6.29936e-06 0)
(1.28613 -2.76976e-06 0)
(1.28613 7.60545e-07 0)
(1.28613 3.7501e-06 0)
(1.28613 5.71572e-06 0)
(1.28613 6.29935e-06 0)
(1.28613 5.37471e-06 0)
(1.28613 3.16441e-06 0)
(1.28613 2.98173e-07 0)
(1.28613 -2.32866e-06 0)
(1.28613 -3.82621e-06 0)
(1.28613 -3.57688e-06 0)
(1.28613 -1.45552e-06 0)
(1.28613 2.38645e-06 0)
(1.28613 7.33888e-06 0)
(1.28614 1.31826e-05 0)
(1.28615 1.86674e-05 0)
(1.28615 2.43283e-05 0)
(1.28617 2.6773e-05 0)
(1.04895 -0.144907 0)
(1.15029 -0.191398 0)
(1.20109 -0.1803 0)
(1.23049 -0.129825 0)
(1.23546 -0.0856376 0)
(1.23686 -0.051511 0)
(1.23494 -0.0289714 0)
(1.23354 -0.0150753 0)
(1.23234 -0.00717664 0)
(1.23167 -0.00301144 0)
(1.23128 -0.0010119 0)
(1.2311 -0.00016494 0)
(1.23101 0.000123651 0)
(1.23097 0.000174301 0)
(1.23096 0.000143085 0)
(1.23096 9.67871e-05 0)
(1.23096 5.85249e-05 0)
(1.23096 3.27089e-05 0)
(1.23096 1.72185e-05 0)
(1.23096 8.66632e-06 0)
(1.23096 4.24676e-06 0)
(1.23096 2.00479e-06 0)
(1.23096 8.40429e-07 0)
(1.23096 1.31365e-07 0)
(1.23096 -3.73368e-07 0)
(1.23096 -7.49079e-07 0)
(1.23096 -9.92943e-07 0)
(1.23096 -1.02505e-06 0)
(1.23096 -8.27553e-07 0)
(1.23096 -3.4813e-07 0)
(1.23096 3.908e-07 0)
(1.23096 1.31019e-06 0)
(1.23096 2.31033e-06 0)
(1.23096 3.26116e-06 0)
(1.23096 4.05912e-06 0)
(1.23096 4.60251e-06 0)
(1.23097 4.83652e-06 0)
(1.23097 4.73611e-06 0)
(1.23097 4.32278e-06 0)
(1.23097 3.65048e-06 0)
(1.23097 2.79614e-06 0)
(1.23097 1.8369e-06 0)
(1.23098 8.4333e-07 0)
(1.23098 -1.06284e-07 0)
(1.23098 -9.62182e-07 0)
(1.23097 -1.6807e-06 0)
(1.23097 -2.26937e-06 0)
(1.23097 -2.764e-06 0)
(1.23097 -3.17606e-06 0)
(1.23097 -3.54328e-06 0)
(1.23097 -3.89681e-06 0)
(1.23097 -4.24935e-06 0)
(1.23096 -4.61036e-06 0)
(1.23096 -4.9646e-06 0)
(1.23096 -5.25287e-06 0)
(1.23096 -5.38259e-06 0)
(1.23095 -5.28402e-06 0)
(1.23095 -4.91462e-06 0)
(1.23095 -4.23363e-06 0)
(1.23095 -3.23164e-06 0)
(1.23095 -1.89773e-06 0)
(1.23095 -2.64543e-07 0)
(1.23095 1.58167e-06 0)
(1.23095 3.50335e-06 0)
(1.23095 5.34107e-06 0)
(1.23095 6.95051e-06 0)
(1.23096 8.20666e-06 0)
(1.23096 8.98643e-06 0)
(1.23096 9.17176e-06 0)
(1.23097 8.65784e-06 0)
(1.23097 7.39093e-06 0)
(1.23097 5.40486e-06 0)
(1.23098 2.82637e-06 0)
(1.23098 -1.38649e-07 0)
(1.23098 -3.22284e-06 0)
(1.23098 -6.13252e-06 0)
(1.23097 -8.55069e-06 0)
(1.23097 -1.01764e-05 0)
(1.23096 -1.07437e-05 0)
(1.23096 -1.01129e-05 0)
(1.23095 -8.32191e-06 0)
(1.23095 -5.62443e-06 0)
(1.23095 -2.43187e-06 0)
(1.23095 7.57196e-07 0)
(1.23095 3.45283e-06 0)
(1.23095 5.21542e-06 0)
(1.23095 5.71873e-06 0)
(1.23095 4.85076e-06 0)
(1.23096 2.81827e-06 0)
(1.23096 2.0316e-07 0)
(1.23096 -2.17686e-06 0)
(1.23096 -3.51959e-06 0)
(1.23095 -3.27719e-06 0)
(1.23095 -1.34859e-06 0)
(1.23095 2.10897e-06 0)
(1.23096 6.55433e-06 0)
(1.23096 1.17366e-05 0)
(1.23097 1.66359e-05 0)
(1.23098 2.14952e-05 0)
(1.23099 2.40412e-05 0)
(1.05746 -0.171475 0)
(1.15932 -0.208541 0)
(1.1884 -0.188641 0)
(1.20026 -0.131798 0)
(1.1911 -0.0851786 0)
(1.18382 -0.050486 0)
(1.17678 -0.0280787 0)
(1.17265 -0.0144711 0)
(1.17011 -0.00681953 0)
(1.16884 -0.00282191 0)
(1.16823 -0.000920923 0)
(1.16798 -0.000126264 0)
(1.1679 0.000137393 0)
(1.16789 0.000177527 0)
(1.1679 0.000142646 0)
(1.16791 9.55455e-05 0)
(1.16792 5.74498e-05 0)
(1.16793 3.19889e-05 0)
(1.16793 1.67934e-05 0)
(1.16793 8.42271e-06 0)
(1.16793 4.10368e-06 0)
(1.16793 1.92125e-06 0)
(1.16794 7.97023e-07 0)
(1.16794 1.258e-07 0)
(1.16794 -3.39192e-07 0)
(1.16794 -6.77091e-07 0)
(1.16793 -8.97321e-07 0)
(1.16793 -9.24076e-07 0)
(1.16793 -7.45944e-07 0)
(1.16793 -3.18389e-07 0)
(1.16793 3.4173e-07 0)
(1.16793 1.16088e-06 0)
(1.16793 2.05046e-06 0)
(1.16794 2.893e-06 0)
(1.16794 3.59958e-06 0)
(1.16794 4.07801e-06 0)
(1.16794 4.2792e-06 0)
(1.16794 4.18358e-06 0)
(1.16795 3.81011e-06 0)
(1.16795 3.20867e-06 0)
(1.16795 2.44803e-06 0)
(1.16795 1.59713e-06 0)
(1.16795 7.18528e-07 0)
(1.16795 -1.1934e-07 0)
(1.16795 -8.73495e-07 0)
(1.16795 -1.50407e-06 0)
(1.16795 -2.01686e-06 0)
(1.16795 -2.4475e-06 0)
(1.16795 -2.80503e-06 0)
(1.16795 -3.12124e-06 0)
(1.16794 -3.42648e-06 0)
(1.16794 -3.73286e-06 0)
(1.16794 -4.0477e-06 0)
(1.16794 -4.35811e-06 0)
(1.16794 -4.61186e-06 0)
(1.16793 -4.72588e-06 0)
(1.16793 -4.63854e-06 0)
(1.16793 -4.31421e-06 0)
(1.16793 -3.71623e-06 0)
(1.16792 -2.83568e-06 0)
(1.16792 -1.66145e-06 0)
(1.16792 -2.2111e-07 0)
(1.16792 1.40779e-06 0)
(1.16792 3.10255e-06 0)
(1.16793 4.72131e-06 0)
(1.16793 6.13688e-06 0)
(1.16793 7.24148e-06 0)
(1.16794 7.92721e-06 0)
(1.16794 8.08926e-06 0)
(1.16794 7.6341e-06 0)
(1.16795 6.51256e-06 0)
(1.16795 4.75394e-06 0)
(1.16795 2.47165e-06 0)
(1.16795 -1.52269e-07 0)
(1.16795 -2.8811e-06 0)
(1.16795 -5.45457e-06 0)
(1.16795 -7.58976e-06 0)
(1.16794 -9.01894e-06 0)
(1.16794 -9.50615e-06 0)
(1.16793 -8.92987e-06 0)
(1.16793 -7.32708e-06 0)
(1.16793 -4.92628e-06 0)
(1.16792 -2.09177e-06 0)
(1.16792 7.36033e-07 0)
(1.16792 3.12238e-06 0)
(1.16793 4.67425e-06 0)
(1.16793 5.09888e-06 0)
(1.16793 4.29981e-06 0)
(1.16793 2.46506e-06 0)
(1.16793 1.21188e-07 0)
(1.16793 -1.99767e-06 0)
(1.16793 -3.18097e-06 0)
(1.16793 -2.95198e-06 0)
(1.16793 -1.23219e-06 0)
(1.16793 1.82119e-06 0)
(1.16793 5.74025e-06 0)
(1.16794 1.02507e-05 0)
(1.16794 1.45603e-05 0)
(1.16795 1.86566e-05 0)
(1.16797 2.12884e-05 0)
(1.06583 -0.200386 0)
(1.16496 -0.222137 0)
(1.16726 -0.191851 0)
(1.16018 -0.129609 0)
(1.13686 -0.0818937 0)
(1.12142 -0.0477717 0)
(1.10975 -0.0262486 0)
(1.10326 -0.0133876 0)
(1.09959 -0.00623781 0)
(1.09785 -0.00253988 0)
(1.09707 -0.00079976 0)
(1.09679 -8.33689e-05 0)
(1.09673 0.000146742 0)
(1.09674 0.00017501 0)
(1.09677 0.000137561 0)
(1.0968 9.11605e-05 0)
(1.09682 5.44612e-05 0)
(1.09683 3.01845e-05 0)
(1.09684 1.57876e-05 0)
(1.09684 7.88537e-06 0)
(1.09684 3.81896e-06 0)
(1.09684 1.77407e-06 0)
(1.09684 7.29126e-07 0)
(1.09684 1.14352e-07 0)
(1.09684 -3.02383e-07 0)
(1.09684 -5.97981e-07 0)
(1.09684 -7.92867e-07 0)
(1.09684 -8.16046e-07 0)
(1.09684 -6.59188e-07 0)
(1.09684 -2.86409e-07 0)
(1.09684 2.89744e-07 0)
(1.09684 1.00339e-06 0)
(1.09684 1.77771e-06 0)
(1.09684 2.50806e-06 0)
(1.09685 3.12046e-06 0)
(1.09685 3.533e-06 0)
(1.09685 3.70206e-06 0)
(1.09685 3.61348e-06 0)
(1.09686 3.28358e-06 0)
(1.09686 2.7574e-06 0)
(1.09686 2.09532e-06 0)
(1.09686 1.35718e-06 0)
(1.09686 5.97381e-07 0)
(1.09686 -1.25211e-07 0)
(1.09686 -7.74898e-07 0)
(1.09686 -1.31587e-06 0)
(1.09686 -1.75199e-06 0)
(1.09686 -2.11799e-06 0)
(1.09686 -2.42083e-06 0)
(1.09686 -2.68661e-06 0)
(1.09685 -2.94402e-06 0)
(1.09685 -3.20448e-06 0)
(1.09685 -3.47314e-06 0)
(1.09685 -3.73951e-06 0)
(1.09684 -3.95851e-06 0)
(1.09684 -4.05714e-06 0)
(1.09684 -3.98205e-06 0)
(1.09684 -3.7044e-06 0)
(1.09683 -3.19148e-06 0)
(1.09683 -2.43494e-06 0)
(1.09683 -1.42409e-06 0)
(1.09683 -1.81586e-07 0)
(1.09683 1.2242e-06 0)
(1.09683 2.68603e-06 0)
(1.09683 4.08055e-06 0)
(1.09684 5.29823e-06 0)
(1.09684 6.24854e-06 0)
(1.09684 6.83902e-06 0)
(1.09685 6.9784e-06 0)
(1.09685 6.58482e-06 0)
(1.09686 5.61444e-06 0)
(1.09686 4.09169e-06 0)
(1.09686 2.11581e-06 0)
(1.09686 -1.55556e-07 0)
(1.09686 -2.51748e-06 0)
(1.09686 -4.74464e-06 0)
(1.09686 -6.58966e-06 0)
(1.09685 -7.81944e-06 0)
(1.09685 -8.22936e-06 0)
(1.09684 -7.71567e-06 0)
(1.09684 -6.31258e-06 0)
(1.09683 -4.22149e-06 0)
(1.09683 -1.75851e-06 0)
(1.09683 6.95525e-07 0)
(1.09683 2.76364e-06 0)
(1.09683 4.10209e-06 0)
(1.09684 4.45223e-06 0)
(1.09684 3.73311e-06 0)
(1.09684 2.11245e-06 0)
(1.09684 5.53389e-08 0)
(1.09684 -1.79312e-06 0)
(1.09684 -2.81608e-06 0)
(1.09684 -2.60675e-06 0)
(1.09684 -1.10742e-06 0)
(1.09684 1.52983e-06 0)
(1.09684 4.91362e-06 0)
(1.09684 8.75499e-06 0)
(1.09685 1.24802e-05 0)
(1.09686 1.58636e-05 0)
(1.09688 1.85568e-05 0)
(1.0728 -0.231089 0)
(1.16464 -0.230929 0)
(1.13507 -0.189193 0)
(1.10839 -0.123149 0)
(1.07161 -0.0759148 0)
(1.04898 -0.0435394 0)
(1.03345 -0.023615 0)
(1.02509 -0.0119105 0)
(1.02057 -0.00548019 0)
(1.0185 -0.00219032 0)
(1.01762 -0.000659898 0)
(1.01734 -4.08435e-05 0)
(1.0173 0.000150276 0)
(1.01734 0.000166592 0)
(1.01739 0.000128062 0)
(1.01743 8.39104e-05 0)
(1.01746 4.97746e-05 0)
(1.01747 2.74385e-05 0)
(1.01748 1.42858e-05 0)
(1.01749 7.10102e-06 0)
(1.01749 3.41755e-06 0)
(1.01749 1.5752e-06 0)
(1.01749 6.41786e-07 0)
(1.01749 9.89275e-08 0)
(1.01749 -2.63308e-07 0)
(1.01749 -5.14001e-07 0)
(1.01749 -6.82172e-07 0)
(1.01749 -7.03232e-07 0)
(1.01749 -5.6918e-07 0)
(1.01749 -2.52605e-07 0)
(1.01749 2.36727e-07 0)
(1.01749 8.41981e-07 0)
(1.01749 1.49901e-06 0)
(1.01749 2.11596e-06 0)
(1.01749 2.63349e-06 0)
(1.0175 2.98067e-06 0)
(1.0175 3.11903e-06 0)
(1.0175 3.03954e-06 0)
(1.0175 2.75593e-06 0)
(1.0175 2.30762e-06 0)
(1.01751 1.74657e-06 0)
(1.01751 1.12299e-06 0)
(1.01751 4.82961e-07 0)
(1.01751 -1.23695e-07 0)
(1.01751 -6.68717e-07 0)
(1.01751 -1.12068e-06 0)
(1.01751 -1.48127e-06 0)
(1.01751 -1.78372e-06 0)
(1.0175 -2.03312e-06 0)
(1.0175 -2.25021e-06 0)
(1.0175 -2.4614e-06 0)
(1.0175 -2.67722e-06 0)
(1.0175 -2.90067e-06 0)
(1.01749 -3.12358e-06 0)
(1.01749 -3.30827e-06 0)
(1.01749 -3.39204e-06 0)
(1.01749 -3.32982e-06 0)
(1.01748 -3.09915e-06 0)
(1.01748 -2.67134e-06 0)
(1.01748 -2.03848e-06 0)
(1.01748 -1.19093e-06 0)
(1.01748 -1.46782e-07 0)
(1.01748 1.03517e-06 0)
(1.01748 2.26347e-06 0)
(1.01748 3.43374e-06 0)
(1.01748 4.45409e-06 0)
(1.01749 5.25088e-06 0)
(1.01749 5.74704e-06 0)
(1.0175 5.86479e-06 0)
(1.0175 5.53418e-06 0)
(1.01751 4.71725e-06 0)
(1.01751 3.43342e-06 0)
(1.01751 1.76712e-06 0)
(1.01751 -1.48416e-07 0)
(1.01751 -2.14022e-06 0)
(1.01751 -4.01878e-06 0)
(1.0175 -5.57319e-06 0)
(1.0175 -6.60533e-06 0)
(1.01749 -6.94223e-06 0)
(1.01749 -6.49764e-06 0)
(1.01749 -5.3015e-06 0)
(1.01748 -3.52651e-06 0)
(1.01748 -1.44028e-06 0)
(1.01748 6.35855e-07 0)
(1.01748 2.38357e-06 0)
(1.01748 3.51047e-06 0)
(1.01749 3.79247e-06 0)
(1.01749 3.16269e-06 0)
(1.01749 1.76762e-06 0)
(1.01749 7.13386e-09 0)
(1.01749 -1.56687e-06 0)
(1.01749 -2.43205e-06 0)
(1.01749 -2.24814e-06 0)
(1.01749 -9.75446e-07 0)
(1.01749 1.24263e-06 0)
(1.01749 4.09282e-06 0)
(1.01749 7.28054e-06 0)
(1.0175 1.04364e-05 0)
(1.01751 1.31648e-05 0)
(1.01752 1.58843e-05 0)
(1.07626 -0.262485 0)
(1.15492 -0.233474 0)
(1.08884 -0.180069 0)
(1.04301 -0.112527 0)
(0.994343 -0.0675332 0)
(0.965963 -0.0380519 0)
(0.947561 -0.0203577 0)
(0.93793 -0.0101469 0)
(0.93288 -0.00460415 0)
(0.930637 -0.00180118 0)
(0.929731 -0.000513438 0)
(0.929475 -3.065e-06 0)
(0.929463 0.000146964 0)
(0.929529 0.000152452 0)
(0.929597 0.000114618 0)
(0.929649 7.42188e-05 0)
(0.929683 4.36889e-05 0)
(0.929702 2.39384e-05 0)
(0.929713 1.23968e-05 0)
(0.929718 6.12855e-06 0)
(0.929721 2.93023e-06 0)
(0.929722 1.33955e-06 0)
(0.929723 5.41049e-07 0)
(0.929723 8.13764e-08 0)
(0.929723 -2.22453e-07 0)
(0.929723 -4.27661e-07 0)
(0.929723 -5.68303e-07 0)
(0.929722 -5.8813e-07 0)
(0.929722 -4.7786e-07 0)
(0.929721 -2.17467e-07 0)
(0.929721 1.84729e-07 0)
(0.929722 6.8146e-07 0)
(0.929723 1.22196e-06 0)
(0.929724 1.72715e-06 0)
(0.929726 2.15129e-06 0)
(0.929728 2.43506e-06 0)
(0.92973 2.54479e-06 0)
(0.929732 2.47603e-06 0)
(0.929734 2.2402e-06 0)
(0.929736 1.87033e-06 0)
(0.929738 1.41017e-06 0)
(0.929739 9.00144e-07 0)
(0.92974 3.7785e-07 0)
(0.92974 -1.15213e-07 0)
(0.929739 -5.57956e-07 0)
(0.929739 -9.23706e-07 0)
(0.929738 -1.21186e-06 0)
(0.929737 -1.45348e-06 0)
(0.929735 -1.65206e-06 0)
(0.929734 -1.82334e-06 0)
(0.929732 -1.99094e-06 0)
(0.92973 -2.16442e-06 0)
(0.929728 -2.34456e-06 0)
(0.929726 -2.52542e-06 0)
(0.929723 -2.67683e-06 0)
(0.929721 -2.74648e-06 0)
(0.929718 -2.69723e-06 0)
(0.929716 -2.51249e-06 0)
(0.929714 -2.16766e-06 0)
(0.929712 -1.65523e-06 0)
(0.929711 -9.6698e-07 0)
(0.92971 -1.16941e-07 0)
(0.929711 8.45786e-07 0)
(0.929712 1.84556e-06 0)
(0.929714 2.79697e-06 0)
(0.929717 3.62521e-06 0)
(0.92972 4.27274e-06 0)
(0.929724 4.67749e-06 0)
(0.929729 4.77498e-06 0)
(0.929733 4.50697e-06 0)
(0.929737 3.84188e-06 0)
(0.92974 2.79421e-06 0)
(0.929742 1.43317e-06 0)
(0.929742 -1.31923e-07 0)
(0.929741 -1.75925e-06 0)
(0.929739 -3.29502e-06 0)
(0.929736 -4.56519e-06 0)
(0.929731 -5.40596e-06 0)
(0.929726 -5.67529e-06 0)
(0.929721 -5.30404e-06 0)
(0.929717 -4.31703e-06 0)
(0.929714 -2.85718e-06 0)
(0.929712 -1.14409e-06 0)
(0.929711 5.58998e-07 0)
(0.929713 1.99134e-06 0)
(0.929715 2.9127e-06 0)
(0.929717 3.13432e-06 0)
(0.92972 2.60121e-06 0)
(0.929722 1.4373e-06 0)
(0.929722 -2.36528e-08 0)
(0.929722 -1.3246e-06 0)
(0.92972 -2.03733e-06 0)
(0.929719 -1.88369e-06 0)
(0.929717 -8.37766e-07 0)
(0.929717 9.68085e-07 0)
(0.92972 3.29744e-06 0)
(0.929723 5.85932e-06 0)
(0.929731 8.46984e-06 0)
(0.929738 1.06053e-05 0)
(0.929753 1.33047e-05 0)
(1.07281 -0.292657 0)
(1.13117 -0.228233 0)
(1.02528 -0.164159 0)
(0.962244 -0.0981316 0)
(0.904233 -0.057214 0)
(0.871982 -0.031658 0)
(0.85191 -0.0166949 0)
(0.841665 -0.0082191 0)
(0.836432 -0.00367212 0)
(0.834176 -0.00140133 0)
(0.833308 -0.000372045 0)
(0.833095 2.62885e-05 0)
(0.833118 0.000136368 0)
(0.833206 0.00013318 0)
(0.833289 9.79519e-05 0)
(0.833348 6.26545e-05 0)
(0.833386 3.658e-05 0)
(0.833408 1.99105e-05 0)
(0.833419 1.02481e-05 0)
(0.833425 5.03549e-06 0)
(0.833428 2.39132e-06 0)
(0.83343 1.0837e-06 0)
(0.83343 4.33646e-07 0)
(0.833431 6.33521e-08 0)
(0.833431 -1.80557e-07 0)
(0.83343 -3.41632e-07 0)
(0.83343 -4.5474e-07 0)
(0.833429 -4.73547e-07 0)
(0.833429 -3.87255e-07 0)
(0.833429 -1.81562e-07 0)
(0.833429 1.35861e-07 0)
(0.833429 5.27013e-07 0)
(0.83343 9.54709e-07 0)
(0.833431 1.35266e-06 0)
(0.833433 1.6871e-06 0)
(0.833435 1.91076e-06 0)
(0.833437 1.99446e-06 0)
(0.833439 1.93755e-06 0)
(0.833441 1.74949e-06 0)
(0.833443 1.45642e-06 0)
(0.833444 1.09414e-06 0)
(0.833445 6.9365e-07 0)
(0.833446 2.84061e-07 0)
(0.833446 -1.00799e-07 0)
(0.833446 -4.46264e-07 0)
(0.833445 -7.30738e-07 0)
(0.833444 -9.51402e-07 0)
(0.833443 -1.13643e-06 0)
(0.833442 -1.28806e-06 0)
(0.83344 -1.41748e-06 0)
(0.833439 -1.54504e-06 0)
(0.833437 -1.67932e-06 0)
(0.833435 -1.81903e-06 0)
(0.833433 -1.9601e-06 0)
(0.833431 -2.0798e-06 0)
(0.833428 -2.13622e-06 0)
(0.833426 -2.09953e-06 0)
(0.833424 -1.95827e-06 0)
(0.833422 -1.69206e-06 0)
(0.83342 -1.29378e-06 0)
(0.833419 -7.56848e-07 0)
(0.833418 -9.17726e-08 0)
(0.833419 6.6183e-07 0)
(0.83342 1.4438e-06 0)
(0.833422 2.18714e-06 0)
(0.833424 2.83314e-06 0)
(0.833428 3.3391e-06 0)
(0.833432 3.65723e-06 0)
(0.833436 3.73598e-06 0)
(0.83344 3.52832e-06 0)
(0.833443 3.00915e-06 0)
(0.833446 2.18861e-06 0)
(0.833448 1.12078e-06 0)
(0.833448 -1.08209e-07 0)
(0.833448 -1.38602e-06 0)
(0.833446 -2.59313e-06 0)
(0.833442 -3.59207e-06 0)
(0.833438 -4.25208e-06 0)
(0.833433 -4.4602e-06 0)
(0.833429 -4.16364e-06 0)
(0.833425 -3.38207e-06 0)
(0.833421 -2.22839e-06 0)
(0.83342 -8.75564e-07 0)
(0.833419 4.68632e-07 0)
(0.83342 1.59823e-06 0)
(0.833423 2.32398e-06 0)
(0.833425 2.4934e-06 0)
(0.833428 2.0615e-06 0)
(0.833429 1.1278e-06 0)
(0.83343 -3.88697e-08 0)
(0.833429 -1.07414e-06 0)
(0.833428 -1.64181e-06 0)
(0.833426 -1.52169e-06 0)
(0.833425 -6.9638e-07 0)
(0.833425 7.14915e-07 0)
(0.833427 2.54794e-06 0)
(0.83343 4.52374e-06 0)
(0.833438 6.62091e-06 0)
(0.833444 8.22673e-06 0)
(0.833458 1.08467e-05 0)
(1.05708 -0.318524 0)
(1.08735 -0.213732 0)
(0.940962 -0.141601 0)
(0.864515 -0.0806964 0)
(0.800719 -0.0456 0)
(0.766854 -0.024781 0)
(0.746438 -0.0128724 0)
(0.736275 -0.00625697 0)
(0.7312 -0.00274734 0)
(0.729081 -0.00101836 0)
(0.728308 -0.000245914 0)
(0.728153 4.4685e-05 0)
(0.72821 0.000118807 0)
(0.728316 0.000109827 0)
(0.728407 7.90444e-05 0)
(0.728471 4.99249e-05 0)
(0.728511 2.88938e-05 0)
(0.728533 1.5613e-05 0)
(0.728545 7.98129e-06 0)
(0.728551 3.89488e-06 0)
(0.728554 1.83664e-06 0)
(0.728556 8.24594e-07 0)
(0.728556 3.2645e-07 0)
(0.728557 4.61343e-08 0)
(0.728557 -1.38871e-07 0)
(0.728556 -2.5881e-07 0)
(0.728556 -3.45356e-07 0)
(0.728556 -3.62753e-07 0)
(0.728555 -2.99587e-07 0)
(0.728555 -1.45585e-07 0)
(0.728555 9.21351e-08 0)
(0.728555 3.83962e-07 0)
(0.728556 7.05624e-07 0)
(0.728557 1.0037e-06 0)
(0.728559 1.25445e-06 0)
(0.72856 1.42256e-06 0)
(0.728562 1.48327e-06 0)
(0.728564 1.43864e-06 0)
(0.728566 1.29666e-06 0)
(0.728568 1.07639e-06 0)
(0.728569 8.05974e-07 0)
(0.72857 5.0787e-07 0)
(0.72857 2.02981e-07 0)
(0.728571 -8.20325e-08 0)
(0.72857 -3.3782e-07 0)
(0.72857 -5.47935e-07 0)
(0.728569 -7.07768e-07 0)
(0.728568 -8.41869e-07 0)
(0.728567 -9.51502e-07 0)
(0.728565 -1.04394e-06 0)
(0.728564 -1.13584e-06 0)
(0.728562 -1.23486e-06 0)
(0.72856 -1.33789e-06 0)
(0.728559 -1.44233e-06 0)
(0.728557 -1.53249e-06 0)
(0.728554 -1.57659e-06 0)
(0.728552 -1.55149e-06 0)
(0.72855 -1.44988e-06 0)
(0.728548 -1.2557e-06 0)
(0.728547 -9.62304e-07 0)
(0.728546 -5.64765e-07 0)
(0.728546 -7.05762e-08 0)
(0.728546 4.89555e-07 0)
(0.728547 1.07009e-06 0)
(0.728549 1.62147e-06 0)
(0.728551 2.0997e-06 0)
(0.728554 2.47512e-06 0)
(0.728558 2.71317e-06 0)
(0.728561 2.77468e-06 0)
(0.728565 2.62309e-06 0)
(0.728568 2.23955e-06 0)
(0.728571 1.63053e-06 0)
(0.728572 8.35906e-07 0)
(0.728573 -8.02743e-08 0)
(0.728572 -1.03303e-06 0)
(0.72857 -1.93417e-06 0)
(0.728567 -2.68125e-06 0)
(0.728563 -3.17502e-06 0)
(0.728559 -3.32908e-06 0)
(0.728555 -3.10537e-06 0)
(0.728551 -2.51891e-06 0)
(0.728548 -1.65372e-06 0)
(0.728547 -6.38811e-07 0)
(0.728546 3.69876e-07 0)
(0.728547 1.21718e-06 0)
(0.728549 1.76139e-06 0)
(0.728552 1.88621e-06 0)
(0.728554 1.5562e-06 0)
(0.728556 8.44914e-07 0)
(0.728556 -4.14801e-08 0)
(0.728556 -8.25328e-07 0)
(0.728554 -1.25703e-06 0)
(0.728553 -1.17111e-06 0)
(0.728552 -5.53874e-07 0)
(0.728551 4.91313e-07 0)
(0.728553 1.86486e-06 0)
(0.728556 3.30613e-06 0)
(0.728563 4.92868e-06 0)
(0.728568 6.06721e-06 0)
(0.728582 8.53562e-06 0)
(1.02083 -0.335492 0)
(1.01564 -0.188797 0)
(0.832502 -0.113177 0)
(0.748606 -0.0613303 0)
(0.683565 -0.0334955 0)
(0.650606 -0.0178953 0)
(0.631233 -0.00914772 0)
(0.621831 -0.00438948 0)
(0.617235 -0.00188937 0)
(0.615382 -0.000676505 0)
(0.614748 -0.000142877 0)
(0.614659 5.10649e-05 0)
(0.614743 9.54443e-05 0)
(0.614859 8.38935e-05 0)
(0.614953 5.91049e-05 0)
(0.615017 3.68463e-05 0)
(0.615056 2.1126e-05 0)
(0.615078 1.13249e-05 0)
(0.615089 5.74518e-06 0)
(0.615095 2.78196e-06 0)
(0.615098 1.30205e-06 0)
(0.615099 5.78657e-07 0)
(0.6151 2.26124e-07 0)
(0.6151 3.07271e-08 0)
(0.6151 -9.90165e-08 0)
(0.6151 -1.82158e-07 0)
(0.615099 -2.4412e-07 0)
(0.615099 -2.59317e-07 0)
(0.615099 -2.17253e-07 0)
(0.615098 -1.10302e-07 0)
(0.615098 5.53682e-08 0)
(0.615099 2.57473e-07 0)
(0.615099 4.82964e-07 0)
(0.6151 6.91279e-07 0)
(0.615102 8.66617e-07 0)
(0.615103 9.8494e-07 0)
(0.615105 1.02598e-06 0)
(0.615106 9.93341e-07 0)
(0.615108 8.93909e-07 0)
(0.615109 7.40027e-07 0)
(0.615111 5.52517e-07 0)
(0.615111 3.46458e-07 0)
(0.615112 1.35387e-07 0)
(0.615112 -6.09193e-08 0)
(0.615112 -2.3712e-07 0)
(0.615111 -3.81627e-07 0)
(0.61511 -4.888e-07 0)
(0.615109 -5.78848e-07 0)
(0.615108 -6.52347e-07 0)
(0.615107 -7.13429e-07 0)
(0.615106 -7.74791e-07 0)
(0.615105 -8.43096e-07 0)
(0.615103 -9.14022e-07 0)
(0.615101 -9.85907e-07 0)
(0.6151 -1.04926e-06 0)
(0.615098 -1.08196e-06 0)
(0.615096 -1.06692e-06 0)
(0.615094 -9.99876e-07 0)
(0.615093 -8.69011e-07 0)
(0.615091 -6.68347e-07 0)
(0.615091 -3.9453e-07 0)
(0.61509 -5.24397e-08 0)
(0.61509 3.3527e-07 0)
(0.615091 7.3627e-07 0)
(0.615093 1.11685e-06 0)
(0.615095 1.4461e-06 0)
(0.615098 1.70527e-06 0)
(0.615101 1.87142e-06 0)
(0.615104 1.91707e-06 0)
(0.615107 1.81523e-06 0)
(0.61511 1.55271e-06 0)
(0.615112 1.13305e-06 0)
(0.615114 5.83646e-07 0)
(0.615114 -5.17586e-08 0)
(0.615113 -7.13121e-07 0)
(0.615112 -1.33951e-06 0)
(0.615109 -1.86028e-06 0)
(0.615106 -2.20576e-06 0)
(0.615102 -2.31346e-06 0)
(0.615098 -2.15751e-06 0)
(0.615095 -1.74877e-06 0)
(0.615092 -1.14524e-06 0)
(0.615091 -4.36418e-07 0)
(0.615091 2.68942e-07 0)
(0.615092 8.6214e-07 0)
(0.615094 1.24347e-06 0)
(0.615096 1.33018e-06 0)
(0.615098 1.0973e-06 0)
(0.615099 5.93585e-07 0)
(0.6151 -3.48628e-08 0)
(0.615099 -5.89173e-07 0)
(0.615098 -8.96496e-07 0)
(0.615096 -8.41877e-07 0)
(0.615095 -4.13187e-07 0)
(0.615095 3.04462e-07 0)
(0.615097 1.26714e-06 0)
(0.615099 2.23768e-06 0)
(0.615105 3.42992e-06 0)
(0.615109 4.16207e-06 0)
(0.615121 6.39385e-06 0)
(0.951441 -0.336957 0)
(0.906127 -0.152879 0)
(0.69698 -0.0805839 0)
(0.61382 -0.0415226 0)
(0.552909 -0.0218307 0)
(0.52348 -0.011496 0)
(0.506514 -0.00577325 0)
(0.498498 -0.00273556 0)
(0.494656 -0.00114986 0)
(0.49317 -0.000394706 0)
(0.492701 -6.76506e-05 0)
(0.492674 4.60843e-05 0)
(0.492775 6.83136e-05 0)
(0.492892 5.72988e-05 0)
(0.492981 3.95259e-05 0)
(0.49304 2.43078e-05 0)
(0.493075 1.37978e-05 0)
(0.493095 7.33171e-06 0)
(0.493105 3.68807e-06 0)
(0.49311 1.77031e-06 0)
(0.493112 8.2195e-07 0)
(0.493114 3.6116e-07 0)
(0.493114 1.38886e-07 0)
(0.493114 1.80875e-08 0)
(0.493114 -6.28373e-08 0)
(0.493114 -1.14637e-07 0)
(0.493114 -1.54969e-07 0)
(0.493113 -1.67137e-07 0)
(0.493113 -1.42954e-07 0)
(0.493113 -7.67368e-08 0)
(0.493113 2.69016e-08 0)
(0.493113 1.52111e-07 0)
(0.493113 2.94391e-07 0)
(0.493114 4.2564e-07 0)
(0.493115 5.36023e-07 0)
(0.493117 6.11455e-07 0)
(0.493118 6.36275e-07 0)
(0.493119 6.14574e-07 0)
(0.493121 5.5237e-07 0)
(0.493122 4.56118e-07 0)
(0.493123 3.39776e-07 0)
(0.493123 2.12408e-07 0)
(0.493124 8.15469e-08 0)
(0.493124 -3.96457e-08 0)
(0.493124 -1.486e-07 0)
(0.493123 -2.3786e-07 0)
(0.493123 -3.0166e-07 0)
(0.493122 -3.55502e-07 0)
(0.493121 -3.99528e-07 0)
(0.49312 -4.35397e-07 0)
(0.493119 -4.719e-07 0)
(0.493118 -5.14714e-07 0)
(0.493117 -5.58761e-07 0)
(0.493115 -6.02978e-07 0)
(0.493114 -6.43005e-07 0)
(0.493112 -6.65293e-07 0)
(0.493111 -6.58189e-07 0)
(0.49311 -6.19581e-07 0)
(0.493108 -5.41464e-07 0)
(0.493107 -4.18679e-07 0)
(0.493106 -2.49466e-07 0)
(0.493106 -3.64773e-08 0)
(0.493106 2.04757e-07 0)
(0.493107 4.5324e-07 0)
(0.493108 6.88844e-07 0)
(0.49311 8.918e-07 0)
(0.493112 1.05202e-06 0)
(0.493115 1.15616e-06 0)
(0.493117 1.18722e-06 0)
(0.49312 1.12692e-06 0)
(0.493122 9.66827e-07 0)
(0.493124 7.08259e-07 0)
(0.493125 3.68339e-07 0)
(0.493126 -2.65856e-08 0)
(0.493125 -4.38618e-07 0)
(0.493124 -8.29614e-07 0)
(0.493122 -1.15577e-06 0)
(0.493119 -1.37392e-06 0)
(0.493116 -1.44299e-06 0)
(0.493113 -1.34644e-06 0)
(0.49311 -1.09141e-06 0)
(0.493108 -7.13883e-07 0)
(0.493107 -2.69662e-07 0)
(0.493107 1.73214e-07 0)
(0.493107 5.47231e-07 0)
(0.493109 7.88746e-07 0)
(0.493111 8.43395e-07 0)
(0.493112 6.96813e-07 0)
(0.493114 3.77673e-07 0)
(0.493114 -2.30021e-08 0)
(0.493114 -3.76725e-07 0)
(0.493112 -5.74606e-07 0)
(0.493111 -5.45388e-07 0)
(0.49311 -2.78418e-07 0)
(0.49311 1.60181e-07 0)
(0.493111 7.70855e-07 0)
(0.493113 1.34683e-06 0)
(0.493118 2.15755e-06 0)
(0.493122 2.54655e-06 0)
(0.493132 4.44058e-06 0)
(0.829568 -0.31221 0)
(0.746444 -0.107024 0)
(0.532447 -0.047108 0)
(0.460138 -0.0232151 0)
(0.409294 -0.0116608 0)
(0.385925 -0.00608633 0)
(0.372622 -0.00299043 0)
(0.366517 -0.00140061 0)
(0.363646 -0.00057071 0)
(0.362592 -0.000185427 0)
(0.362293 -2.11211e-05 0)
(0.362314 3.25541e-05 0)
(0.362417 4.05718e-05 0)
(0.362521 3.25098e-05 0)
(0.362597 2.19456e-05 0)
(0.362646 1.32971e-05 0)
(0.362675 7.46221e-06 0)
(0.362691 3.92421e-06 0)
(0.362699 1.95469e-06 0)
(0.362703 9.28609e-07 0)
(0.362705 4.26603e-07 0)
(0.362706 1.84121e-07 0)
(0.362706 6.86065e-08 0)
(0.362706 8.39804e-09 0)
(0.362706 -3.24537e-08 0)
(0.362706 -5.98485e-08 0)
(0.362706 -8.16524e-08 0)
(0.362705 -8.9956e-08 0)
(0.362705 -7.91571e-08 0)
(0.362705 -4.55846e-08 0)
(0.362705 8.4896e-09 0)
(0.362705 7.22984e-08 0)
(0.362706 1.47088e-07 0)
(0.362706 2.16486e-07 0)
(0.362707 2.74315e-07 0)
(0.362708 3.14854e-07 0)
(0.362709 3.27614e-07 0)
(0.36271 3.15096e-07 0)
(0.362711 2.82506e-07 0)
(0.362712 2.33017e-07 0)
(0.362713 1.7336e-07 0)
(0.362713 1.08249e-07 0)
(0.362713 4.11177e-08 0)
(0.362713 -2.10187e-08 0)
(0.362713 -7.68795e-08 0)
(0.362713 -1.23544e-07 0)
(0.362712 -1.54623e-07 0)
(0.362712 -1.80484e-07 0)
(0.362711 -2.02377e-07 0)
(0.36271 -2.19777e-07 0)
(0.36271 -2.37046e-07 0)
(0.362709 -2.59852e-07 0)
(0.362708 -2.83232e-07 0)
(0.362707 -3.05334e-07 0)
(0.362706 -3.25692e-07 0)
(0.362705 -3.38653e-07 0)
(0.362704 -3.36715e-07 0)
(0.362703 -3.19222e-07 0)
(0.362702 -2.81752e-07 0)
(0.362701 -2.19796e-07 0)
(0.3627 -1.32884e-07 0)
(0.3627 -2.19424e-08 0)
(0.3627 1.03418e-07 0)
(0.362701 2.31414e-07 0)
(0.362702 3.52639e-07 0)
(0.362703 4.56124e-07 0)
(0.362705 5.37694e-07 0)
(0.362707 5.91741e-07 0)
(0.362709 6.09808e-07 0)
(0.36271 5.8096e-07 0)
(0.362712 5.00917e-07 0)
(0.362714 3.69093e-07 0)
(0.362715 1.95092e-07 0)
(0.362715 -8.32165e-09 0)
(0.362714 -2.21679e-07 0)
(0.362713 -4.24772e-07 0)
(0.362712 -5.94763e-07 0)
(0.36271 -7.10235e-07 0)
(0.362707 -7.48195e-07 0)
(0.362705 -6.99082e-07 0)
(0.362703 -5.67326e-07 0)
(0.362701 -3.71251e-07 0)
(0.3627 -1.39504e-07 0)
(0.3627 9.1716e-08 0)
(0.362701 2.88132e-07 0)
(0.362702 4.16798e-07 0)
(0.362704 4.46164e-07 0)
(0.362705 3.69702e-07 0)
(0.362706 2.01814e-07 0)
(0.362706 -1.11262e-08 0)
(0.362706 -1.99944e-07 0)
(0.362705 -3.07339e-07 0)
(0.362704 -2.96196e-07 0)
(0.362703 -1.57014e-07 0)
(0.362703 6.23864e-08 0)
(0.362704 3.89604e-07 0)
(0.362705 6.611e-07 0)
(0.362709 1.14331e-06 0)
(0.362711 1.26961e-06 0)
(0.36272 2.70319e-06 0)
(0.624486 -0.240998 0)
(0.521045 -0.0569318 0)
(0.338764 -0.0188856 0)
(0.288409 -0.00903314 0)
(0.253685 -0.00424305 0)
(0.238575 -0.00222054 0)
(0.230002 -0.00105364 0)
(0.226201 -0.00048851 0)
(0.224446 -0.000188975 0)
(0.223844 -5.6073e-05 0)
(0.223701 -2.21216e-07 0)
(0.223745 1.60334e-05 0)
(0.223829 1.71015e-05 0)
(0.223905 1.3007e-05 0)
(0.223959 8.55671e-06 0)
(0.223993 5.08756e-06 0)
(0.224012 2.81319e-06 0)
(0.224023 1.45941e-06 0)
(0.224028 7.18469e-07 0)
(0.224031 3.36963e-07 0)
(0.224032 1.52655e-07 0)
(0.224033 6.4161e-08 0)
(0.224033 2.28327e-08 0)
(0.224033 1.80462e-09 0)
(0.224033 -1.16714e-08 0)
(0.224033 -2.25802e-08 0)
(0.224033 -3.1659e-08 0)
(0.224032 -3.51532e-08 0)
(0.224032 -3.26889e-08 0)
(0.224032 -2.09361e-08 0)
(0.224032 -1.2866e-09 0)
(0.224032 2.17064e-08 0)
(0.224032 4.94125e-08 0)
(0.224033 7.55806e-08 0)
(0.224033 9.67996e-08 0)
(0.224034 1.12369e-07 0)
(0.224035 1.16375e-07 0)
(0.224035 1.11156e-07 0)
(0.224036 9.96261e-08 0)
(0.224036 8.20834e-08 0)
(0.224037 6.13965e-08 0)
(0.224037 3.82826e-08 0)
(0.224037 1.49566e-08 0)
(0.224037 -7.02278e-09 0)
(0.224037 -2.68475e-08 0)
(0.224037 -4.32298e-08 0)
(0.224037 -5.33518e-08 0)
(0.224036 -6.13799e-08 0)
(0.224036 -6.88649e-08 0)
(0.224035 -7.52515e-08 0)
(0.224035 -8.06632e-08 0)
(0.224034 -8.94306e-08 0)
(0.224034 -9.86472e-08 0)
(0.224033 -1.06246e-07 0)
(0.224033 -1.13431e-07 0)
(0.224032 -1.19192e-07 0)
(0.224031 -1.19737e-07 0)
(0.224031 -1.14599e-07 0)
(0.22403 -1.02752e-07 0)
(0.22403 -8.09035e-08 0)
(0.224029 -4.99181e-08 0)
(0.224029 -9.73339e-09 0)
(0.224029 3.52785e-08 0)
(0.224029 8.06985e-08 0)
(0.22403 1.24073e-07 0)
(0.224031 1.60054e-07 0)
(0.224032 1.88662e-07 0)
(0.224033 2.08328e-07 0)
(0.224034 2.16132e-07 0)
(0.224035 2.06865e-07 0)
(0.224037 1.79827e-07 0)
(0.224037 1.34005e-07 0)
(0.224038 7.26266e-08 0)
(0.224038 2.1691e-10 0)
(0.224038 -7.59006e-08 0)
(0.224037 -1.48909e-07 0)
(0.224036 -2.10803e-07 0)
(0.224035 -2.53367e-07 0)
(0.224033 -2.68249e-07 0)
(0.224032 -2.5148e-07 0)
(0.224031 -2.04769e-07 0)
(0.22403 -1.3458e-07 0)
(0.224029 -5.05831e-08 0)
(0.224029 3.32377e-08 0)
(0.22403 1.04582e-07 0)
(0.22403 1.5293e-07 0)
(0.224031 1.64884e-07 0)
(0.224032 1.37092e-07 0)
(0.224033 7.59784e-08 0)
(0.224033 -2.43892e-09 0)
(0.224033 -7.29663e-08 0)
(0.224032 -1.14372e-07 0)
(0.224031 -1.13542e-07 0)
(0.224031 -6.29498e-08 0)
(0.224031 1.0041e-08 0)
(0.224031 1.36337e-07 0)
(0.224032 2.13438e-07 0)
(0.224034 4.33081e-07 0)
(0.224036 4.11781e-07 0)
(0.224042 1.26473e-06 0)
(0.284072 -0.0951097 0)
(0.209833 -0.015879 0)
(0.119014 -0.00353179 0)
(0.100591 -0.00167667 0)
(0.0875019 -0.000697222 0)
(0.0822321 -0.00037365 0)
(0.079198 -0.000164816 0)
(0.0779229 -7.54963e-05 0)
(0.0773451 -2.57979e-05 0)
(0.0771701 -5.90417e-06 0)
(0.0771428 2.28593e-06 0)
(0.0771738 3.97862e-06 0)
(0.0772121 3.59163e-06 0)
(0.0772439 2.54233e-06 0)
(0.0772653 1.6098e-06 0)
(0.0772785 9.27734e-07 0)
(0.0772859 4.99219e-07 0)
(0.0772898 2.5201e-07 0)
(0.0772917 1.21316e-07 0)
(0.0772926 5.58106e-08 0)
(0.077293 2.42436e-08 0)
(0.0772932 9.12141e-09 0)
(0.0772933 2.57715e-09 0)
(0.0772933 7.86087e-10 0)
(0.0772933 -8.92246e-10 0)
(0.0772933 -3.10348e-09 0)
(0.0772932 -4.45663e-09 0)
(0.0772931 -5.77729e-09 0)
(0.0772931 -5.49644e-09 0)
(0.077293 -4.10087e-09 0)
(0.077293 -7.55913e-10 0)
(0.077293 2.29623e-09 0)
(0.0772931 7.04805e-09 0)
(0.0772932 1.19904e-08 0)
(0.0772934 1.54488e-08 0)
(0.0772936 1.85409e-08 0)
(0.0772939 1.95419e-08 0)
(0.0772941 1.7795e-08 0)
(0.0772943 1.5499e-08 0)
(0.0772945 1.3232e-08 0)
(0.0772946 9.85479e-09 0)
(0.0772947 6.25392e-09 0)
(0.0772948 2.5229e-09 0)
(0.0772948 -1.09577e-09 0)
(0.0772948 -4.28161e-09 0)
(0.0772947 -8.22695e-09 0)
(0.0772946 -9.24769e-09 0)
(0.0772945 -9.58725e-09 0)
(0.0772943 -1.10672e-08 0)
(0.0772942 -1.19014e-08 0)
(0.077294 -1.18804e-08 0)
(0.0772939 -1.39529e-08 0)
(0.0772937 -1.59529e-08 0)
(0.0772935 -1.64987e-08 0)
(0.0772933 -1.70118e-08 0)
(0.077293 -1.83111e-08 0)
(0.0772928 -1.86332e-08 0)
(0.0772926 -1.8553e-08 0)
(0.0772923 -1.78706e-08 0)
(0.0772922 -1.46268e-08 0)
(0.077292 -9.35724e-09 0)
(0.077292 -2.03219e-09 0)
(0.077292 5.83176e-09 0)
(0.0772921 1.3224e-08 0)
(0.0772923 2.0426e-08 0)
(0.0772926 2.60015e-08 0)
(0.0772929 2.97982e-08 0)
(0.0772933 3.27506e-08 0)
(0.0772938 3.47146e-08 0)
(0.0772942 3.37162e-08 0)
(0.0772946 2.98898e-08 0)
(0.0772949 2.26521e-08 0)
(0.0772951 1.31447e-08 0)
(0.0772952 1.48486e-09 0)
(0.0772951 -1.12087e-08 0)
(0.0772949 -2.34134e-08 0)
(0.0772945 -3.38047e-08 0)
(0.077294 -4.16423e-08 0)
(0.0772935 -4.47671e-08 0)
(0.077293 -4.20543e-08 0)
(0.0772925 -3.45713e-08 0)
(0.0772922 -2.30636e-08 0)
(0.077292 -8.59821e-09 0)
(0.077292 5.58622e-09 0)
(0.0772921 1.74222e-08 0)
(0.0772924 2.64574e-08 0)
(0.0772927 2.90896e-08 0)
(0.077293 2.44324e-08 0)
(0.0772933 1.36294e-08 0)
(0.0772933 -2.71755e-10 0)
(0.0772933 -1.26749e-08 0)
(0.0772931 -2.07327e-08 0)
(0.0772928 -2.16955e-08 0)
(0.0772926 -1.2315e-08 0)
(0.0772925 -2.33097e-09 0)
(0.0772927 2.17214e-08 0)
(0.0772929 2.64065e-08 0)
(0.0772937 8.02676e-08 0)
(0.0772941 4.83616e-08 0)
(0.0772968 3.16803e-07 0)
)
;

boundaryField
{
    inlet
    {
        type            fixedValue;
        value           uniform (1 0 0);
    }
    outlet
    {
        type            zeroGradient;
    }
    upperWall
    {
        type            noSlip;
    }
    lowerWall
    {
        type            noSlip;
    }
    frontAndBack
    {
        type            empty;
    }
}


// ************************************************************************* //
