/*--------------------------------*- C++ -*----------------------------------*\
| =========                 |                                                 |
| \\      /  F ield         | OpenFOAM: The Open Source CFD Toolbox           |
|  \\    /   O peration     | Version:  5.x                                   |
|   \\  /    A nd           | Web:      www.OpenFOAM.org                      |
|    \\/     M anipulation  |                                                 |
\*---------------------------------------------------------------------------*/
FoamFile
{
    version     2.0;
    format      ascii;
    class       vectorField;
    location    "constant/polyMesh";
    object      points;
}
// * * * * * * * * * * * * * * * * * * * * * * * * * * * * * * * * * * * * * //


2222
(
(0 0 0)
(0.05 0 0)
(0.1 0 0)
(0.15 0 0)
(0.2 0 0)
(0.25 0 0)
(0.3 0 0)
(0.35 0 0)
(0.4 0 0)
(0.45 0 0)
(0.5 0 0)
(0 0.1 0)
(0.05 0.1 0)
(0.1 0.1 0)
(0.15 0.1 0)
(0.2 0.1 0)
(0.25 0.1 0)
(0.3 0.1 0)
(0.35 0.1 0)
(0.4 0.1 0)
(0.45 0.1 0)
(0.5 0.1 0)
(0 0.2 0)
(0.05 0.2 0)
(0.1 0.2 0)
(0.15 0.2 0)
(0.2 0.2 0)
(0.25 0.2 0)
(0.3 0.2 0)
(0.35 0.2 0)
(0.4 0.2 0)
(0.45 0.2 0)
(0.5 0.2 0)
(0 0.3 0)
(0.05 0.3 0)
(0.1 0.3 0)
(0.15 0.3 0)
(0.2 0.3 0)
(0.25 0.3 0)
(0.3 0.3 0)
(0.35 0.3 0)
(0.4 0.3 0)
(0.45 0.3 0)
(0.5 0.3 0)
(0 0.4 0)
(0.05 0.4 0)
(0.1 0.4 0)
(0.15 0.4 0)
(0.2 0.4 0)
(0.25 0.4 0)
(0.3 0.4 0)
(0.35 0.4 0)
(0.4 0.4 0)
(0.45 0.4 0)
(0.5 0.4 0)
(0 0.5 0)
(0.05 0.5 0)
(0.1 0.5 0)
(0.15 0.5 0)
(0.2 0.5 0)
(0.25 0.5 0)
(0.3 0.5 0)
(0.35 0.5 0)
(0.4 0.5 0)
(0.45 0.5 0)
(0.5 0.5 0)
(0 0.6 0)
(0.05 0.6 0)
(0.1 0.6 0)
(0.15 0.6 0)
(0.2 0.6 0)
(0.25 0.6 0)
(0.3 0.6 0)
(0.35 0.6 0)
(0.4 0.6 0)
(0.45 0.6 0)
(0.5 0.6 0)
(0 0.7 0)
(0.05 0.7 0)
(0.1 0.7 0)
(0.15 0.7 0)
(0.2 0.7 0)
(0.25 0.7 0)
(0.3 0.7 0)
(0.35 0.7 0)
(0.4 0.7 0)
(0.45 0.7 0)
(0.5 0.7 0)
(0 0.8 0)
(0.05 0.8 0)
(0.1 0.8 0)
(0.15 0.8 0)
(0.2 0.8 0)
(0.25 0.8 0)
(0.3 0.8 0)
(0.35 0.8 0)
(0.4 0.8 0)
(0.45 0.8 0)
(0.5 0.8 0)
(0 0.9 0)
(0.05 0.9 0)
(0.1 0.9 0)
(0.15 0.9 0)
(0.2 0.9 0)
(0.25 0.9 0)
(0.3 0.9 0)
(0.35 0.9 0)
(0.4 0.9 0)
(0.45 0.9 0)
(0.5 0.9 0)
(0 1 0)
(0.05 1 0)
(0.1 1 0)
(0.15 1 0)
(0.2 1 0)
(0.25 1 0)
(0.3 1 0)
(0.35 1 0)
(0.4 1 0)
(0.45 1 0)
(0.5 1 0)
(0 1.1 0)
(0.05 1.1 0)
(0.1 1.1 0)
(0.15 1.1 0)
(0.2 1.1 0)
(0.25 1.1 0)
(0.3 1.1 0)
(0.35 1.1 0)
(0.4 1.1 0)
(0.45 1.1 0)
(0.5 1.1 0)
(0 1.2 0)
(0.05 1.2 0)
(0.1 1.2 0)
(0.15 1.2 0)
(0.2 1.2 0)
(0.25 1.2 0)
(0.3 1.2 0)
(0.35 1.2 0)
(0.4 1.2 0)
(0.45 1.2 0)
(0.5 1.2 0)
(0 1.3 0)
(0.05 1.3 0)
(0.1 1.3 0)
(0.15 1.3 0)
(0.2 1.3 0)
(0.25 1.3 0)
(0.3 1.3 0)
(0.35 1.3 0)
(0.4 1.3 0)
(0.45 1.3 0)
(0.5 1.3 0)
(0 1.4 0)
(0.05 1.4 0)
(0.1 1.4 0)
(0.15 1.4 0)
(0.2 1.4 0)
(0.25 1.4 0)
(0.3 1.4 0)
(0.35 1.4 0)
(0.4 1.4 0)
(0.45 1.4 0)
(0.5 1.4 0)
(0 1.5 0)
(0.05 1.5 0)
(0.1 1.5 0)
(0.15 1.5 0)
(0.2 1.5 0)
(0.25 1.5 0)
(0.3 1.5 0)
(0.35 1.5 0)
(0.4 1.5 0)
(0.45 1.5 0)
(0.5 1.5 0)
(0 1.6 0)
(0.05 1.6 0)
(0.1 1.6 0)
(0.15 1.6 0)
(0.2 1.6 0)
(0.25 1.6 0)
(0.3 1.6 0)
(0.35 1.6 0)
(0.4 1.6 0)
(0.45 1.6 0)
(0.5 1.6 0)
(0 1.7 0)
(0.05 1.7 0)
(0.1 1.7 0)
(0.15 1.7 0)
(0.2 1.7 0)
(0.25 1.7 0)
(0.3 1.7 0)
(0.35 1.7 0)
(0.4 1.7 0)
(0.45 1.7 0)
(0.5 1.7 0)
(0 1.8 0)
(0.05 1.8 0)
(0.1 1.8 0)
(0.15 1.8 0)
(0.2 1.8 0)
(0.25 1.8 0)
(0.3 1.8 0)
(0.35 1.8 0)
(0.4 1.8 0)
(0.45 1.8 0)
(0.5 1.8 0)
(0 1.9 0)
(0.05 1.9 0)
(0.1 1.9 0)
(0.15 1.9 0)
(0.2 1.9 0)
(0.25 1.9 0)
(0.3 1.9 0)
(0.35 1.9 0)
(0.4 1.9 0)
(0.45 1.9 0)
(0.5 1.9 0)
(0 2 0)
(0.05 2 0)
(0.1 2 0)
(0.15 2 0)
(0.2 2 0)
(0.25 2 0)
(0.3 2 0)
(0.35 2 0)
(0.4 2 0)
(0.45 2 0)
(0.5 2 0)
(0 2.1 0)
(0.05 2.1 0)
(0.1 2.1 0)
(0.15 2.1 0)
(0.2 2.1 0)
(0.25 2.1 0)
(0.3 2.1 0)
(0.35 2.1 0)
(0.4 2.1 0)
(0.45 2.1 0)
(0.5 2.1 0)
(0 2.2 0)
(0.05 2.2 0)
(0.1 2.2 0)
(0.15 2.2 0)
(0.2 2.2 0)
(0.25 2.2 0)
(0.3 2.2 0)
(0.35 2.2 0)
(0.4 2.2 0)
(0.45 2.2 0)
(0.5 2.2 0)
(0 2.3 0)
(0.05 2.3 0)
(0.1 2.3 0)
(0.15 2.3 0)
(0.2 2.3 0)
(0.25 2.3 0)
(0.3 2.3 0)
(0.35 2.3 0)
(0.4 2.3 0)
(0.45 2.3 0)
(0.5 2.3 0)
(0 2.4 0)
(0.05 2.4 0)
(0.1 2.4 0)
(0.15 2.4 0)
(0.2 2.4 0)
(0.25 2.4 0)
(0.3 2.4 0)
(0.35 2.4 0)
(0.4 2.4 0)
(0.45 2.4 0)
(0.5 2.4 0)
(0 2.5 0)
(0.05 2.5 0)
(0.1 2.5 0)
(0.15 2.5 0)
(0.2 2.5 0)
(0.25 2.5 0)
(0.3 2.5 0)
(0.35 2.5 0)
(0.4 2.5 0)
(0.45 2.5 0)
(0.5 2.5 0)
(0 2.6 0)
(0.05 2.6 0)
(0.1 2.6 0)
(0.15 2.6 0)
(0.2 2.6 0)
(0.25 2.6 0)
(0.3 2.6 0)
(0.35 2.6 0)
(0.4 2.6 0)
(0.45 2.6 0)
(0.5 2.6 0)
(0 2.7 0)
(0.05 2.7 0)
(0.1 2.7 0)
(0.15 2.7 0)
(0.2 2.7 0)
(0.25 2.7 0)
(0.3 2.7 0)
(0.35 2.7 0)
(0.4 2.7 0)
(0.45 2.7 0)
(0.5 2.7 0)
(0 2.8 0)
(0.05 2.8 0)
(0.1 2.8 0)
(0.15 2.8 0)
(0.2 2.8 0)
(0.25 2.8 0)
(0.3 2.8 0)
(0.35 2.8 0)
(0.4 2.8 0)
(0.45 2.8 0)
(0.5 2.8 0)
(0 2.9 0)
(0.05 2.9 0)
(0.1 2.9 0)
(0.15 2.9 0)
(0.2 2.9 0)
(0.25 2.9 0)
(0.3 2.9 0)
(0.35 2.9 0)
(0.4 2.9 0)
(0.45 2.9 0)
(0.5 2.9 0)
(0 3 0)
(0.05 3 0)
(0.1 3 0)
(0.15 3 0)
(0.2 3 0)
(0.25 3 0)
(0.3 3 0)
(0.35 3 0)
(0.4 3 0)
(0.45 3 0)
(0.5 3 0)
(0 3.1 0)
(0.05 3.1 0)
(0.1 3.1 0)
(0.15 3.1 0)
(0.2 3.1 0)
(0.25 3.1 0)
(0.3 3.1 0)
(0.35 3.1 0)
(0.4 3.1 0)
(0.45 3.1 0)
(0.5 3.1 0)
(0 3.2 0)
(0.05 3.2 0)
(0.1 3.2 0)
(0.15 3.2 0)
(0.2 3.2 0)
(0.25 3.2 0)
(0.3 3.2 0)
(0.35 3.2 0)
(0.4 3.2 0)
(0.45 3.2 0)
(0.5 3.2 0)
(0 3.3 0)
(0.05 3.3 0)
(0.1 3.3 0)
(0.15 3.3 0)
(0.2 3.3 0)
(0.25 3.3 0)
(0.3 3.3 0)
(0.35 3.3 0)
(0.4 3.3 0)
(0.45 3.3 0)
(0.5 3.3 0)
(0 3.4 0)
(0.05 3.4 0)
(0.1 3.4 0)
(0.15 3.4 0)
(0.2 3.4 0)
(0.25 3.4 0)
(0.3 3.4 0)
(0.35 3.4 0)
(0.4 3.4 0)
(0.45 3.4 0)
(0.5 3.4 0)
(0 3.5 0)
(0.05 3.5 0)
(0.1 3.5 0)
(0.15 3.5 0)
(0.2 3.5 0)
(0.25 3.5 0)
(0.3 3.5 0)
(0.35 3.5 0)
(0.4 3.5 0)
(0.45 3.5 0)
(0.5 3.5 0)
(0 3.6 0)
(0.05 3.6 0)
(0.1 3.6 0)
(0.15 3.6 0)
(0.2 3.6 0)
(0.25 3.6 0)
(0.3 3.6 0)
(0.35 3.6 0)
(0.4 3.6 0)
(0.45 3.6 0)
(0.5 3.6 0)
(0 3.7 0)
(0.05 3.7 0)
(0.1 3.7 0)
(0.15 3.7 0)
(0.2 3.7 0)
(0.25 3.7 0)
(0.3 3.7 0)
(0.35 3.7 0)
(0.4 3.7 0)
(0.45 3.7 0)
(0.5 3.7 0)
(0 3.8 0)
(0.05 3.8 0)
(0.1 3.8 0)
(0.15 3.8 0)
(0.2 3.8 0)
(0.25 3.8 0)
(0.3 3.8 0)
(0.35 3.8 0)
(0.4 3.8 0)
(0.45 3.8 0)
(0.5 3.8 0)
(0 3.9 0)
(0.05 3.9 0)
(0.1 3.9 0)
(0.15 3.9 0)
(0.2 3.9 0)
(0.25 3.9 0)
(0.3 3.9 0)
(0.35 3.9 0)
(0.4 3.9 0)
(0.45 3.9 0)
(0.5 3.9 0)
(0 4 0)
(0.05 4 0)
(0.1 4 0)
(0.15 4 0)
(0.2 4 0)
(0.25 4 0)
(0.3 4 0)
(0.35 4 0)
(0.4 4 0)
(0.45 4 0)
(0.5 4 0)
(0 4.1 0)
(0.05 4.1 0)
(0.1 4.1 0)
(0.15 4.1 0)
(0.2 4.1 0)
(0.25 4.1 0)
(0.3 4.1 0)
(0.35 4.1 0)
(0.4 4.1 0)
(0.45 4.1 0)
(0.5 4.1 0)
(0 4.2 0)
(0.05 4.2 0)
(0.1 4.2 0)
(0.15 4.2 0)
(0.2 4.2 0)
(0.25 4.2 0)
(0.3 4.2 0)
(0.35 4.2 0)
(0.4 4.2 0)
(0.45 4.2 0)
(0.5 4.2 0)
(0 4.3 0)
(0.05 4.3 0)
(0.1 4.3 0)
(0.15 4.3 0)
(0.2 4.3 0)
(0.25 4.3 0)
(0.3 4.3 0)
(0.35 4.3 0)
(0.4 4.3 0)
(0.45 4.3 0)
(0.5 4.3 0)
(0 4.4 0)
(0.05 4.4 0)
(0.1 4.4 0)
(0.15 4.4 0)
(0.2 4.4 0)
(0.25 4.4 0)
(0.3 4.4 0)
(0.35 4.4 0)
(0.4 4.4 0)
(0.45 4.4 0)
(0.5 4.4 0)
(0 4.5 0)
(0.05 4.5 0)
(0.1 4.5 0)
(0.15 4.5 0)
(0.2 4.5 0)
(0.25 4.5 0)
(0.3 4.5 0)
(0.35 4.5 0)
(0.4 4.5 0)
(0.45 4.5 0)
(0.5 4.5 0)
(0 4.6 0)
(0.05 4.6 0)
(0.1 4.6 0)
(0.15 4.6 0)
(0.2 4.6 0)
(0.25 4.6 0)
(0.3 4.6 0)
(0.35 4.6 0)
(0.4 4.6 0)
(0.45 4.6 0)
(0.5 4.6 0)
(0 4.7 0)
(0.05 4.7 0)
(0.1 4.7 0)
(0.15 4.7 0)
(0.2 4.7 0)
(0.25 4.7 0)
(0.3 4.7 0)
(0.35 4.7 0)
(0.4 4.7 0)
(0.45 4.7 0)
(0.5 4.7 0)
(0 4.8 0)
(0.05 4.8 0)
(0.1 4.8 0)
(0.15 4.8 0)
(0.2 4.8 0)
(0.25 4.8 0)
(0.3 4.8 0)
(0.35 4.8 0)
(0.4 4.8 0)
(0.45 4.8 0)
(0.5 4.8 0)
(0 4.9 0)
(0.05 4.9 0)
(0.1 4.9 0)
(0.15 4.9 0)
(0.2 4.9 0)
(0.25 4.9 0)
(0.3 4.9 0)
(0.35 4.9 0)
(0.4 4.9 0)
(0.45 4.9 0)
(0.5 4.9 0)
(0 5 0)
(0.05 5 0)
(0.1 5 0)
(0.15 5 0)
(0.2 5 0)
(0.25 5 0)
(0.3 5 0)
(0.35 5 0)
(0.4 5 0)
(0.45 5 0)
(0.5 5 0)
(0 5.1 0)
(0.05 5.1 0)
(0.1 5.1 0)
(0.15 5.1 0)
(0.2 5.1 0)
(0.25 5.1 0)
(0.3 5.1 0)
(0.35 5.1 0)
(0.4 5.1 0)
(0.45 5.1 0)
(0.5 5.1 0)
(0 5.2 0)
(0.05 5.2 0)
(0.1 5.2 0)
(0.15 5.2 0)
(0.2 5.2 0)
(0.25 5.2 0)
(0.3 5.2 0)
(0.35 5.2 0)
(0.4 5.2 0)
(0.45 5.2 0)
(0.5 5.2 0)
(0 5.3 0)
(0.05 5.3 0)
(0.1 5.3 0)
(0.15 5.3 0)
(0.2 5.3 0)
(0.25 5.3 0)
(0.3 5.3 0)
(0.35 5.3 0)
(0.4 5.3 0)
(0.45 5.3 0)
(0.5 5.3 0)
(0 5.4 0)
(0.05 5.4 0)
(0.1 5.4 0)
(0.15 5.4 0)
(0.2 5.4 0)
(0.25 5.4 0)
(0.3 5.4 0)
(0.35 5.4 0)
(0.4 5.4 0)
(0.45 5.4 0)
(0.5 5.4 0)
(0 5.5 0)
(0.05 5.5 0)
(0.1 5.5 0)
(0.15 5.5 0)
(0.2 5.5 0)
(0.25 5.5 0)
(0.3 5.5 0)
(0.35 5.5 0)
(0.4 5.5 0)
(0.45 5.5 0)
(0.5 5.5 0)
(0 5.6 0)
(0.05 5.6 0)
(0.1 5.6 0)
(0.15 5.6 0)
(0.2 5.6 0)
(0.25 5.6 0)
(0.3 5.6 0)
(0.35 5.6 0)
(0.4 5.6 0)
(0.45 5.6 0)
(0.5 5.6 0)
(0 5.7 0)
(0.05 5.7 0)
(0.1 5.7 0)
(0.15 5.7 0)
(0.2 5.7 0)
(0.25 5.7 0)
(0.3 5.7 0)
(0.35 5.7 0)
(0.4 5.7 0)
(0.45 5.7 0)
(0.5 5.7 0)
(0 5.8 0)
(0.05 5.8 0)
(0.1 5.8 0)
(0.15 5.8 0)
(0.2 5.8 0)
(0.25 5.8 0)
(0.3 5.8 0)
(0.35 5.8 0)
(0.4 5.8 0)
(0.45 5.8 0)
(0.5 5.8 0)
(0 5.9 0)
(0.05 5.9 0)
(0.1 5.9 0)
(0.15 5.9 0)
(0.2 5.9 0)
(0.25 5.9 0)
(0.3 5.9 0)
(0.35 5.9 0)
(0.4 5.9 0)
(0.45 5.9 0)
(0.5 5.9 0)
(0 6 0)
(0.05 6 0)
(0.1 6 0)
(0.15 6 0)
(0.2 6 0)
(0.25 6 0)
(0.3 6 0)
(0.35 6 0)
(0.4 6 0)
(0.45 6 0)
(0.5 6 0)
(0 6.1 0)
(0.05 6.1 0)
(0.1 6.1 0)
(0.15 6.1 0)
(0.2 6.1 0)
(0.25 6.1 0)
(0.3 6.1 0)
(0.35 6.1 0)
(0.4 6.1 0)
(0.45 6.1 0)
(0.5 6.1 0)
(0 6.2 0)
(0.05 6.2 0)
(0.1 6.2 0)
(0.15 6.2 0)
(0.2 6.2 0)
(0.25 6.2 0)
(0.3 6.2 0)
(0.35 6.2 0)
(0.4 6.2 0)
(0.45 6.2 0)
(0.5 6.2 0)
(0 6.3 0)
(0.05 6.3 0)
(0.1 6.3 0)
(0.15 6.3 0)
(0.2 6.3 0)
(0.25 6.3 0)
(0.3 6.3 0)
(0.35 6.3 0)
(0.4 6.3 0)
(0.45 6.3 0)
(0.5 6.3 0)
(0 6.4 0)
(0.05 6.4 0)
(0.1 6.4 0)
(0.15 6.4 0)
(0.2 6.4 0)
(0.25 6.4 0)
(0.3 6.4 0)
(0.35 6.4 0)
(0.4 6.4 0)
(0.45 6.4 0)
(0.5 6.4 0)
(0 6.5 0)
(0.05 6.5 0)
(0.1 6.5 0)
(0.15 6.5 0)
(0.2 6.5 0)
(0.25 6.5 0)
(0.3 6.5 0)
(0.35 6.5 0)
(0.4 6.5 0)
(0.45 6.5 0)
(0.5 6.5 0)
(0 6.6 0)
(0.05 6.6 0)
(0.1 6.6 0)
(0.15 6.6 0)
(0.2 6.6 0)
(0.25 6.6 0)
(0.3 6.6 0)
(0.35 6.6 0)
(0.4 6.6 0)
(0.45 6.6 0)
(0.5 6.6 0)
(0 6.7 0)
(0.05 6.7 0)
(0.1 6.7 0)
(0.15 6.7 0)
(0.2 6.7 0)
(0.25 6.7 0)
(0.3 6.7 0)
(0.35 6.7 0)
(0.4 6.7 0)
(0.45 6.7 0)
(0.5 6.7 0)
(0 6.8 0)
(0.05 6.8 0)
(0.1 6.8 0)
(0.15 6.8 0)
(0.2 6.8 0)
(0.25 6.8 0)
(0.3 6.8 0)
(0.35 6.8 0)
(0.4 6.8 0)
(0.45 6.8 0)
(0.5 6.8 0)
(0 6.9 0)
(0.05 6.9 0)
(0.1 6.9 0)
(0.15 6.9 0)
(0.2 6.9 0)
(0.25 6.9 0)
(0.3 6.9 0)
(0.35 6.9 0)
(0.4 6.9 0)
(0.45 6.9 0)
(0.5 6.9 0)
(0 7 0)
(0.05 7 0)
(0.1 7 0)
(0.15 7 0)
(0.2 7 0)
(0.25 7 0)
(0.3 7 0)
(0.35 7 0)
(0.4 7 0)
(0.45 7 0)
(0.5 7 0)
(0 7.1 0)
(0.05 7.1 0)
(0.1 7.1 0)
(0.15 7.1 0)
(0.2 7.1 0)
(0.25 7.1 0)
(0.3 7.1 0)
(0.35 7.1 0)
(0.4 7.1 0)
(0.45 7.1 0)
(0.5 7.1 0)
(0 7.2 0)
(0.05 7.2 0)
(0.1 7.2 0)
(0.15 7.2 0)
(0.2 7.2 0)
(0.25 7.2 0)
(0.3 7.2 0)
(0.35 7.2 0)
(0.4 7.2 0)
(0.45 7.2 0)
(0.5 7.2 0)
(0 7.3 0)
(0.05 7.3 0)
(0.1 7.3 0)
(0.15 7.3 0)
(0.2 7.3 0)
(0.25 7.3 0)
(0.3 7.3 0)
(0.35 7.3 0)
(0.4 7.3 0)
(0.45 7.3 0)
(0.5 7.3 0)
(0 7.4 0)
(0.05 7.4 0)
(0.1 7.4 0)
(0.15 7.4 0)
(0.2 7.4 0)
(0.25 7.4 0)
(0.3 7.4 0)
(0.35 7.4 0)
(0.4 7.4 0)
(0.45 7.4 0)
(0.5 7.4 0)
(0 7.5 0)
(0.05 7.5 0)
(0.1 7.5 0)
(0.15 7.5 0)
(0.2 7.5 0)
(0.25 7.5 0)
(0.3 7.5 0)
(0.35 7.5 0)
(0.4 7.5 0)
(0.45 7.5 0)
(0.5 7.5 0)
(0 7.6 0)
(0.05 7.6 0)
(0.1 7.6 0)
(0.15 7.6 0)
(0.2 7.6 0)
(0.25 7.6 0)
(0.3 7.6 0)
(0.35 7.6 0)
(0.4 7.6 0)
(0.45 7.6 0)
(0.5 7.6 0)
(0 7.7 0)
(0.05 7.7 0)
(0.1 7.7 0)
(0.15 7.7 0)
(0.2 7.7 0)
(0.25 7.7 0)
(0.3 7.7 0)
(0.35 7.7 0)
(0.4 7.7 0)
(0.45 7.7 0)
(0.5 7.7 0)
(0 7.8 0)
(0.05 7.8 0)
(0.1 7.8 0)
(0.15 7.8 0)
(0.2 7.8 0)
(0.25 7.8 0)
(0.3 7.8 0)
(0.35 7.8 0)
(0.4 7.8 0)
(0.45 7.8 0)
(0.5 7.8 0)
(0 7.9 0)
(0.05 7.9 0)
(0.1 7.9 0)
(0.15 7.9 0)
(0.2 7.9 0)
(0.25 7.9 0)
(0.3 7.9 0)
(0.35 7.9 0)
(0.4 7.9 0)
(0.45 7.9 0)
(0.5 7.9 0)
(0 8 0)
(0.05 8 0)
(0.1 8 0)
(0.15 8 0)
(0.2 8 0)
(0.25 8 0)
(0.3 8 0)
(0.35 8 0)
(0.4 8 0)
(0.45 8 0)
(0.5 8 0)
(0 8.1 0)
(0.05 8.1 0)
(0.1 8.1 0)
(0.15 8.1 0)
(0.2 8.1 0)
(0.25 8.1 0)
(0.3 8.1 0)
(0.35 8.1 0)
(0.4 8.1 0)
(0.45 8.1 0)
(0.5 8.1 0)
(0 8.2 0)
(0.05 8.2 0)
(0.1 8.2 0)
(0.15 8.2 0)
(0.2 8.2 0)
(0.25 8.2 0)
(0.3 8.2 0)
(0.35 8.2 0)
(0.4 8.2 0)
(0.45 8.2 0)
(0.5 8.2 0)
(0 8.3 0)
(0.05 8.3 0)
(0.1 8.3 0)
(0.15 8.3 0)
(0.2 8.3 0)
(0.25 8.3 0)
(0.3 8.3 0)
(0.35 8.3 0)
(0.4 8.3 0)
(0.45 8.3 0)
(0.5 8.3 0)
(0 8.4 0)
(0.05 8.4 0)
(0.1 8.4 0)
(0.15 8.4 0)
(0.2 8.4 0)
(0.25 8.4 0)
(0.3 8.4 0)
(0.35 8.4 0)
(0.4 8.4 0)
(0.45 8.4 0)
(0.5 8.4 0)
(0 8.5 0)
(0.05 8.5 0)
(0.1 8.5 0)
(0.15 8.5 0)
(0.2 8.5 0)
(0.25 8.5 0)
(0.3 8.5 0)
(0.35 8.5 0)
(0.4 8.5 0)
(0.45 8.5 0)
(0.5 8.5 0)
(0 8.6 0)
(0.05 8.6 0)
(0.1 8.6 0)
(0.15 8.6 0)
(0.2 8.6 0)
(0.25 8.6 0)
(0.3 8.6 0)
(0.35 8.6 0)
(0.4 8.6 0)
(0.45 8.6 0)
(0.5 8.6 0)
(0 8.7 0)
(0.05 8.7 0)
(0.1 8.7 0)
(0.15 8.7 0)
(0.2 8.7 0)
(0.25 8.7 0)
(0.3 8.7 0)
(0.35 8.7 0)
(0.4 8.7 0)
(0.45 8.7 0)
(0.5 8.7 0)
(0 8.8 0)
(0.05 8.8 0)
(0.1 8.8 0)
(0.15 8.8 0)
(0.2 8.8 0)
(0.25 8.8 0)
(0.3 8.8 0)
(0.35 8.8 0)
(0.4 8.8 0)
(0.45 8.8 0)
(0.5 8.8 0)
(0 8.9 0)
(0.05 8.9 0)
(0.1 8.9 0)
(0.15 8.9 0)
(0.2 8.9 0)
(0.25 8.9 0)
(0.3 8.9 0)
(0.35 8.9 0)
(0.4 8.9 0)
(0.45 8.9 0)
(0.5 8.9 0)
(0 9 0)
(0.05 9 0)
(0.1 9 0)
(0.15 9 0)
(0.2 9 0)
(0.25 9 0)
(0.3 9 0)
(0.35 9 0)
(0.4 9 0)
(0.45 9 0)
(0.5 9 0)
(0 9.1 0)
(0.05 9.1 0)
(0.1 9.1 0)
(0.15 9.1 0)
(0.2 9.1 0)
(0.25 9.1 0)
(0.3 9.1 0)
(0.35 9.1 0)
(0.4 9.1 0)
(0.45 9.1 0)
(0.5 9.1 0)
(0 9.2 0)
(0.05 9.2 0)
(0.1 9.2 0)
(0.15 9.2 0)
(0.2 9.2 0)
(0.25 9.2 0)
(0.3 9.2 0)
(0.35 9.2 0)
(0.4 9.2 0)
(0.45 9.2 0)
(0.5 9.2 0)
(0 9.3 0)
(0.05 9.3 0)
(0.1 9.3 0)
(0.15 9.3 0)
(0.2 9.3 0)
(0.25 9.3 0)
(0.3 9.3 0)
(0.35 9.3 0)
(0.4 9.3 0)
(0.45 9.3 0)
(0.5 9.3 0)
(0 9.4 0)
(0.05 9.4 0)
(0.1 9.4 0)
(0.15 9.4 0)
(0.2 9.4 0)
(0.25 9.4 0)
(0.3 9.4 0)
(0.35 9.4 0)
(0.4 9.4 0)
(0.45 9.4 0)
(0.5 9.4 0)
(0 9.5 0)
(0.05 9.5 0)
(0.1 9.5 0)
(0.15 9.5 0)
(0.2 9.5 0)
(0.25 9.5 0)
(0.3 9.5 0)
(0.35 9.5 0)
(0.4 9.5 0)
(0.45 9.5 0)
(0.5 9.5 0)
(0 9.6 0)
(0.05 9.6 0)
(0.1 9.6 0)
(0.15 9.6 0)
(0.2 9.6 0)
(0.25 9.6 0)
(0.3 9.6 0)
(0.35 9.6 0)
(0.4 9.6 0)
(0.45 9.6 0)
(0.5 9.6 0)
(0 9.7 0)
(0.05 9.7 0)
(0.1 9.7 0)
(0.15 9.7 0)
(0.2 9.7 0)
(0.25 9.7 0)
(0.3 9.7 0)
(0.35 9.7 0)
(0.4 9.7 0)
(0.45 9.7 0)
(0.5 9.7 0)
(0 9.8 0)
(0.05 9.8 0)
(0.1 9.8 0)
(0.15 9.8 0)
(0.2 9.8 0)
(0.25 9.8 0)
(0.3 9.8 0)
(0.35 9.8 0)
(0.4 9.8 0)
(0.45 9.8 0)
(0.5 9.8 0)
(0 9.9 0)
(0.05 9.9 0)
(0.1 9.9 0)
(0.15 9.9 0)
(0.2 9.9 0)
(0.25 9.9 0)
(0.3 9.9 0)
(0.35 9.9 0)
(0.4 9.9 0)
(0.45 9.9 0)
(0.5 9.9 0)
(0 10 0)
(0.05 10 0)
(0.1 10 0)
(0.15 10 0)
(0.2 10 0)
(0.25 10 0)
(0.3 10 0)
(0.35 10 0)
(0.4 10 0)
(0.45 10 0)
(0.5 10 0)
(0 0 1)
(0.05 0 1)
(0.1 0 1)
(0.15 0 1)
(0.2 0 1)
(0.25 0 1)
(0.3 0 1)
(0.35 0 1)
(0.4 0 1)
(0.45 0 1)
(0.5 0 1)
(0 0.1 1)
(0.05 0.1 1)
(0.1 0.1 1)
(0.15 0.1 1)
(0.2 0.1 1)
(0.25 0.1 1)
(0.3 0.1 1)
(0.35 0.1 1)
(0.4 0.1 1)
(0.45 0.1 1)
(0.5 0.1 1)
(0 0.2 1)
(0.05 0.2 1)
(0.1 0.2 1)
(0.15 0.2 1)
(0.2 0.2 1)
(0.25 0.2 1)
(0.3 0.2 1)
(0.35 0.2 1)
(0.4 0.2 1)
(0.45 0.2 1)
(0.5 0.2 1)
(0 0.3 1)
(0.05 0.3 1)
(0.1 0.3 1)
(0.15 0.3 1)
(0.2 0.3 1)
(0.25 0.3 1)
(0.3 0.3 1)
(0.35 0.3 1)
(0.4 0.3 1)
(0.45 0.3 1)
(0.5 0.3 1)
(0 0.4 1)
(0.05 0.4 1)
(0.1 0.4 1)
(0.15 0.4 1)
(0.2 0.4 1)
(0.25 0.4 1)
(0.3 0.4 1)
(0.35 0.4 1)
(0.4 0.4 1)
(0.45 0.4 1)
(0.5 0.4 1)
(0 0.5 1)
(0.05 0.5 1)
(0.1 0.5 1)
(0.15 0.5 1)
(0.2 0.5 1)
(0.25 0.5 1)
(0.3 0.5 1)
(0.35 0.5 1)
(0.4 0.5 1)
(0.45 0.5 1)
(0.5 0.5 1)
(0 0.6 1)
(0.05 0.6 1)
(0.1 0.6 1)
(0.15 0.6 1)
(0.2 0.6 1)
(0.25 0.6 1)
(0.3 0.6 1)
(0.35 0.6 1)
(0.4 0.6 1)
(0.45 0.6 1)
(0.5 0.6 1)
(0 0.7 1)
(0.05 0.7 1)
(0.1 0.7 1)
(0.15 0.7 1)
(0.2 0.7 1)
(0.25 0.7 1)
(0.3 0.7 1)
(0.35 0.7 1)
(0.4 0.7 1)
(0.45 0.7 1)
(0.5 0.7 1)
(0 0.8 1)
(0.05 0.8 1)
(0.1 0.8 1)
(0.15 0.8 1)
(0.2 0.8 1)
(0.25 0.8 1)
(0.3 0.8 1)
(0.35 0.8 1)
(0.4 0.8 1)
(0.45 0.8 1)
(0.5 0.8 1)
(0 0.9 1)
(0.05 0.9 1)
(0.1 0.9 1)
(0.15 0.9 1)
(0.2 0.9 1)
(0.25 0.9 1)
(0.3 0.9 1)
(0.35 0.9 1)
(0.4 0.9 1)
(0.45 0.9 1)
(0.5 0.9 1)
(0 1 1)
(0.05 1 1)
(0.1 1 1)
(0.15 1 1)
(0.2 1 1)
(0.25 1 1)
(0.3 1 1)
(0.35 1 1)
(0.4 1 1)
(0.45 1 1)
(0.5 1 1)
(0 1.1 1)
(0.05 1.1 1)
(0.1 1.1 1)
(0.15 1.1 1)
(0.2 1.1 1)
(0.25 1.1 1)
(0.3 1.1 1)
(0.35 1.1 1)
(0.4 1.1 1)
(0.45 1.1 1)
(0.5 1.1 1)
(0 1.2 1)
(0.05 1.2 1)
(0.1 1.2 1)
(0.15 1.2 1)
(0.2 1.2 1)
(0.25 1.2 1)
(0.3 1.2 1)
(0.35 1.2 1)
(0.4 1.2 1)
(0.45 1.2 1)
(0.5 1.2 1)
(0 1.3 1)
(0.05 1.3 1)
(0.1 1.3 1)
(0.15 1.3 1)
(0.2 1.3 1)
(0.25 1.3 1)
(0.3 1.3 1)
(0.35 1.3 1)
(0.4 1.3 1)
(0.45 1.3 1)
(0.5 1.3 1)
(0 1.4 1)
(0.05 1.4 1)
(0.1 1.4 1)
(0.15 1.4 1)
(0.2 1.4 1)
(0.25 1.4 1)
(0.3 1.4 1)
(0.35 1.4 1)
(0.4 1.4 1)
(0.45 1.4 1)
(0.5 1.4 1)
(0 1.5 1)
(0.05 1.5 1)
(0.1 1.5 1)
(0.15 1.5 1)
(0.2 1.5 1)
(0.25 1.5 1)
(0.3 1.5 1)
(0.35 1.5 1)
(0.4 1.5 1)
(0.45 1.5 1)
(0.5 1.5 1)
(0 1.6 1)
(0.05 1.6 1)
(0.1 1.6 1)
(0.15 1.6 1)
(0.2 1.6 1)
(0.25 1.6 1)
(0.3 1.6 1)
(0.35 1.6 1)
(0.4 1.6 1)
(0.45 1.6 1)
(0.5 1.6 1)
(0 1.7 1)
(0.05 1.7 1)
(0.1 1.7 1)
(0.15 1.7 1)
(0.2 1.7 1)
(0.25 1.7 1)
(0.3 1.7 1)
(0.35 1.7 1)
(0.4 1.7 1)
(0.45 1.7 1)
(0.5 1.7 1)
(0 1.8 1)
(0.05 1.8 1)
(0.1 1.8 1)
(0.15 1.8 1)
(0.2 1.8 1)
(0.25 1.8 1)
(0.3 1.8 1)
(0.35 1.8 1)
(0.4 1.8 1)
(0.45 1.8 1)
(0.5 1.8 1)
(0 1.9 1)
(0.05 1.9 1)
(0.1 1.9 1)
(0.15 1.9 1)
(0.2 1.9 1)
(0.25 1.9 1)
(0.3 1.9 1)
(0.35 1.9 1)
(0.4 1.9 1)
(0.45 1.9 1)
(0.5 1.9 1)
(0 2 1)
(0.05 2 1)
(0.1 2 1)
(0.15 2 1)
(0.2 2 1)
(0.25 2 1)
(0.3 2 1)
(0.35 2 1)
(0.4 2 1)
(0.45 2 1)
(0.5 2 1)
(0 2.1 1)
(0.05 2.1 1)
(0.1 2.1 1)
(0.15 2.1 1)
(0.2 2.1 1)
(0.25 2.1 1)
(0.3 2.1 1)
(0.35 2.1 1)
(0.4 2.1 1)
(0.45 2.1 1)
(0.5 2.1 1)
(0 2.2 1)
(0.05 2.2 1)
(0.1 2.2 1)
(0.15 2.2 1)
(0.2 2.2 1)
(0.25 2.2 1)
(0.3 2.2 1)
(0.35 2.2 1)
(0.4 2.2 1)
(0.45 2.2 1)
(0.5 2.2 1)
(0 2.3 1)
(0.05 2.3 1)
(0.1 2.3 1)
(0.15 2.3 1)
(0.2 2.3 1)
(0.25 2.3 1)
(0.3 2.3 1)
(0.35 2.3 1)
(0.4 2.3 1)
(0.45 2.3 1)
(0.5 2.3 1)
(0 2.4 1)
(0.05 2.4 1)
(0.1 2.4 1)
(0.15 2.4 1)
(0.2 2.4 1)
(0.25 2.4 1)
(0.3 2.4 1)
(0.35 2.4 1)
(0.4 2.4 1)
(0.45 2.4 1)
(0.5 2.4 1)
(0 2.5 1)
(0.05 2.5 1)
(0.1 2.5 1)
(0.15 2.5 1)
(0.2 2.5 1)
(0.25 2.5 1)
(0.3 2.5 1)
(0.35 2.5 1)
(0.4 2.5 1)
(0.45 2.5 1)
(0.5 2.5 1)
(0 2.6 1)
(0.05 2.6 1)
(0.1 2.6 1)
(0.15 2.6 1)
(0.2 2.6 1)
(0.25 2.6 1)
(0.3 2.6 1)
(0.35 2.6 1)
(0.4 2.6 1)
(0.45 2.6 1)
(0.5 2.6 1)
(0 2.7 1)
(0.05 2.7 1)
(0.1 2.7 1)
(0.15 2.7 1)
(0.2 2.7 1)
(0.25 2.7 1)
(0.3 2.7 1)
(0.35 2.7 1)
(0.4 2.7 1)
(0.45 2.7 1)
(0.5 2.7 1)
(0 2.8 1)
(0.05 2.8 1)
(0.1 2.8 1)
(0.15 2.8 1)
(0.2 2.8 1)
(0.25 2.8 1)
(0.3 2.8 1)
(0.35 2.8 1)
(0.4 2.8 1)
(0.45 2.8 1)
(0.5 2.8 1)
(0 2.9 1)
(0.05 2.9 1)
(0.1 2.9 1)
(0.15 2.9 1)
(0.2 2.9 1)
(0.25 2.9 1)
(0.3 2.9 1)
(0.35 2.9 1)
(0.4 2.9 1)
(0.45 2.9 1)
(0.5 2.9 1)
(0 3 1)
(0.05 3 1)
(0.1 3 1)
(0.15 3 1)
(0.2 3 1)
(0.25 3 1)
(0.3 3 1)
(0.35 3 1)
(0.4 3 1)
(0.45 3 1)
(0.5 3 1)
(0 3.1 1)
(0.05 3.1 1)
(0.1 3.1 1)
(0.15 3.1 1)
(0.2 3.1 1)
(0.25 3.1 1)
(0.3 3.1 1)
(0.35 3.1 1)
(0.4 3.1 1)
(0.45 3.1 1)
(0.5 3.1 1)
(0 3.2 1)
(0.05 3.2 1)
(0.1 3.2 1)
(0.15 3.2 1)
(0.2 3.2 1)
(0.25 3.2 1)
(0.3 3.2 1)
(0.35 3.2 1)
(0.4 3.2 1)
(0.45 3.2 1)
(0.5 3.2 1)
(0 3.3 1)
(0.05 3.3 1)
(0.1 3.3 1)
(0.15 3.3 1)
(0.2 3.3 1)
(0.25 3.3 1)
(0.3 3.3 1)
(0.35 3.3 1)
(0.4 3.3 1)
(0.45 3.3 1)
(0.5 3.3 1)
(0 3.4 1)
(0.05 3.4 1)
(0.1 3.4 1)
(0.15 3.4 1)
(0.2 3.4 1)
(0.25 3.4 1)
(0.3 3.4 1)
(0.35 3.4 1)
(0.4 3.4 1)
(0.45 3.4 1)
(0.5 3.4 1)
(0 3.5 1)
(0.05 3.5 1)
(0.1 3.5 1)
(0.15 3.5 1)
(0.2 3.5 1)
(0.25 3.5 1)
(0.3 3.5 1)
(0.35 3.5 1)
(0.4 3.5 1)
(0.45 3.5 1)
(0.5 3.5 1)
(0 3.6 1)
(0.05 3.6 1)
(0.1 3.6 1)
(0.15 3.6 1)
(0.2 3.6 1)
(0.25 3.6 1)
(0.3 3.6 1)
(0.35 3.6 1)
(0.4 3.6 1)
(0.45 3.6 1)
(0.5 3.6 1)
(0 3.7 1)
(0.05 3.7 1)
(0.1 3.7 1)
(0.15 3.7 1)
(0.2 3.7 1)
(0.25 3.7 1)
(0.3 3.7 1)
(0.35 3.7 1)
(0.4 3.7 1)
(0.45 3.7 1)
(0.5 3.7 1)
(0 3.8 1)
(0.05 3.8 1)
(0.1 3.8 1)
(0.15 3.8 1)
(0.2 3.8 1)
(0.25 3.8 1)
(0.3 3.8 1)
(0.35 3.8 1)
(0.4 3.8 1)
(0.45 3.8 1)
(0.5 3.8 1)
(0 3.9 1)
(0.05 3.9 1)
(0.1 3.9 1)
(0.15 3.9 1)
(0.2 3.9 1)
(0.25 3.9 1)
(0.3 3.9 1)
(0.35 3.9 1)
(0.4 3.9 1)
(0.45 3.9 1)
(0.5 3.9 1)
(0 4 1)
(0.05 4 1)
(0.1 4 1)
(0.15 4 1)
(0.2 4 1)
(0.25 4 1)
(0.3 4 1)
(0.35 4 1)
(0.4 4 1)
(0.45 4 1)
(0.5 4 1)
(0 4.1 1)
(0.05 4.1 1)
(0.1 4.1 1)
(0.15 4.1 1)
(0.2 4.1 1)
(0.25 4.1 1)
(0.3 4.1 1)
(0.35 4.1 1)
(0.4 4.1 1)
(0.45 4.1 1)
(0.5 4.1 1)
(0 4.2 1)
(0.05 4.2 1)
(0.1 4.2 1)
(0.15 4.2 1)
(0.2 4.2 1)
(0.25 4.2 1)
(0.3 4.2 1)
(0.35 4.2 1)
(0.4 4.2 1)
(0.45 4.2 1)
(0.5 4.2 1)
(0 4.3 1)
(0.05 4.3 1)
(0.1 4.3 1)
(0.15 4.3 1)
(0.2 4.3 1)
(0.25 4.3 1)
(0.3 4.3 1)
(0.35 4.3 1)
(0.4 4.3 1)
(0.45 4.3 1)
(0.5 4.3 1)
(0 4.4 1)
(0.05 4.4 1)
(0.1 4.4 1)
(0.15 4.4 1)
(0.2 4.4 1)
(0.25 4.4 1)
(0.3 4.4 1)
(0.35 4.4 1)
(0.4 4.4 1)
(0.45 4.4 1)
(0.5 4.4 1)
(0 4.5 1)
(0.05 4.5 1)
(0.1 4.5 1)
(0.15 4.5 1)
(0.2 4.5 1)
(0.25 4.5 1)
(0.3 4.5 1)
(0.35 4.5 1)
(0.4 4.5 1)
(0.45 4.5 1)
(0.5 4.5 1)
(0 4.6 1)
(0.05 4.6 1)
(0.1 4.6 1)
(0.15 4.6 1)
(0.2 4.6 1)
(0.25 4.6 1)
(0.3 4.6 1)
(0.35 4.6 1)
(0.4 4.6 1)
(0.45 4.6 1)
(0.5 4.6 1)
(0 4.7 1)
(0.05 4.7 1)
(0.1 4.7 1)
(0.15 4.7 1)
(0.2 4.7 1)
(0.25 4.7 1)
(0.3 4.7 1)
(0.35 4.7 1)
(0.4 4.7 1)
(0.45 4.7 1)
(0.5 4.7 1)
(0 4.8 1)
(0.05 4.8 1)
(0.1 4.8 1)
(0.15 4.8 1)
(0.2 4.8 1)
(0.25 4.8 1)
(0.3 4.8 1)
(0.35 4.8 1)
(0.4 4.8 1)
(0.45 4.8 1)
(0.5 4.8 1)
(0 4.9 1)
(0.05 4.9 1)
(0.1 4.9 1)
(0.15 4.9 1)
(0.2 4.9 1)
(0.25 4.9 1)
(0.3 4.9 1)
(0.35 4.9 1)
(0.4 4.9 1)
(0.45 4.9 1)
(0.5 4.9 1)
(0 5 1)
(0.05 5 1)
(0.1 5 1)
(0.15 5 1)
(0.2 5 1)
(0.25 5 1)
(0.3 5 1)
(0.35 5 1)
(0.4 5 1)
(0.45 5 1)
(0.5 5 1)
(0 5.1 1)
(0.05 5.1 1)
(0.1 5.1 1)
(0.15 5.1 1)
(0.2 5.1 1)
(0.25 5.1 1)
(0.3 5.1 1)
(0.35 5.1 1)
(0.4 5.1 1)
(0.45 5.1 1)
(0.5 5.1 1)
(0 5.2 1)
(0.05 5.2 1)
(0.1 5.2 1)
(0.15 5.2 1)
(0.2 5.2 1)
(0.25 5.2 1)
(0.3 5.2 1)
(0.35 5.2 1)
(0.4 5.2 1)
(0.45 5.2 1)
(0.5 5.2 1)
(0 5.3 1)
(0.05 5.3 1)
(0.1 5.3 1)
(0.15 5.3 1)
(0.2 5.3 1)
(0.25 5.3 1)
(0.3 5.3 1)
(0.35 5.3 1)
(0.4 5.3 1)
(0.45 5.3 1)
(0.5 5.3 1)
(0 5.4 1)
(0.05 5.4 1)
(0.1 5.4 1)
(0.15 5.4 1)
(0.2 5.4 1)
(0.25 5.4 1)
(0.3 5.4 1)
(0.35 5.4 1)
(0.4 5.4 1)
(0.45 5.4 1)
(0.5 5.4 1)
(0 5.5 1)
(0.05 5.5 1)
(0.1 5.5 1)
(0.15 5.5 1)
(0.2 5.5 1)
(0.25 5.5 1)
(0.3 5.5 1)
(0.35 5.5 1)
(0.4 5.5 1)
(0.45 5.5 1)
(0.5 5.5 1)
(0 5.6 1)
(0.05 5.6 1)
(0.1 5.6 1)
(0.15 5.6 1)
(0.2 5.6 1)
(0.25 5.6 1)
(0.3 5.6 1)
(0.35 5.6 1)
(0.4 5.6 1)
(0.45 5.6 1)
(0.5 5.6 1)
(0 5.7 1)
(0.05 5.7 1)
(0.1 5.7 1)
(0.15 5.7 1)
(0.2 5.7 1)
(0.25 5.7 1)
(0.3 5.7 1)
(0.35 5.7 1)
(0.4 5.7 1)
(0.45 5.7 1)
(0.5 5.7 1)
(0 5.8 1)
(0.05 5.8 1)
(0.1 5.8 1)
(0.15 5.8 1)
(0.2 5.8 1)
(0.25 5.8 1)
(0.3 5.8 1)
(0.35 5.8 1)
(0.4 5.8 1)
(0.45 5.8 1)
(0.5 5.8 1)
(0 5.9 1)
(0.05 5.9 1)
(0.1 5.9 1)
(0.15 5.9 1)
(0.2 5.9 1)
(0.25 5.9 1)
(0.3 5.9 1)
(0.35 5.9 1)
(0.4 5.9 1)
(0.45 5.9 1)
(0.5 5.9 1)
(0 6 1)
(0.05 6 1)
(0.1 6 1)
(0.15 6 1)
(0.2 6 1)
(0.25 6 1)
(0.3 6 1)
(0.35 6 1)
(0.4 6 1)
(0.45 6 1)
(0.5 6 1)
(0 6.1 1)
(0.05 6.1 1)
(0.1 6.1 1)
(0.15 6.1 1)
(0.2 6.1 1)
(0.25 6.1 1)
(0.3 6.1 1)
(0.35 6.1 1)
(0.4 6.1 1)
(0.45 6.1 1)
(0.5 6.1 1)
(0 6.2 1)
(0.05 6.2 1)
(0.1 6.2 1)
(0.15 6.2 1)
(0.2 6.2 1)
(0.25 6.2 1)
(0.3 6.2 1)
(0.35 6.2 1)
(0.4 6.2 1)
(0.45 6.2 1)
(0.5 6.2 1)
(0 6.3 1)
(0.05 6.3 1)
(0.1 6.3 1)
(0.15 6.3 1)
(0.2 6.3 1)
(0.25 6.3 1)
(0.3 6.3 1)
(0.35 6.3 1)
(0.4 6.3 1)
(0.45 6.3 1)
(0.5 6.3 1)
(0 6.4 1)
(0.05 6.4 1)
(0.1 6.4 1)
(0.15 6.4 1)
(0.2 6.4 1)
(0.25 6.4 1)
(0.3 6.4 1)
(0.35 6.4 1)
(0.4 6.4 1)
(0.45 6.4 1)
(0.5 6.4 1)
(0 6.5 1)
(0.05 6.5 1)
(0.1 6.5 1)
(0.15 6.5 1)
(0.2 6.5 1)
(0.25 6.5 1)
(0.3 6.5 1)
(0.35 6.5 1)
(0.4 6.5 1)
(0.45 6.5 1)
(0.5 6.5 1)
(0 6.6 1)
(0.05 6.6 1)
(0.1 6.6 1)
(0.15 6.6 1)
(0.2 6.6 1)
(0.25 6.6 1)
(0.3 6.6 1)
(0.35 6.6 1)
(0.4 6.6 1)
(0.45 6.6 1)
(0.5 6.6 1)
(0 6.7 1)
(0.05 6.7 1)
(0.1 6.7 1)
(0.15 6.7 1)
(0.2 6.7 1)
(0.25 6.7 1)
(0.3 6.7 1)
(0.35 6.7 1)
(0.4 6.7 1)
(0.45 6.7 1)
(0.5 6.7 1)
(0 6.8 1)
(0.05 6.8 1)
(0.1 6.8 1)
(0.15 6.8 1)
(0.2 6.8 1)
(0.25 6.8 1)
(0.3 6.8 1)
(0.35 6.8 1)
(0.4 6.8 1)
(0.45 6.8 1)
(0.5 6.8 1)
(0 6.9 1)
(0.05 6.9 1)
(0.1 6.9 1)
(0.15 6.9 1)
(0.2 6.9 1)
(0.25 6.9 1)
(0.3 6.9 1)
(0.35 6.9 1)
(0.4 6.9 1)
(0.45 6.9 1)
(0.5 6.9 1)
(0 7 1)
(0.05 7 1)
(0.1 7 1)
(0.15 7 1)
(0.2 7 1)
(0.25 7 1)
(0.3 7 1)
(0.35 7 1)
(0.4 7 1)
(0.45 7 1)
(0.5 7 1)
(0 7.1 1)
(0.05 7.1 1)
(0.1 7.1 1)
(0.15 7.1 1)
(0.2 7.1 1)
(0.25 7.1 1)
(0.3 7.1 1)
(0.35 7.1 1)
(0.4 7.1 1)
(0.45 7.1 1)
(0.5 7.1 1)
(0 7.2 1)
(0.05 7.2 1)
(0.1 7.2 1)
(0.15 7.2 1)
(0.2 7.2 1)
(0.25 7.2 1)
(0.3 7.2 1)
(0.35 7.2 1)
(0.4 7.2 1)
(0.45 7.2 1)
(0.5 7.2 1)
(0 7.3 1)
(0.05 7.3 1)
(0.1 7.3 1)
(0.15 7.3 1)
(0.2 7.3 1)
(0.25 7.3 1)
(0.3 7.3 1)
(0.35 7.3 1)
(0.4 7.3 1)
(0.45 7.3 1)
(0.5 7.3 1)
(0 7.4 1)
(0.05 7.4 1)
(0.1 7.4 1)
(0.15 7.4 1)
(0.2 7.4 1)
(0.25 7.4 1)
(0.3 7.4 1)
(0.35 7.4 1)
(0.4 7.4 1)
(0.45 7.4 1)
(0.5 7.4 1)
(0 7.5 1)
(0.05 7.5 1)
(0.1 7.5 1)
(0.15 7.5 1)
(0.2 7.5 1)
(0.25 7.5 1)
(0.3 7.5 1)
(0.35 7.5 1)
(0.4 7.5 1)
(0.45 7.5 1)
(0.5 7.5 1)
(0 7.6 1)
(0.05 7.6 1)
(0.1 7.6 1)
(0.15 7.6 1)
(0.2 7.6 1)
(0.25 7.6 1)
(0.3 7.6 1)
(0.35 7.6 1)
(0.4 7.6 1)
(0.45 7.6 1)
(0.5 7.6 1)
(0 7.7 1)
(0.05 7.7 1)
(0.1 7.7 1)
(0.15 7.7 1)
(0.2 7.7 1)
(0.25 7.7 1)
(0.3 7.7 1)
(0.35 7.7 1)
(0.4 7.7 1)
(0.45 7.7 1)
(0.5 7.7 1)
(0 7.8 1)
(0.05 7.8 1)
(0.1 7.8 1)
(0.15 7.8 1)
(0.2 7.8 1)
(0.25 7.8 1)
(0.3 7.8 1)
(0.35 7.8 1)
(0.4 7.8 1)
(0.45 7.8 1)
(0.5 7.8 1)
(0 7.9 1)
(0.05 7.9 1)
(0.1 7.9 1)
(0.15 7.9 1)
(0.2 7.9 1)
(0.25 7.9 1)
(0.3 7.9 1)
(0.35 7.9 1)
(0.4 7.9 1)
(0.45 7.9 1)
(0.5 7.9 1)
(0 8 1)
(0.05 8 1)
(0.1 8 1)
(0.15 8 1)
(0.2 8 1)
(0.25 8 1)
(0.3 8 1)
(0.35 8 1)
(0.4 8 1)
(0.45 8 1)
(0.5 8 1)
(0 8.1 1)
(0.05 8.1 1)
(0.1 8.1 1)
(0.15 8.1 1)
(0.2 8.1 1)
(0.25 8.1 1)
(0.3 8.1 1)
(0.35 8.1 1)
(0.4 8.1 1)
(0.45 8.1 1)
(0.5 8.1 1)
(0 8.2 1)
(0.05 8.2 1)
(0.1 8.2 1)
(0.15 8.2 1)
(0.2 8.2 1)
(0.25 8.2 1)
(0.3 8.2 1)
(0.35 8.2 1)
(0.4 8.2 1)
(0.45 8.2 1)
(0.5 8.2 1)
(0 8.3 1)
(0.05 8.3 1)
(0.1 8.3 1)
(0.15 8.3 1)
(0.2 8.3 1)
(0.25 8.3 1)
(0.3 8.3 1)
(0.35 8.3 1)
(0.4 8.3 1)
(0.45 8.3 1)
(0.5 8.3 1)
(0 8.4 1)
(0.05 8.4 1)
(0.1 8.4 1)
(0.15 8.4 1)
(0.2 8.4 1)
(0.25 8.4 1)
(0.3 8.4 1)
(0.35 8.4 1)
(0.4 8.4 1)
(0.45 8.4 1)
(0.5 8.4 1)
(0 8.5 1)
(0.05 8.5 1)
(0.1 8.5 1)
(0.15 8.5 1)
(0.2 8.5 1)
(0.25 8.5 1)
(0.3 8.5 1)
(0.35 8.5 1)
(0.4 8.5 1)
(0.45 8.5 1)
(0.5 8.5 1)
(0 8.6 1)
(0.05 8.6 1)
(0.1 8.6 1)
(0.15 8.6 1)
(0.2 8.6 1)
(0.25 8.6 1)
(0.3 8.6 1)
(0.35 8.6 1)
(0.4 8.6 1)
(0.45 8.6 1)
(0.5 8.6 1)
(0 8.7 1)
(0.05 8.7 1)
(0.1 8.7 1)
(0.15 8.7 1)
(0.2 8.7 1)
(0.25 8.7 1)
(0.3 8.7 1)
(0.35 8.7 1)
(0.4 8.7 1)
(0.45 8.7 1)
(0.5 8.7 1)
(0 8.8 1)
(0.05 8.8 1)
(0.1 8.8 1)
(0.15 8.8 1)
(0.2 8.8 1)
(0.25 8.8 1)
(0.3 8.8 1)
(0.35 8.8 1)
(0.4 8.8 1)
(0.45 8.8 1)
(0.5 8.8 1)
(0 8.9 1)
(0.05 8.9 1)
(0.1 8.9 1)
(0.15 8.9 1)
(0.2 8.9 1)
(0.25 8.9 1)
(0.3 8.9 1)
(0.35 8.9 1)
(0.4 8.9 1)
(0.45 8.9 1)
(0.5 8.9 1)
(0 9 1)
(0.05 9 1)
(0.1 9 1)
(0.15 9 1)
(0.2 9 1)
(0.25 9 1)
(0.3 9 1)
(0.35 9 1)
(0.4 9 1)
(0.45 9 1)
(0.5 9 1)
(0 9.1 1)
(0.05 9.1 1)
(0.1 9.1 1)
(0.15 9.1 1)
(0.2 9.1 1)
(0.25 9.1 1)
(0.3 9.1 1)
(0.35 9.1 1)
(0.4 9.1 1)
(0.45 9.1 1)
(0.5 9.1 1)
(0 9.2 1)
(0.05 9.2 1)
(0.1 9.2 1)
(0.15 9.2 1)
(0.2 9.2 1)
(0.25 9.2 1)
(0.3 9.2 1)
(0.35 9.2 1)
(0.4 9.2 1)
(0.45 9.2 1)
(0.5 9.2 1)
(0 9.3 1)
(0.05 9.3 1)
(0.1 9.3 1)
(0.15 9.3 1)
(0.2 9.3 1)
(0.25 9.3 1)
(0.3 9.3 1)
(0.35 9.3 1)
(0.4 9.3 1)
(0.45 9.3 1)
(0.5 9.3 1)
(0 9.4 1)
(0.05 9.4 1)
(0.1 9.4 1)
(0.15 9.4 1)
(0.2 9.4 1)
(0.25 9.4 1)
(0.3 9.4 1)
(0.35 9.4 1)
(0.4 9.4 1)
(0.45 9.4 1)
(0.5 9.4 1)
(0 9.5 1)
(0.05 9.5 1)
(0.1 9.5 1)
(0.15 9.5 1)
(0.2 9.5 1)
(0.25 9.5 1)
(0.3 9.5 1)
(0.35 9.5 1)
(0.4 9.5 1)
(0.45 9.5 1)
(0.5 9.5 1)
(0 9.6 1)
(0.05 9.6 1)
(0.1 9.6 1)
(0.15 9.6 1)
(0.2 9.6 1)
(0.25 9.6 1)
(0.3 9.6 1)
(0.35 9.6 1)
(0.4 9.6 1)
(0.45 9.6 1)
(0.5 9.6 1)
(0 9.7 1)
(0.05 9.7 1)
(0.1 9.7 1)
(0.15 9.7 1)
(0.2 9.7 1)
(0.25 9.7 1)
(0.3 9.7 1)
(0.35 9.7 1)
(0.4 9.7 1)
(0.45 9.7 1)
(0.5 9.7 1)
(0 9.8 1)
(0.05 9.8 1)
(0.1 9.8 1)
(0.15 9.8 1)
(0.2 9.8 1)
(0.25 9.8 1)
(0.3 9.8 1)
(0.35 9.8 1)
(0.4 9.8 1)
(0.45 9.8 1)
(0.5 9.8 1)
(0 9.9 1)
(0.05 9.9 1)
(0.1 9.9 1)
(0.15 9.9 1)
(0.2 9.9 1)
(0.25 9.9 1)
(0.3 9.9 1)
(0.35 9.9 1)
(0.4 9.9 1)
(0.45 9.9 1)
(0.5 9.9 1)
(0 10 1)
(0.05 10 1)
(0.1 10 1)
(0.15 10 1)
(0.2 10 1)
(0.25 10 1)
(0.3 10 1)
(0.35 10 1)
(0.4 10 1)
(0.45 10 1)
(0.5 10 1)
)


// ************************************************************************* //
