/*--------------------------------*- C++ -*----------------------------------*\
| =========                 |                                                 |
| \\      /  F ield         | OpenFOAM: The Open Source CFD Toolbox           |
|  \\    /   O peration     | Version:  5.x                                   |
|   \\  /    A nd           | Web:      www.OpenFOAM.org                      |
|    \\/     M anipulation  |                                                 |
\*---------------------------------------------------------------------------*/
FoamFile
{
    version     2.0;
    format      ascii;
    class       volScalarField;
    location    "0.06";
    object      p;
}
// * * * * * * * * * * * * * * * * * * * * * * * * * * * * * * * * * * * * * //

dimensions      [0 2 -2 0 0 0 0];

internalField   nonuniform List<scalar> 
1000
(
5.84072
5.12429
5.35736
5.12486
5.00518
4.89626
4.78633
4.67625
4.5662
4.45616
4.34613
4.2361
4.12607
4.01605
3.90602
3.79599
3.68596
3.57593
3.4659
3.35587
3.24584
3.13582
3.02579
2.91576
2.80573
2.6957
2.58567
2.47564
2.36562
2.25559
2.14556
2.03553
1.9255
1.81547
1.70544
1.59542
1.48539
1.37536
1.26533
1.1553
1.04527
0.935243
0.825215
0.715186
0.605158
0.495129
0.3851
0.275072
0.165043
0.0550132
5.7511
5.11635
5.35858
5.12481
5.00493
4.89628
4.78634
4.67625
4.5662
4.45616
4.34613
4.2361
4.12607
4.01605
3.90602
3.79599
3.68596
3.57593
3.4659
3.35587
3.24584
3.13582
3.02579
2.91576
2.80573
2.6957
2.58567
2.47564
2.36562
2.25559
2.14556
2.03553
1.9255
1.81547
1.70544
1.59542
1.48539
1.37536
1.26533
1.1553
1.04527
0.935243
0.825215
0.715186
0.605158
0.495129
0.385099
0.275072
0.165043
0.0550133
5.70766
5.11235
5.3586
5.12443
5.00468
4.89626
4.78633
4.67624
4.5662
4.45616
4.34613
4.2361
4.12607
4.01605
3.90602
3.79599
3.68596
3.57593
3.4659
3.35587
3.24584
3.13582
3.02579
2.91576
2.80573
2.6957
2.58567
2.47564
2.36562
2.25559
2.14556
2.03553
1.9255
1.81547
1.70544
1.59542
1.48539
1.37536
1.26533
1.1553
1.04527
0.935243
0.825215
0.715186
0.605158
0.495129
0.385099
0.275072
0.165043
0.0550134
5.66733
5.10653
5.35747
5.12382
5.0044
4.8962
4.78632
4.67624
4.56619
4.45616
4.34613
4.2361
4.12607
4.01605
3.90602
3.79599
3.68596
3.57593
3.4659
3.35587
3.24584
3.13582
3.02579
2.91576
2.80573
2.6957
2.58567
2.47564
2.36562
2.25559
2.14556
2.03553
1.9255
1.81547
1.70544
1.59542
1.48539
1.37536
1.26533
1.1553
1.04527
0.935243
0.825215
0.715186
0.605158
0.495129
0.385099
0.275072
0.165044
0.0550133
5.63421
5.10066
5.35583
5.12309
5.0041
4.89613
4.7863
4.67623
4.56619
4.45616
4.34613
4.2361
4.12607
4.01605
3.90602
3.79599
3.68596
3.57593
3.4659
3.35587
3.24584
3.13582
3.02579
2.91576
2.80573
2.6957
2.58567
2.47564
2.36562
2.25559
2.14556
2.03553
1.9255
1.81547
1.70544
1.59542
1.48539
1.37536
1.26533
1.1553
1.04527
0.935243
0.825215
0.715186
0.605158
0.495129
0.385099
0.275072
0.165044
0.0550133
5.60802
5.09521
5.354
5.12233
5.00381
4.89605
4.78628
4.67622
4.56619
4.45616
4.34613
4.2361
4.12607
4.01605
3.90602
3.79599
3.68596
3.57593
3.4659
3.35587
3.24584
3.13582
3.02579
2.91576
2.80573
2.6957
2.58567
2.47564
2.36562
2.25559
2.14556
2.03553
1.9255
1.81547
1.70544
1.59542
1.48539
1.37536
1.26533
1.1553
1.04527
0.935243
0.825215
0.715186
0.605158
0.495129
0.385099
0.275072
0.165044
0.0550133
5.58787
5.09048
5.35225
5.12162
5.00355
4.89596
4.78625
4.67621
4.56619
4.45616
4.34613
4.2361
4.12607
4.01605
3.90602
3.79599
3.68596
3.57593
3.4659
3.35587
3.24584
3.13582
3.02579
2.91576
2.80573
2.6957
2.58567
2.47564
2.36562
2.25559
2.14556
2.03553
1.9255
1.81547
1.70544
1.59542
1.48539
1.37536
1.26533
1.1553
1.04527
0.935243
0.825215
0.715186
0.605158
0.495129
0.385099
0.275072
0.165044
0.0550133
5.57321
5.08674
5.35077
5.12102
5.00333
4.89589
4.78623
4.67621
4.56618
4.45616
4.34613
4.2361
4.12607
4.01605
3.90602
3.79599
3.68596
3.57593
3.4659
3.35587
3.24584
3.13582
3.02579
2.91576
2.80573
2.6957
2.58567
2.47564
2.36562
2.25559
2.14556
2.03553
1.9255
1.81547
1.70544
1.59542
1.48539
1.37536
1.26533
1.1553
1.04527
0.935243
0.825215
0.715186
0.605158
0.495129
0.385099
0.275072
0.165044
0.0550132
5.56364
5.08415
5.34971
5.12059
5.00318
4.89584
4.78621
4.6762
4.56618
4.45616
4.34613
4.2361
4.12607
4.01605
3.90602
3.79599
3.68596
3.57593
3.4659
3.35587
3.24584
3.13582
3.02579
2.91576
2.80573
2.6957
2.58567
2.47564
2.36562
2.25559
2.14556
2.03553
1.9255
1.81547
1.70544
1.59542
1.48539
1.37536
1.26533
1.1553
1.04527
0.935243
0.825215
0.715186
0.605158
0.495129
0.385099
0.275072
0.165044
0.0550132
5.55892
5.08283
5.34916
5.12037
5.0031
4.89582
4.7862
4.6762
4.56618
4.45616
4.34613
4.2361
4.12607
4.01605
3.90602
3.79599
3.68596
3.57593
3.4659
3.35587
3.24584
3.13582
3.02579
2.91576
2.80573
2.6957
2.58567
2.47564
2.36562
2.25559
2.14556
2.03553
1.9255
1.81547
1.70544
1.59542
1.48539
1.37536
1.26533
1.1553
1.04527
0.935243
0.825215
0.715186
0.605158
0.495129
0.385099
0.275072
0.165044
0.0550131
5.55892
5.08283
5.34916
5.12037
5.0031
4.89582
4.7862
4.6762
4.56618
4.45616
4.34613
4.2361
4.12607
4.01605
3.90602
3.79599
3.68596
3.57593
3.4659
3.35587
3.24584
3.13582
3.02579
2.91576
2.80573
2.6957
2.58567
2.47564
2.36562
2.25559
2.14556
2.03553
1.9255
1.81547
1.70544
1.59542
1.48539
1.37536
1.26533
1.1553
1.04527
0.935243
0.825215
0.715186
0.605158
0.495129
0.3851
0.275073
0.165044
0.0550131
5.56364
5.08415
5.34971
5.12059
5.00318
4.89584
4.78621
4.6762
4.56618
4.45616
4.34613
4.2361
4.12607
4.01605
3.90602
3.79599
3.68596
3.57593
3.4659
3.35587
3.24584
3.13582
3.02579
2.91576
2.80573
2.6957
2.58567
2.47564
2.36562
2.25559
2.14556
2.03553
1.9255
1.81547
1.70544
1.59542
1.48539
1.37536
1.26533
1.1553
1.04527
0.935243
0.825215
0.715186
0.605158
0.495129
0.3851
0.275073
0.165044
0.055013
5.57321
5.08674
5.35077
5.12102
5.00333
4.89589
4.78623
4.67621
4.56618
4.45616
4.34613
4.2361
4.12607
4.01605
3.90602
3.79599
3.68596
3.57593
3.4659
3.35587
3.24584
3.13582
3.02579
2.91576
2.80573
2.6957
2.58567
2.47564
2.36562
2.25559
2.14556
2.03553
1.9255
1.81547
1.70544
1.59542
1.48539
1.37536
1.26533
1.1553
1.04527
0.935243
0.825215
0.715186
0.605158
0.495129
0.3851
0.275073
0.165044
0.055013
5.58787
5.09048
5.35225
5.12162
5.00355
4.89596
4.78625
4.67621
4.56619
4.45616
4.34613
4.2361
4.12607
4.01605
3.90602
3.79599
3.68596
3.57593
3.4659
3.35587
3.24584
3.13582
3.02579
2.91576
2.80573
2.6957
2.58567
2.47564
2.36562
2.25559
2.14556
2.03553
1.9255
1.81547
1.70544
1.59542
1.48539
1.37536
1.26533
1.1553
1.04527
0.935243
0.825215
0.715186
0.605158
0.495129
0.3851
0.275073
0.165044
0.0550129
5.60802
5.09521
5.354
5.12233
5.00381
4.89605
4.78628
4.67622
4.56619
4.45616
4.34613
4.2361
4.12607
4.01605
3.90602
3.79599
3.68596
3.57593
3.4659
3.35587
3.24584
3.13582
3.02579
2.91576
2.80573
2.6957
2.58567
2.47564
2.36562
2.25559
2.14556
2.03553
1.9255
1.81547
1.70544
1.59542
1.48539
1.37536
1.26533
1.1553
1.04527
0.935243
0.825215
0.715186
0.605158
0.495129
0.3851
0.275073
0.165044
0.0550129
5.63421
5.10066
5.35583
5.12309
5.0041
4.89613
4.7863
4.67623
4.56619
4.45616
4.34613
4.2361
4.12607
4.01605
3.90602
3.79599
3.68596
3.57593
3.4659
3.35587
3.24584
3.13582
3.02579
2.91576
2.80573
2.6957
2.58567
2.47564
2.36562
2.25559
2.14556
2.03553
1.9255
1.81547
1.70544
1.59542
1.48539
1.37536
1.26533
1.1553
1.04527
0.935243
0.825215
0.715186
0.605158
0.495129
0.3851
0.275073
0.165044
0.0550129
5.66733
5.10653
5.35747
5.12382
5.00439
4.89621
4.78632
4.67624
4.56619
4.45616
4.34613
4.2361
4.12607
4.01605
3.90602
3.79599
3.68596
3.57593
3.4659
3.35587
3.24584
3.13582
3.02579
2.91576
2.80573
2.6957
2.58567
2.47564
2.36562
2.25559
2.14556
2.03553
1.9255
1.81547
1.70544
1.59542
1.48539
1.37536
1.26533
1.1553
1.04527
0.935243
0.825215
0.715186
0.605158
0.495129
0.3851
0.275073
0.165044
0.0550128
5.70766
5.11235
5.3586
5.12443
5.00468
4.89626
4.78634
4.67624
4.5662
4.45616
4.34613
4.2361
4.12607
4.01605
3.90602
3.79599
3.68596
3.57593
3.4659
3.35587
3.24584
3.13582
3.02579
2.91576
2.80573
2.6957
2.58567
2.47564
2.36562
2.25559
2.14556
2.03553
1.9255
1.81547
1.70544
1.59542
1.48539
1.37536
1.26533
1.1553
1.04527
0.935243
0.825215
0.715186
0.605158
0.495129
0.3851
0.275073
0.165044
0.0550128
5.7511
5.11635
5.35859
5.12481
5.00493
4.89628
4.78634
4.67625
4.5662
4.45616
4.34613
4.2361
4.12607
4.01605
3.90602
3.79599
3.68596
3.57593
3.4659
3.35587
3.24584
3.13582
3.02579
2.91576
2.80573
2.6957
2.58567
2.47564
2.36562
2.25559
2.14556
2.03553
1.9255
1.81547
1.70544
1.59542
1.48539
1.37536
1.26533
1.1553
1.04527
0.935243
0.825215
0.715186
0.605158
0.495129
0.3851
0.275073
0.165043
0.0550127
5.84071
5.12429
5.35736
5.12486
5.00518
4.89626
4.78633
4.67625
4.5662
4.45616
4.34613
4.2361
4.12607
4.01605
3.90602
3.79599
3.68596
3.57593
3.4659
3.35587
3.24584
3.13582
3.02579
2.91576
2.80573
2.6957
2.58567
2.47564
2.36562
2.25559
2.14556
2.03553
1.9255
1.81547
1.70544
1.59542
1.48539
1.37536
1.26533
1.1553
1.04527
0.935243
0.825215
0.715186
0.605158
0.495129
0.3851
0.275073
0.165043
0.0550126
)
;

boundaryField
{
    inlet
    {
        type            zeroGradient;
    }
    outlet
    {
        type            fixedValue;
        value           uniform 0;
    }
    upperWall
    {
        type            zeroGradient;
    }
    lowerWall
    {
        type            zeroGradient;
    }
    frontAndBack
    {
        type            empty;
    }
}


// ************************************************************************* //
