/*--------------------------------*- C++ -*----------------------------------*\
| =========                 |                                                 |
| \\      /  F ield         | OpenFOAM: The Open Source CFD Toolbox           |
|  \\    /   O peration     | Version:  5.x                                   |
|   \\  /    A nd           | Web:      www.OpenFOAM.org                      |
|    \\/     M anipulation  |                                                 |
\*---------------------------------------------------------------------------*/
FoamFile
{
    version     2.0;
    format      ascii;
    class       volScalarField;
    location    "0.08";
    object      p;
}
// * * * * * * * * * * * * * * * * * * * * * * * * * * * * * * * * * * * * * //

dimensions      [0 2 -2 0 0 0 0];

internalField   nonuniform List<scalar> 
1000
(
5.28395
4.67942
4.84065
4.62261
4.51949
4.42251
4.32336
4.22392
4.12452
4.02513
3.92574
3.82636
3.72697
3.62758
3.5282
3.42881
3.32943
3.23004
3.13066
3.03127
2.93189
2.8325
2.73312
2.63373
2.53434
2.43496
2.33557
2.23619
2.1368
2.03741
1.93803
1.83864
1.73925
1.63987
1.54048
1.4411
1.34171
1.24233
1.14294
1.04356
0.94417
0.844784
0.745399
0.646013
0.546627
0.447241
0.347854
0.248468
0.149082
0.0496929
5.19771
4.67377
4.8422
4.62258
4.51925
4.42259
4.32338
4.22392
4.12452
4.02513
3.92574
3.82636
3.72697
3.62758
3.5282
3.42881
3.32943
3.23004
3.13066
3.03127
2.93189
2.8325
2.73312
2.63373
2.53434
2.43496
2.33557
2.23619
2.1368
2.03741
1.93803
1.83864
1.73925
1.63987
1.54048
1.4411
1.34171
1.24233
1.14294
1.04356
0.94417
0.844784
0.745399
0.646013
0.546627
0.447241
0.347854
0.248468
0.149082
0.049693
5.15614
4.67204
4.84287
4.62234
4.51901
4.42261
4.32339
4.22392
4.12452
4.02513
3.92574
3.82636
3.72697
3.62758
3.5282
3.42881
3.32943
3.23004
3.13066
3.03127
2.93189
2.8325
2.73312
2.63373
2.53434
2.43496
2.33557
2.23619
2.1368
2.03741
1.93803
1.83864
1.73925
1.63987
1.54048
1.4411
1.34171
1.24233
1.14294
1.04356
0.94417
0.844784
0.745399
0.646013
0.546627
0.447241
0.347854
0.248468
0.149082
0.0496931
5.11784
4.66813
4.84237
4.62193
4.51877
4.4226
4.32339
4.22392
4.12452
4.02513
3.92574
3.82636
3.72697
3.62758
3.5282
3.42881
3.32943
3.23004
3.13066
3.03127
2.93189
2.8325
2.73312
2.63373
2.53434
2.43496
2.33557
2.23619
2.1368
2.03741
1.93803
1.83864
1.73925
1.63987
1.54048
1.4411
1.34171
1.24233
1.14294
1.04356
0.94417
0.844784
0.745399
0.646013
0.546627
0.447241
0.347854
0.248468
0.149082
0.049693
5.0863
4.6639
4.8413
4.62141
4.51853
4.42256
4.32338
4.22392
4.12452
4.02513
3.92574
3.82636
3.72697
3.62758
3.5282
3.42881
3.32943
3.23004
3.13066
3.03127
2.93189
2.8325
2.73312
2.63373
2.53434
2.43496
2.33557
2.23619
2.1368
2.03741
1.93803
1.83864
1.73925
1.63987
1.54048
1.4411
1.34171
1.24233
1.14294
1.04356
0.94417
0.844784
0.745399
0.646013
0.546627
0.447241
0.347854
0.248468
0.149082
0.049693
5.06141
4.65979
4.83997
4.62084
4.51829
4.42251
4.32337
4.22391
4.12452
4.02513
3.92574
3.82636
3.72697
3.62758
3.5282
3.42881
3.32943
3.23004
3.13066
3.03127
2.93189
2.8325
2.73312
2.63373
2.53434
2.43496
2.33557
2.23619
2.1368
2.03741
1.93803
1.83864
1.73925
1.63987
1.54048
1.4411
1.34171
1.24233
1.14294
1.04356
0.94417
0.844785
0.745399
0.646013
0.546627
0.447241
0.347854
0.248468
0.149082
0.049693
5.04227
4.65613
4.83862
4.62029
4.51808
4.42245
4.32336
4.22391
4.12451
4.02513
3.92574
3.82636
3.72697
3.62758
3.5282
3.42881
3.32943
3.23004
3.13066
3.03127
2.93189
2.8325
2.73312
2.63373
2.53434
2.43496
2.33557
2.23619
2.1368
2.03741
1.93803
1.83864
1.73925
1.63987
1.54048
1.4411
1.34171
1.24233
1.14294
1.04356
0.94417
0.844785
0.745399
0.646013
0.546627
0.447241
0.347854
0.248469
0.149082
0.049693
5.02834
4.65317
4.83744
4.61983
4.51791
4.4224
4.32334
4.2239
4.12451
4.02513
3.92574
3.82636
3.72697
3.62758
3.5282
3.42881
3.32943
3.23004
3.13066
3.03127
2.93189
2.8325
2.73312
2.63373
2.53434
2.43496
2.33557
2.23619
2.1368
2.03741
1.93803
1.83864
1.73925
1.63987
1.54048
1.4411
1.34171
1.24233
1.14294
1.04356
0.94417
0.844785
0.745399
0.646013
0.546627
0.447241
0.347854
0.248469
0.149082
0.0496929
5.01926
4.6511
4.83659
4.6195
4.51779
4.42237
4.32333
4.2239
4.12451
4.02513
3.92574
3.82636
3.72697
3.62758
3.5282
3.42881
3.32943
3.23004
3.13066
3.03127
2.93189
2.8325
2.73312
2.63373
2.53434
2.43496
2.33557
2.23619
2.1368
2.03741
1.93803
1.83864
1.73925
1.63987
1.54048
1.4411
1.34171
1.24233
1.14294
1.04356
0.94417
0.844785
0.745399
0.646013
0.546627
0.447241
0.347854
0.248469
0.149082
0.0496929
5.01477
4.65004
4.83614
4.61933
4.51772
4.42235
4.32333
4.2239
4.12451
4.02513
3.92574
3.82636
3.72697
3.62758
3.5282
3.42881
3.32943
3.23004
3.13066
3.03127
2.93189
2.8325
2.73312
2.63373
2.53434
2.43496
2.33557
2.23619
2.1368
2.03741
1.93803
1.83864
1.73925
1.63987
1.54048
1.4411
1.34171
1.24233
1.14294
1.04356
0.94417
0.844785
0.745399
0.646013
0.546627
0.447241
0.347854
0.248469
0.149082
0.0496929
5.01477
4.65004
4.83614
4.61933
4.51772
4.42235
4.32333
4.2239
4.12451
4.02513
3.92574
3.82636
3.72697
3.62758
3.5282
3.42881
3.32943
3.23004
3.13066
3.03127
2.93189
2.8325
2.73312
2.63373
2.53434
2.43496
2.33557
2.23619
2.1368
2.03741
1.93803
1.83864
1.73925
1.63987
1.54048
1.4411
1.34171
1.24233
1.14294
1.04356
0.944171
0.844785
0.745399
0.646013
0.546627
0.447241
0.347854
0.248469
0.149082
0.0496928
5.01926
4.6511
4.83659
4.6195
4.51779
4.42237
4.32333
4.2239
4.12451
4.02513
3.92574
3.82636
3.72697
3.62758
3.5282
3.42881
3.32943
3.23004
3.13066
3.03127
2.93189
2.8325
2.73312
2.63373
2.53434
2.43496
2.33557
2.23619
2.1368
2.03741
1.93803
1.83864
1.73925
1.63987
1.54048
1.4411
1.34171
1.24233
1.14294
1.04356
0.944171
0.844785
0.745399
0.646013
0.546627
0.447241
0.347854
0.248469
0.149082
0.0496928
5.02834
4.65317
4.83744
4.61984
4.51791
4.4224
4.32334
4.2239
4.12451
4.02513
3.92574
3.82636
3.72697
3.62758
3.5282
3.42881
3.32943
3.23004
3.13066
3.03127
2.93189
2.8325
2.73312
2.63373
2.53434
2.43496
2.33557
2.23618
2.1368
2.03741
1.93803
1.83864
1.73925
1.63987
1.54048
1.4411
1.34171
1.24233
1.14294
1.04356
0.944171
0.844785
0.745399
0.646013
0.546627
0.447241
0.347854
0.248469
0.149082
0.0496927
5.04228
4.65613
4.83862
4.6203
4.51808
4.42245
4.32336
4.22391
4.12451
4.02513
3.92574
3.82636
3.72697
3.62758
3.5282
3.42881
3.32943
3.23004
3.13066
3.03127
2.93189
2.8325
2.73312
2.63373
2.53434
2.43496
2.33557
2.23618
2.1368
2.03741
1.93803
1.83864
1.73925
1.63987
1.54048
1.4411
1.34171
1.24233
1.14294
1.04356
0.944171
0.844785
0.745399
0.646013
0.546627
0.447241
0.347854
0.248469
0.149082
0.0496927
5.06141
4.65979
4.83997
4.62084
4.51829
4.42251
4.32337
4.22391
4.12452
4.02513
3.92574
3.82636
3.72697
3.62758
3.5282
3.42881
3.32943
3.23004
3.13066
3.03127
2.93189
2.8325
2.73312
2.63373
2.53434
2.43496
2.33557
2.23618
2.1368
2.03741
1.93803
1.83864
1.73925
1.63987
1.54048
1.4411
1.34171
1.24233
1.14294
1.04356
0.944171
0.844785
0.745399
0.646013
0.546627
0.447241
0.347854
0.248469
0.149082
0.0496926
5.08631
4.6639
4.8413
4.62141
4.51853
4.42256
4.32338
4.22392
4.12452
4.02513
3.92574
3.82636
3.72697
3.62758
3.5282
3.42881
3.32943
3.23004
3.13066
3.03127
2.93189
2.8325
2.73312
2.63373
2.53434
2.43496
2.33557
2.23618
2.1368
2.03741
1.93803
1.83864
1.73925
1.63987
1.54048
1.4411
1.34171
1.24233
1.14294
1.04356
0.944171
0.844785
0.745399
0.646013
0.546627
0.447241
0.347854
0.248469
0.149082
0.0496926
5.11784
4.66813
4.84237
4.62193
4.51877
4.4226
4.32339
4.22392
4.12452
4.02513
3.92574
3.82636
3.72697
3.62758
3.5282
3.42881
3.32943
3.23004
3.13066
3.03127
2.93189
2.8325
2.73312
2.63373
2.53434
2.43496
2.33557
2.23618
2.1368
2.03741
1.93803
1.83864
1.73925
1.63987
1.54048
1.4411
1.34171
1.24233
1.14294
1.04356
0.944171
0.844785
0.745399
0.646013
0.546627
0.447241
0.347854
0.248469
0.149082
0.0496926
5.15614
4.67204
4.84287
4.62234
4.51901
4.42261
4.32339
4.22392
4.12452
4.02513
3.92574
3.82636
3.72697
3.62758
3.5282
3.42881
3.32943
3.23004
3.13066
3.03127
2.93189
2.8325
2.73312
2.63373
2.53434
2.43496
2.33557
2.23618
2.1368
2.03741
1.93803
1.83864
1.73925
1.63987
1.54048
1.4411
1.34171
1.24233
1.14294
1.04356
0.944171
0.844785
0.745399
0.646013
0.546627
0.447241
0.347854
0.248468
0.149082
0.0496925
5.19771
4.67377
4.8422
4.62258
4.51925
4.42259
4.32338
4.22392
4.12452
4.02513
3.92574
3.82636
3.72697
3.62758
3.5282
3.42881
3.32943
3.23004
3.13066
3.03127
2.93189
2.8325
2.73312
2.63373
2.53434
2.43496
2.33557
2.23618
2.1368
2.03741
1.93803
1.83864
1.73925
1.63987
1.54048
1.4411
1.34171
1.24233
1.14294
1.04356
0.944171
0.844785
0.745399
0.646013
0.546627
0.447241
0.347854
0.248468
0.149082
0.0496925
5.28395
4.67942
4.84065
4.62261
4.51949
4.42251
4.32336
4.22392
4.12452
4.02513
3.92574
3.82636
3.72697
3.62758
3.5282
3.42881
3.32943
3.23004
3.13066
3.03127
2.93189
2.8325
2.73312
2.63373
2.53434
2.43496
2.33557
2.23618
2.1368
2.03741
1.93803
1.83864
1.73925
1.63987
1.54048
1.4411
1.34171
1.24233
1.14294
1.04356
0.944171
0.844785
0.745399
0.646013
0.546627
0.447241
0.347854
0.248468
0.149081
0.0496923
)
;

boundaryField
{
    inlet
    {
        type            zeroGradient;
    }
    outlet
    {
        type            fixedValue;
        value           uniform 0;
    }
    upperWall
    {
        type            zeroGradient;
    }
    lowerWall
    {
        type            zeroGradient;
    }
    frontAndBack
    {
        type            empty;
    }
}


// ************************************************************************* //
