/*--------------------------------*- C++ -*----------------------------------*\
| =========                 |                                                 |
| \\      /  F ield         | OpenFOAM: The Open Source CFD Toolbox           |
|  \\    /   O peration     | Version:  5.x                                   |
|   \\  /    A nd           | Web:      www.OpenFOAM.org                      |
|    \\/     M anipulation  |                                                 |
\*---------------------------------------------------------------------------*/
FoamFile
{
    version     2.0;
    format      ascii;
    class       volScalarField;
    location    "0.06";
    object      p;
}
// * * * * * * * * * * * * * * * * * * * * * * * * * * * * * * * * * * * * * //

dimensions      [0 2 -2 0 0 0 0];

internalField   nonuniform List<scalar> 
4000
(
15.4513
12.0858
11.9399
11.6515
11.5211
11.3844
11.2668
11.1486
11.032
10.9144
10.7961
10.6771
10.5575
10.4374
10.3171
10.1966
10.0761
9.95544
9.83478
9.71412
9.59344
9.47277
9.3521
9.23142
9.11075
8.99008
8.8694
8.74873
8.62806
8.50739
8.38672
8.26604
8.14537
8.0247
7.90402
7.78335
7.66268
7.54201
7.42133
7.30066
7.17999
7.05932
6.93865
6.81797
6.6973
6.57663
6.45596
6.33529
6.21462
6.09395
5.97327
5.8526
5.73193
5.61126
5.49059
5.36991
5.24924
5.12857
5.0079
4.88722
4.76655
4.64588
4.52521
4.40453
4.28386
4.16319
4.04251
3.92184
3.80117
3.6805
3.55982
3.43915
3.31848
3.19781
3.07714
2.95647
2.8358
2.71513
2.59445
2.47378
2.35311
2.23244
2.11177
1.9911
1.87042
1.74975
1.62907
1.5084
1.38773
1.26706
1.14638
1.02571
0.905041
0.784369
0.663697
0.543024
0.422351
0.301675
0.181005
0.0603219
14.8935
12.1983
12.012
11.6844
11.5392
11.3939
11.272
11.1512
11.0333
10.915
10.7964
10.6771
10.5575
10.4374
10.3171
10.1966
10.0761
9.95543
9.83478
9.71411
9.59344
9.47277
9.3521
9.23142
9.11075
8.99008
8.8694
8.74873
8.62806
8.50739
8.38672
8.26604
8.14537
8.0247
7.90402
7.78335
7.66268
7.54201
7.42133
7.30066
7.17999
7.05932
6.93865
6.81797
6.6973
6.57663
6.45596
6.33529
6.21462
6.09394
5.97327
5.8526
5.73193
5.61126
5.49059
5.36991
5.24924
5.12857
5.0079
4.88722
4.76655
4.64588
4.52521
4.40453
4.28386
4.16319
4.04251
3.92184
3.80117
3.6805
3.55982
3.43915
3.31848
3.19781
3.07714
2.95647
2.8358
2.71513
2.59445
2.47378
2.35311
2.23244
2.11177
1.9911
1.87042
1.74975
1.62907
1.5084
1.38773
1.26706
1.14638
1.02571
0.905041
0.784369
0.663697
0.543024
0.422351
0.301676
0.181006
0.0603233
14.3823
12.2577
12.0609
11.7102
11.5548
11.4023
11.2767
11.1537
11.0346
10.9156
10.7966
10.6772
10.5575
10.4374
10.3171
10.1966
10.076
9.95542
9.83477
9.71411
9.59344
9.47277
9.3521
9.23142
9.11075
8.99008
8.8694
8.74873
8.62806
8.50739
8.38672
8.26604
8.14537
8.0247
7.90402
7.78335
7.66268
7.54201
7.42133
7.30066
7.17999
7.05932
6.93865
6.81797
6.6973
6.57663
6.45596
6.33529
6.21462
6.09394
5.97327
5.8526
5.73193
5.61126
5.49059
5.36991
5.24924
5.12857
5.0079
4.88722
4.76655
4.64588
4.52521
4.40453
4.28386
4.16319
4.04251
3.92184
3.80117
3.6805
3.55982
3.43915
3.31848
3.19781
3.07714
2.95647
2.8358
2.71512
2.59445
2.47378
2.35311
2.23244
2.11177
1.99109
1.87042
1.74975
1.62907
1.5084
1.38773
1.26706
1.14638
1.02571
0.905041
0.784369
0.663697
0.543024
0.422352
0.301676
0.181007
0.0603242
13.9651
12.2783
12.0816
11.7274
11.5665
11.409
11.2807
11.1559
11.0358
10.9162
10.7969
10.6773
10.5575
10.4374
10.3171
10.1966
10.076
9.95541
9.83477
9.71411
9.59344
9.47277
9.3521
9.23142
9.11075
8.99008
8.8694
8.74873
8.62806
8.50739
8.38672
8.26604
8.14537
8.0247
7.90402
7.78335
7.66268
7.54201
7.42133
7.30066
7.17999
7.05932
6.93865
6.81797
6.6973
6.57663
6.45596
6.33529
6.21462
6.09394
5.97327
5.8526
5.73193
5.61126
5.49059
5.36991
5.24924
5.12857
5.0079
4.88722
4.76655
4.64588
4.52521
4.40453
4.28386
4.16319
4.04252
3.92184
3.80117
3.6805
3.55982
3.43915
3.31848
3.19781
3.07714
2.95647
2.8358
2.71512
2.59445
2.47378
2.35311
2.23244
2.11177
1.99109
1.87042
1.74975
1.62907
1.5084
1.38773
1.26706
1.14638
1.02571
0.905041
0.784369
0.663697
0.543024
0.422352
0.301677
0.181008
0.0603247
13.6114
12.2801
12.086
11.7398
11.5756
11.4149
11.2843
11.158
11.037
10.9168
10.7972
10.6775
10.5576
10.4374
10.3171
10.1966
10.076
9.95541
9.83477
9.71411
9.59344
9.47277
9.3521
9.23142
9.11075
8.99008
8.8694
8.74873
8.62806
8.50739
8.38672
8.26604
8.14537
8.0247
7.90402
7.78335
7.66268
7.54201
7.42133
7.30066
7.17999
7.05932
6.93865
6.81797
6.6973
6.57663
6.45596
6.33529
6.21462
6.09394
5.97327
5.8526
5.73193
5.61126
5.49059
5.36991
5.24924
5.12857
5.0079
4.88722
4.76655
4.64588
4.52521
4.40453
4.28386
4.16319
4.04252
3.92184
3.80117
3.6805
3.55983
3.43915
3.31848
3.19781
3.07714
2.95647
2.8358
2.71512
2.59445
2.47378
2.35311
2.23244
2.11177
1.99109
1.87042
1.74975
1.62907
1.5084
1.38773
1.26706
1.14638
1.02571
0.905041
0.784369
0.663697
0.543024
0.422353
0.301677
0.181009
0.0603252
13.3085
12.2701
12.0809
11.7487
11.5829
11.4202
11.2877
11.16
11.0381
10.9174
10.7976
10.6776
10.5576
10.4374
10.3171
10.1966
10.076
9.9554
9.83476
9.7141
9.59344
9.47277
9.35209
9.23142
9.11075
8.99008
8.8694
8.74873
8.62806
8.50739
8.38672
8.26604
8.14537
8.0247
7.90402
7.78335
7.66268
7.54201
7.42133
7.30066
7.17999
7.05932
6.93865
6.81797
6.6973
6.57663
6.45596
6.33529
6.21462
6.09394
5.97327
5.8526
5.73193
5.61126
5.49058
5.36991
5.24924
5.12857
5.0079
4.88722
4.76655
4.64588
4.52521
4.40453
4.28386
4.16319
4.04252
3.92184
3.80117
3.6805
3.55983
3.43915
3.31848
3.19781
3.07714
2.95647
2.83579
2.71512
2.59445
2.47378
2.35311
2.23244
2.11177
1.99109
1.87042
1.74975
1.62907
1.5084
1.38773
1.26706
1.14638
1.02571
0.905041
0.784369
0.663697
0.543025
0.422353
0.301678
0.18101
0.0603256
13.052
12.2512
12.0693
11.755
11.5887
11.425
11.2909
11.1621
11.0394
10.9181
10.7979
10.6778
10.5577
10.4375
10.3171
10.1966
10.076
9.9554
9.83476
9.7141
9.59344
9.47277
9.35209
9.23142
9.11075
8.99008
8.8694
8.74873
8.62806
8.50739
8.38672
8.26604
8.14537
8.0247
7.90402
7.78335
7.66268
7.54201
7.42134
7.30066
7.17999
7.05932
6.93865
6.81797
6.6973
6.57663
6.45596
6.33529
6.21462
6.09394
5.97327
5.8526
5.73193
5.61126
5.49058
5.36991
5.24924
5.12857
5.0079
4.88722
4.76655
4.64588
4.52521
4.40453
4.28386
4.16319
4.04252
3.92184
3.80117
3.6805
3.55983
3.43915
3.31848
3.19781
3.07714
2.95647
2.83579
2.71512
2.59445
2.47378
2.35311
2.23244
2.11177
1.99109
1.87042
1.74975
1.62907
1.5084
1.38773
1.26706
1.14638
1.02571
0.905041
0.784369
0.663697
0.543025
0.422353
0.301678
0.18101
0.0603261
12.8371
12.2267
12.0537
11.7592
11.5934
11.4294
11.294
11.1641
11.0406
10.9189
10.7983
10.678
10.5578
10.4375
10.3171
10.1966
10.076
9.9554
9.83476
9.7141
9.59344
9.47277
9.35209
9.23142
9.11075
8.99008
8.8694
8.74873
8.62806
8.50739
8.38672
8.26604
8.14537
8.0247
7.90403
7.78335
7.66268
7.54201
7.42134
7.30066
7.17999
7.05932
6.93865
6.81797
6.6973
6.57663
6.45596
6.33529
6.21462
6.09394
5.97327
5.8526
5.73193
5.61126
5.49058
5.36991
5.24924
5.12857
5.0079
4.88722
4.76655
4.64588
4.52521
4.40453
4.28386
4.16319
4.04252
3.92184
3.80117
3.6805
3.55983
3.43915
3.31848
3.19781
3.07714
2.95647
2.83579
2.71512
2.59445
2.47378
2.35311
2.23244
2.11177
1.99109
1.87042
1.74975
1.62907
1.5084
1.38773
1.26706
1.14638
1.02571
0.905041
0.784369
0.663697
0.543025
0.422353
0.301679
0.181011
0.0603266
12.6582
12.199
12.0359
11.7619
11.5973
11.4336
11.2971
11.1662
11.0419
10.9196
10.7988
10.6783
10.5579
10.4376
10.3171
10.1966
10.076
9.9554
9.83476
9.7141
9.59343
9.47277
9.35209
9.23142
9.11075
8.99008
8.8694
8.74873
8.62806
8.50739
8.38672
8.26604
8.14537
8.0247
7.90403
7.78335
7.66268
7.54201
7.42134
7.30066
7.17999
7.05932
6.93865
6.81798
6.6973
6.57663
6.45596
6.33529
6.21462
6.09394
5.97327
5.8526
5.73193
5.61126
5.49058
5.36991
5.24924
5.12857
5.0079
4.88722
4.76655
4.64588
4.52521
4.40453
4.28386
4.16319
4.04252
3.92184
3.80117
3.6805
3.55983
3.43915
3.31848
3.19781
3.07714
2.95647
2.83579
2.71512
2.59445
2.47378
2.35311
2.23244
2.11177
1.99109
1.87042
1.74975
1.62907
1.5084
1.38773
1.26706
1.14638
1.02571
0.905041
0.784369
0.663697
0.543025
0.422354
0.301679
0.181011
0.0603272
12.5103
12.1702
12.0174
11.7635
11.6006
11.4376
11.3001
11.1683
11.0433
10.9205
10.7993
10.6786
10.5581
10.4376
10.3171
10.1966
10.076
9.9554
9.83476
9.7141
9.59343
9.47276
9.35209
9.23142
9.11075
8.99008
8.8694
8.74873
8.62806
8.50739
8.38672
8.26604
8.14537
8.0247
7.90403
7.78335
7.66268
7.54201
7.42134
7.30066
7.17999
7.05932
6.93865
6.81798
6.6973
6.57663
6.45596
6.33529
6.21462
6.09394
5.97327
5.8526
5.73193
5.61126
5.49058
5.36991
5.24924
5.12857
5.0079
4.88722
4.76655
4.64588
4.52521
4.40453
4.28386
4.16319
4.04252
3.92184
3.80117
3.6805
3.55983
3.43915
3.31848
3.19781
3.07714
2.95647
2.83579
2.71512
2.59445
2.47378
2.35311
2.23244
2.11177
1.99109
1.87042
1.74975
1.62907
1.5084
1.38773
1.26706
1.14638
1.02571
0.905041
0.784369
0.663697
0.543025
0.422354
0.30168
0.181011
0.0603278
12.3887
12.1418
11.9992
11.7644
11.6035
11.4414
11.3031
11.1704
11.0447
10.9213
10.7998
10.6788
10.5582
10.4377
10.3172
10.1966
10.076
9.9554
9.83476
9.7141
9.59343
9.47276
9.35209
9.23142
9.11075
8.99008
8.8694
8.74873
8.62806
8.50739
8.38672
8.26604
8.14537
8.0247
7.90403
7.78335
7.66268
7.54201
7.42134
7.30066
7.17999
7.05932
6.93865
6.81798
6.6973
6.57663
6.45596
6.33529
6.21462
6.09394
5.97327
5.8526
5.73193
5.61126
5.49058
5.36991
5.24924
5.12857
5.0079
4.88722
4.76655
4.64588
4.52521
4.40453
4.28386
4.16319
4.04252
3.92184
3.80117
3.6805
3.55983
3.43915
3.31848
3.19781
3.07714
2.95647
2.83579
2.71512
2.59445
2.47378
2.35311
2.23244
2.11177
1.99109
1.87042
1.74975
1.62907
1.5084
1.38773
1.26706
1.14638
1.02571
0.905041
0.784369
0.663697
0.543025
0.422354
0.30168
0.181011
0.0603285
12.2896
12.1149
11.9819
11.7647
11.6061
11.4451
11.306
11.1726
11.0461
10.9222
10.8003
10.6791
10.5584
10.4378
10.3172
10.1966
10.076
9.9554
9.83475
9.7141
9.59343
9.47276
9.35209
9.23142
9.11075
8.99008
8.8694
8.74873
8.62806
8.50739
8.38672
8.26604
8.14537
8.0247
7.90403
7.78335
7.66268
7.54201
7.42134
7.30066
7.17999
7.05932
6.93865
6.81798
6.6973
6.57663
6.45596
6.33529
6.21462
6.09394
5.97327
5.8526
5.73193
5.61126
5.49058
5.36991
5.24924
5.12857
5.0079
4.88722
4.76655
4.64588
4.52521
4.40453
4.28386
4.16319
4.04252
3.92184
3.80117
3.6805
3.55983
3.43915
3.31848
3.19781
3.07714
2.95647
2.83579
2.71512
2.59445
2.47378
2.35311
2.23244
2.11177
1.99109
1.87042
1.74975
1.62907
1.5084
1.38773
1.26706
1.14639
1.02571
0.905041
0.784369
0.663697
0.543025
0.422354
0.30168
0.181011
0.0603293
12.2094
12.0901
11.9661
11.7648
11.6084
11.4487
11.3089
11.1747
11.0475
10.9231
10.8008
10.6794
10.5585
10.4379
10.3173
10.1967
10.076
9.9554
9.83475
9.7141
9.59343
9.47276
9.35209
9.23142
9.11075
8.99008
8.8694
8.74873
8.62806
8.50739
8.38672
8.26604
8.14537
8.0247
7.90403
7.78335
7.66268
7.54201
7.42134
7.30066
7.17999
7.05932
6.93865
6.81798
6.6973
6.57663
6.45596
6.33529
6.21462
6.09394
5.97327
5.8526
5.73193
5.61126
5.49058
5.36991
5.24924
5.12857
5.0079
4.88722
4.76655
4.64588
4.52521
4.40453
4.28386
4.16319
4.04252
3.92184
3.80117
3.6805
3.55983
3.43916
3.31848
3.19781
3.07714
2.95647
2.83579
2.71512
2.59445
2.47378
2.35311
2.23244
2.11177
1.99109
1.87042
1.74975
1.62907
1.5084
1.38773
1.26706
1.14639
1.02571
0.905041
0.784369
0.663697
0.543025
0.422354
0.30168
0.181011
0.0603301
12.1452
12.0679
11.952
11.7647
11.6106
11.452
11.3116
11.1767
11.0488
10.9239
10.8013
10.6797
10.5587
10.4379
10.3173
10.1967
10.076
9.9554
9.83475
9.71409
9.59343
9.47276
9.35209
9.23142
9.11075
8.99008
8.8694
8.74873
8.62806
8.50739
8.38672
8.26604
8.14537
8.0247
7.90403
7.78335
7.66268
7.54201
7.42134
7.30067
7.17999
7.05932
6.93865
6.81798
6.6973
6.57663
6.45596
6.33529
6.21462
6.09395
5.97327
5.8526
5.73193
5.61126
5.49058
5.36991
5.24924
5.12857
5.0079
4.88722
4.76655
4.64588
4.52521
4.40453
4.28386
4.16319
4.04252
3.92185
3.80117
3.6805
3.55983
3.43916
3.31848
3.19781
3.07714
2.95647
2.83579
2.71512
2.59445
2.47378
2.35311
2.23244
2.11177
1.99109
1.87042
1.74975
1.62907
1.5084
1.38773
1.26706
1.14639
1.02571
0.905041
0.784369
0.663697
0.543025
0.422354
0.301681
0.181011
0.060331
12.0944
12.0487
11.9399
11.7645
11.6125
11.455
11.3141
11.1786
11.0501
10.9247
10.8018
10.68
10.5589
10.438
10.3173
10.1967
10.076
9.9554
9.83475
9.71409
9.59343
9.47276
9.35209
9.23142
9.11075
8.99008
8.8694
8.74873
8.62806
8.50739
8.38672
8.26604
8.14537
8.0247
7.90403
7.78335
7.66268
7.54201
7.42134
7.30067
7.17999
7.05932
6.93865
6.81798
6.6973
6.57663
6.45596
6.33529
6.21462
6.09395
5.97327
5.8526
5.73193
5.61126
5.49058
5.36991
5.24924
5.12857
5.0079
4.88722
4.76655
4.64588
4.52521
4.40453
4.28386
4.16319
4.04252
3.92185
3.80117
3.6805
3.55983
3.43916
3.31848
3.19781
3.07714
2.95647
2.8358
2.71512
2.59445
2.47378
2.35311
2.23244
2.11177
1.99109
1.87042
1.74975
1.62907
1.5084
1.38773
1.26706
1.14639
1.02571
0.905041
0.784369
0.663697
0.543025
0.422354
0.301681
0.18101
0.0603319
12.0551
12.0325
11.9297
11.7643
11.6141
11.4577
11.3164
11.1803
11.0512
10.9255
10.8022
10.6802
10.559
10.4381
10.3174
10.1967
10.076
9.9554
9.83475
9.71409
9.59343
9.47276
9.35209
9.23142
9.11075
8.99008
8.86941
8.74873
8.62806
8.50739
8.38672
8.26604
8.14537
8.0247
7.90403
7.78335
7.66268
7.54201
7.42134
7.30067
7.17999
7.05932
6.93865
6.81798
6.69731
6.57663
6.45596
6.33529
6.21462
6.09395
5.97327
5.8526
5.73193
5.61126
5.49058
5.36991
5.24924
5.12857
5.0079
4.88722
4.76655
4.64588
4.52521
4.40453
4.28386
4.16319
4.04252
3.92185
3.80117
3.6805
3.55983
3.43916
3.31848
3.19781
3.07714
2.95647
2.8358
2.71512
2.59445
2.47378
2.35311
2.23244
2.11176
1.99109
1.87042
1.74975
1.62907
1.5084
1.38773
1.26706
1.14639
1.02571
0.905041
0.784369
0.663697
0.543025
0.422354
0.301681
0.18101
0.0603328
12.0256
12.0196
11.9215
11.7641
11.6155
11.4599
11.3183
11.1818
11.0522
10.9261
10.8026
10.6804
10.5591
10.4381
10.3174
10.1967
10.0761
9.9554
9.83475
9.71409
9.59343
9.47276
9.35209
9.23142
9.11075
8.99008
8.86941
8.74873
8.62806
8.50739
8.38672
8.26604
8.14537
8.0247
7.90403
7.78336
7.66268
7.54201
7.42134
7.30067
7.17999
7.05932
6.93865
6.81798
6.69731
6.57663
6.45596
6.33529
6.21462
6.09395
5.97327
5.8526
5.73193
5.61126
5.49058
5.36991
5.24924
5.12857
5.0079
4.88722
4.76655
4.64588
4.52521
4.40453
4.28386
4.16319
4.04252
3.92185
3.80117
3.6805
3.55983
3.43916
3.31848
3.19781
3.07714
2.95647
2.8358
2.71512
2.59445
2.47378
2.35311
2.23244
2.11176
1.99109
1.87042
1.74975
1.62907
1.5084
1.38773
1.26706
1.14639
1.02571
0.905042
0.784369
0.663697
0.543025
0.422354
0.301681
0.18101
0.0603338
12.0045
12.0099
11.9154
11.7639
11.6165
11.4617
11.3197
11.1829
11.053
10.9266
10.8029
10.6806
10.5592
10.4382
10.3174
10.1967
10.0761
9.9554
9.83475
9.71409
9.59343
9.47276
9.35209
9.23142
9.11075
8.99008
8.86941
8.74873
8.62806
8.50739
8.38672
8.26604
8.14537
8.0247
7.90403
7.78336
7.66268
7.54201
7.42134
7.30067
7.17999
7.05932
6.93865
6.81798
6.69731
6.57663
6.45596
6.33529
6.21462
6.09395
5.97327
5.8526
5.73193
5.61126
5.49058
5.36991
5.24924
5.12857
5.0079
4.88722
4.76655
4.64588
4.52521
4.40453
4.28386
4.16319
4.04252
3.92185
3.80117
3.6805
3.55983
3.43916
3.31848
3.19781
3.07714
2.95647
2.8358
2.71512
2.59445
2.47378
2.35311
2.23244
2.11176
1.99109
1.87042
1.74975
1.62907
1.5084
1.38773
1.26706
1.14639
1.02571
0.905042
0.784369
0.663697
0.543025
0.422353
0.301681
0.181009
0.0603348
11.9909
12.0034
11.9114
11.7638
11.6173
11.4629
11.3208
11.1837
11.0535
10.9269
10.8031
10.6807
10.5593
10.4382
10.3174
10.1967
10.0761
9.95541
9.83475
9.71409
9.59343
9.47276
9.35209
9.23142
9.11075
8.99008
8.86941
8.74873
8.62806
8.50739
8.38672
8.26604
8.14537
8.0247
7.90403
7.78336
7.66268
7.54201
7.42134
7.30067
7.17999
7.05932
6.93865
6.81798
6.69731
6.57663
6.45596
6.33529
6.21462
6.09395
5.97327
5.8526
5.73193
5.61126
5.49058
5.36991
5.24924
5.12857
5.0079
4.88722
4.76655
4.64588
4.52521
4.40454
4.28386
4.16319
4.04252
3.92185
3.80117
3.6805
3.55983
3.43916
3.31848
3.19781
3.07714
2.95647
2.8358
2.71512
2.59445
2.47378
2.35311
2.23244
2.11176
1.99109
1.87042
1.74975
1.62907
1.5084
1.38773
1.26706
1.14639
1.02571
0.905042
0.784369
0.663697
0.543025
0.422353
0.301681
0.181009
0.0603358
11.9843
12.0001
11.9094
11.7637
11.6176
11.4635
11.3213
11.1841
11.0538
10.9271
10.8032
10.6808
10.5593
10.4382
10.3174
10.1967
10.0761
9.95541
9.83475
9.71409
9.59343
9.47276
9.35209
9.23142
9.11075
8.99008
8.86941
8.74873
8.62806
8.50739
8.38672
8.26604
8.14537
8.0247
7.90403
7.78336
7.66268
7.54201
7.42134
7.30067
7.17999
7.05932
6.93865
6.81798
6.69731
6.57663
6.45596
6.33529
6.21462
6.09395
5.97327
5.8526
5.73193
5.61126
5.49058
5.36991
5.24924
5.12857
5.0079
4.88722
4.76655
4.64588
4.52521
4.40454
4.28386
4.16319
4.04252
3.92185
3.80117
3.6805
3.55983
3.43916
3.31848
3.19781
3.07714
2.95647
2.8358
2.71512
2.59445
2.47378
2.35311
2.23244
2.11176
1.99109
1.87042
1.74975
1.62907
1.5084
1.38773
1.26706
1.14639
1.02571
0.905042
0.78437
0.663697
0.543025
0.422353
0.301681
0.181009
0.0603367
11.9843
12.0001
11.9094
11.7637
11.6176
11.4635
11.3213
11.1841
11.0538
10.9271
10.8032
10.6808
10.5593
10.4382
10.3174
10.1967
10.0761
9.95541
9.83475
9.71409
9.59343
9.47276
9.35209
9.23142
9.11075
8.99008
8.86941
8.74873
8.62806
8.50739
8.38672
8.26604
8.14537
8.0247
7.90403
7.78336
7.66268
7.54201
7.42134
7.30067
7.18
7.05932
6.93865
6.81798
6.69731
6.57663
6.45596
6.33529
6.21462
6.09395
5.97327
5.8526
5.73193
5.61126
5.49058
5.36991
5.24924
5.12857
5.0079
4.88722
4.76655
4.64588
4.52521
4.40454
4.28386
4.16319
4.04252
3.92185
3.80117
3.6805
3.55983
3.43916
3.31849
3.19781
3.07714
2.95647
2.8358
2.71512
2.59445
2.47378
2.35311
2.23244
2.11176
1.99109
1.87042
1.74975
1.62907
1.5084
1.38773
1.26706
1.14639
1.02571
0.905042
0.78437
0.663697
0.543025
0.422353
0.301681
0.181008
0.0603377
11.9909
12.0034
11.9114
11.7638
11.6173
11.4629
11.3208
11.1837
11.0535
10.9269
10.8031
10.6807
10.5593
10.4382
10.3174
10.1967
10.0761
9.95541
9.83475
9.71409
9.59343
9.47276
9.35209
9.23142
9.11075
8.99008
8.86941
8.74873
8.62806
8.50739
8.38672
8.26605
8.14537
8.0247
7.90403
7.78336
7.66268
7.54201
7.42134
7.30067
7.18
7.05932
6.93865
6.81798
6.69731
6.57663
6.45596
6.33529
6.21462
6.09395
5.97327
5.8526
5.73193
5.61126
5.49058
5.36991
5.24924
5.12857
5.0079
4.88722
4.76655
4.64588
4.52521
4.40454
4.28386
4.16319
4.04252
3.92185
3.80117
3.6805
3.55983
3.43916
3.31849
3.19781
3.07714
2.95647
2.8358
2.71512
2.59445
2.47378
2.35311
2.23244
2.11176
1.99109
1.87042
1.74975
1.62907
1.5084
1.38773
1.26706
1.14639
1.02571
0.905042
0.78437
0.663697
0.543025
0.422353
0.301681
0.181008
0.0603387
12.0045
12.0099
11.9154
11.7639
11.6165
11.4617
11.3197
11.1829
11.053
10.9266
10.8029
10.6806
10.5592
10.4382
10.3174
10.1967
10.0761
9.95541
9.83475
9.71409
9.59343
9.47276
9.35209
9.23142
9.11075
8.99008
8.86941
8.74873
8.62806
8.50739
8.38672
8.26605
8.14537
8.0247
7.90403
7.78336
7.66268
7.54201
7.42134
7.30067
7.18
7.05932
6.93865
6.81798
6.69731
6.57664
6.45596
6.33529
6.21462
6.09395
5.97327
5.8526
5.73193
5.61126
5.49058
5.36991
5.24924
5.12857
5.0079
4.88722
4.76655
4.64588
4.52521
4.40454
4.28386
4.16319
4.04252
3.92185
3.80117
3.6805
3.55983
3.43916
3.31849
3.19781
3.07714
2.95647
2.8358
2.71512
2.59445
2.47378
2.35311
2.23244
2.11176
1.99109
1.87042
1.74975
1.62907
1.5084
1.38773
1.26706
1.14639
1.02571
0.905042
0.78437
0.663697
0.543025
0.422352
0.301681
0.181007
0.0603396
12.0256
12.0196
11.9215
11.7641
11.6155
11.4599
11.3183
11.1818
11.0522
10.9261
10.8026
10.6805
10.5591
10.4382
10.3174
10.1967
10.0761
9.95541
9.83475
9.71409
9.59343
9.47276
9.35209
9.23142
9.11075
8.99008
8.86941
8.74873
8.62806
8.50739
8.38672
8.26605
8.14537
8.0247
7.90403
7.78336
7.66269
7.54201
7.42134
7.30067
7.18
7.05932
6.93865
6.81798
6.69731
6.57664
6.45596
6.33529
6.21462
6.09395
5.97327
5.8526
5.73193
5.61126
5.49058
5.36991
5.24924
5.12857
5.0079
4.88722
4.76655
4.64588
4.52521
4.40454
4.28386
4.16319
4.04252
3.92185
3.80118
3.6805
3.55983
3.43916
3.31849
3.19781
3.07714
2.95647
2.8358
2.71512
2.59445
2.47378
2.35311
2.23243
2.11176
1.99109
1.87042
1.74975
1.62907
1.5084
1.38773
1.26706
1.14639
1.02572
0.905042
0.78437
0.663697
0.543025
0.422352
0.301681
0.181007
0.0603404
12.0551
12.0325
11.9297
11.7643
11.6141
11.4577
11.3164
11.1803
11.0512
10.9255
10.8022
10.6802
10.559
10.4381
10.3174
10.1967
10.0761
9.95541
9.83475
9.71409
9.59343
9.47276
9.35209
9.23142
9.11075
8.99008
8.86941
8.74873
8.62806
8.50739
8.38672
8.26605
8.14537
8.0247
7.90403
7.78336
7.66269
7.54201
7.42134
7.30067
7.18
7.05932
6.93865
6.81798
6.69731
6.57664
6.45596
6.33529
6.21462
6.09395
5.97327
5.8526
5.73193
5.61126
5.49058
5.36991
5.24924
5.12857
5.0079
4.88722
4.76655
4.64588
4.52521
4.40454
4.28386
4.16319
4.04252
3.92185
3.80118
3.6805
3.55983
3.43916
3.31849
3.19781
3.07714
2.95647
2.8358
2.71513
2.59445
2.47378
2.35311
2.23243
2.11176
1.99109
1.87042
1.74975
1.62907
1.5084
1.38773
1.26706
1.14639
1.02572
0.905043
0.78437
0.663697
0.543025
0.422352
0.301681
0.181007
0.0603413
12.0944
12.0487
11.9399
11.7645
11.6125
11.455
11.3141
11.1786
11.0501
10.9248
10.8018
10.68
10.5589
10.438
10.3173
10.1967
10.076
9.95541
9.83475
9.7141
9.59343
9.47276
9.35209
9.23142
9.11075
8.99008
8.86941
8.74873
8.62806
8.50739
8.38672
8.26605
8.14537
8.0247
7.90403
7.78336
7.66269
7.54201
7.42134
7.30067
7.18
7.05932
6.93865
6.81798
6.69731
6.57664
6.45596
6.33529
6.21462
6.09395
5.97327
5.8526
5.73193
5.61126
5.49058
5.36991
5.24924
5.12857
5.0079
4.88722
4.76655
4.64588
4.52521
4.40454
4.28386
4.16319
4.04252
3.92185
3.80118
3.6805
3.55983
3.43916
3.31849
3.19781
3.07714
2.95647
2.8358
2.71513
2.59445
2.47378
2.35311
2.23243
2.11176
1.99109
1.87042
1.74975
1.62907
1.5084
1.38773
1.26706
1.14639
1.02572
0.905043
0.78437
0.663697
0.543025
0.422352
0.301681
0.181007
0.060342
12.1452
12.0679
11.952
11.7647
11.6106
11.452
11.3116
11.1767
11.0488
10.924
10.8013
10.6797
10.5587
10.438
10.3173
10.1967
10.076
9.95541
9.83476
9.7141
9.59343
9.47276
9.35209
9.23142
9.11075
8.99008
8.86941
8.74873
8.62806
8.50739
8.38672
8.26605
8.14537
8.0247
7.90403
7.78336
7.66269
7.54201
7.42134
7.30067
7.18
7.05933
6.93865
6.81798
6.69731
6.57664
6.45596
6.33529
6.21462
6.09395
5.97327
5.8526
5.73193
5.61126
5.49058
5.36991
5.24924
5.12857
5.0079
4.88722
4.76655
4.64588
4.52521
4.40454
4.28386
4.16319
4.04252
3.92185
3.80118
3.6805
3.55983
3.43916
3.31849
3.19782
3.07714
2.95647
2.8358
2.71513
2.59445
2.47378
2.35311
2.23243
2.11176
1.99109
1.87042
1.74975
1.62907
1.5084
1.38773
1.26706
1.14639
1.02572
0.905043
0.78437
0.663697
0.543025
0.422352
0.301681
0.181007
0.0603427
12.2094
12.0901
11.9661
11.7648
11.6084
11.4487
11.3089
11.1747
11.0475
10.9231
10.8008
10.6794
10.5586
10.4379
10.3173
10.1967
10.076
9.95541
9.83476
9.7141
9.59343
9.47276
9.35209
9.23142
9.11075
8.99008
8.86941
8.74873
8.62806
8.50739
8.38672
8.26605
8.14537
8.0247
7.90403
7.78336
7.66269
7.54201
7.42134
7.30067
7.18
7.05933
6.93865
6.81798
6.69731
6.57664
6.45596
6.33529
6.21462
6.09395
5.97327
5.8526
5.73193
5.61126
5.49058
5.36991
5.24924
5.12857
5.0079
4.88722
4.76655
4.64588
4.52521
4.40454
4.28386
4.16319
4.04252
3.92185
3.80118
3.6805
3.55983
3.43916
3.31849
3.19782
3.07714
2.95647
2.8358
2.71513
2.59445
2.47378
2.35311
2.23243
2.11176
1.99109
1.87042
1.74975
1.62907
1.5084
1.38773
1.26706
1.14639
1.02572
0.905043
0.78437
0.663697
0.543025
0.422352
0.301682
0.181007
0.0603433
12.2896
12.1149
11.9819
11.7648
11.6061
11.4451
11.306
11.1726
11.0461
10.9222
10.8003
10.6791
10.5584
10.4378
10.3172
10.1966
10.076
9.95541
9.83476
9.7141
9.59343
9.47277
9.35209
9.23142
9.11075
8.99008
8.86941
8.74873
8.62806
8.50739
8.38672
8.26605
8.14537
8.0247
7.90403
7.78336
7.66269
7.54201
7.42134
7.30067
7.18
7.05933
6.93865
6.81798
6.69731
6.57664
6.45596
6.33529
6.21462
6.09395
5.97327
5.8526
5.73193
5.61126
5.49058
5.36991
5.24924
5.12857
5.0079
4.88722
4.76655
4.64588
4.52521
4.40454
4.28386
4.16319
4.04252
3.92185
3.80118
3.6805
3.55983
3.43916
3.31849
3.19782
3.07714
2.95647
2.8358
2.71513
2.59445
2.47378
2.35311
2.23243
2.11176
1.99109
1.87042
1.74975
1.62907
1.5084
1.38773
1.26706
1.14639
1.02572
0.905043
0.78437
0.663697
0.543025
0.422352
0.301682
0.181007
0.0603439
12.3888
12.1418
11.9992
11.7644
11.6035
11.4414
11.3031
11.1704
11.0447
10.9213
10.7998
10.6788
10.5582
10.4377
10.3172
10.1966
10.076
9.9554
9.83476
9.7141
9.59343
9.47277
9.3521
9.23142
9.11075
8.99008
8.86941
8.74873
8.62806
8.50739
8.38672
8.26605
8.14537
8.0247
7.90403
7.78336
7.66269
7.54201
7.42134
7.30067
7.18
7.05933
6.93865
6.81798
6.69731
6.57664
6.45596
6.33529
6.21462
6.09395
5.97327
5.8526
5.73193
5.61126
5.49058
5.36991
5.24924
5.12857
5.0079
4.88722
4.76655
4.64588
4.52521
4.40454
4.28386
4.16319
4.04252
3.92185
3.80118
3.6805
3.55983
3.43916
3.31849
3.19782
3.07714
2.95647
2.8358
2.71513
2.59445
2.47378
2.35311
2.23243
2.11176
1.99109
1.87042
1.74975
1.62907
1.5084
1.38773
1.26706
1.14639
1.02572
0.905043
0.78437
0.663697
0.543025
0.422352
0.301682
0.181007
0.0603444
12.5103
12.1702
12.0174
11.7635
11.6006
11.4376
11.3001
11.1683
11.0433
10.9205
10.7993
10.6786
10.5581
10.4376
10.3172
10.1966
10.076
9.95541
9.83476
9.7141
9.59344
9.47277
9.3521
9.23142
9.11075
8.99008
8.86941
8.74873
8.62806
8.50739
8.38672
8.26605
8.14537
8.0247
7.90403
7.78336
7.66269
7.54201
7.42134
7.30067
7.18
7.05933
6.93865
6.81798
6.69731
6.57664
6.45596
6.33529
6.21462
6.09395
5.97327
5.8526
5.73193
5.61126
5.49058
5.36991
5.24924
5.12857
5.0079
4.88722
4.76655
4.64588
4.52521
4.40454
4.28386
4.16319
4.04252
3.92185
3.80118
3.68051
3.55983
3.43916
3.31849
3.19782
3.07714
2.95647
2.8358
2.71513
2.59445
2.47378
2.35311
2.23243
2.11176
1.99109
1.87042
1.74975
1.62907
1.5084
1.38773
1.26706
1.14639
1.02572
0.905043
0.78437
0.663697
0.543025
0.422352
0.301682
0.181007
0.0603448
12.6582
12.199
12.0359
11.7619
11.5973
11.4336
11.2971
11.1662
11.0419
10.9197
10.7988
10.6783
10.558
10.4376
10.3171
10.1966
10.076
9.95541
9.83476
9.7141
9.59344
9.47277
9.3521
9.23142
9.11075
8.99008
8.86941
8.74873
8.62806
8.50739
8.38672
8.26605
8.14537
8.0247
7.90403
7.78336
7.66269
7.54202
7.42134
7.30067
7.18
7.05933
6.93865
6.81798
6.69731
6.57664
6.45596
6.33529
6.21462
6.09395
5.97327
5.8526
5.73193
5.61126
5.49058
5.36991
5.24924
5.12857
5.0079
4.88722
4.76655
4.64588
4.52521
4.40454
4.28386
4.16319
4.04252
3.92185
3.80118
3.68051
3.55983
3.43916
3.31849
3.19782
3.07714
2.95647
2.8358
2.71512
2.59445
2.47378
2.35311
2.23243
2.11176
1.99109
1.87042
1.74975
1.62907
1.5084
1.38773
1.26706
1.14639
1.02572
0.905043
0.78437
0.663697
0.543025
0.422352
0.301682
0.181007
0.0603452
12.8371
12.2267
12.0537
11.7592
11.5934
11.4294
11.294
11.1641
11.0406
10.9189
10.7984
10.6781
10.5578
10.4375
10.3171
10.1966
10.076
9.95541
9.83476
9.7141
9.59344
9.47277
9.3521
9.23142
9.11075
8.99008
8.86941
8.74874
8.62806
8.50739
8.38672
8.26605
8.14537
8.0247
7.90403
7.78336
7.66269
7.54202
7.42134
7.30067
7.18
7.05933
6.93865
6.81798
6.69731
6.57664
6.45596
6.33529
6.21462
6.09395
5.97327
5.8526
5.73193
5.61126
5.49058
5.36991
5.24924
5.12857
5.0079
4.88722
4.76655
4.64588
4.52521
4.40454
4.28386
4.16319
4.04252
3.92185
3.80118
3.68051
3.55983
3.43916
3.31849
3.19782
3.07714
2.95647
2.8358
2.71512
2.59445
2.47378
2.35311
2.23243
2.11176
1.99109
1.87042
1.74975
1.62907
1.5084
1.38773
1.26706
1.14639
1.02572
0.905043
0.78437
0.663697
0.543025
0.422352
0.301682
0.181007
0.0603455
13.052
12.2513
12.0693
11.755
11.5887
11.425
11.2909
11.1621
11.0394
10.9182
10.7979
10.6779
10.5577
10.4375
10.3171
10.1966
10.076
9.95541
9.83476
9.71411
9.59344
9.47277
9.3521
9.23142
9.11075
8.99008
8.86941
8.74874
8.62806
8.50739
8.38672
8.26605
8.14537
8.0247
7.90403
7.78336
7.66269
7.54202
7.42134
7.30067
7.18
7.05933
6.93865
6.81798
6.69731
6.57664
6.45596
6.33529
6.21462
6.09395
5.97327
5.8526
5.73193
5.61126
5.49058
5.36991
5.24924
5.12857
5.0079
4.88722
4.76655
4.64588
4.52521
4.40454
4.28386
4.16319
4.04252
3.92185
3.80118
3.68051
3.55983
3.43916
3.31849
3.19782
3.07714
2.95647
2.8358
2.71512
2.59445
2.47378
2.35311
2.23243
2.11176
1.99109
1.87042
1.74975
1.62907
1.5084
1.38773
1.26706
1.14639
1.02572
0.905043
0.78437
0.663697
0.543025
0.422352
0.301683
0.181008
0.0603458
13.3085
12.2701
12.0809
11.7487
11.5829
11.4202
11.2877
11.1601
11.0382
10.9175
10.7976
10.6777
10.5576
10.4374
10.3171
10.1966
10.076
9.95541
9.83477
9.71411
9.59344
9.47277
9.3521
9.23143
9.11075
8.99008
8.86941
8.74874
8.62806
8.50739
8.38672
8.26605
8.14538
8.0247
7.90403
7.78336
7.66269
7.54202
7.42134
7.30067
7.18
7.05933
6.93865
6.81798
6.69731
6.57664
6.45596
6.33529
6.21462
6.09395
5.97327
5.8526
5.73193
5.61126
5.49058
5.36991
5.24924
5.12857
5.0079
4.88722
4.76655
4.64588
4.52521
4.40454
4.28386
4.16319
4.04252
3.92185
3.80118
3.68051
3.55983
3.43916
3.31849
3.19782
3.07714
2.95647
2.8358
2.71512
2.59445
2.47378
2.3531
2.23243
2.11176
1.99109
1.87042
1.74975
1.62907
1.5084
1.38773
1.26706
1.14639
1.02572
0.905043
0.78437
0.663697
0.543025
0.422353
0.301683
0.181008
0.0603461
13.6115
12.2801
12.086
11.7398
11.5756
11.4149
11.2843
11.158
11.037
10.9168
10.7972
10.6775
10.5576
10.4374
10.3171
10.1966
10.076
9.95541
9.83477
9.71411
9.59344
9.47277
9.3521
9.23143
9.11075
8.99008
8.86941
8.74874
8.62806
8.50739
8.38672
8.26605
8.14538
8.0247
7.90403
7.78336
7.66269
7.54202
7.42134
7.30067
7.18
7.05933
6.93865
6.81798
6.69731
6.57664
6.45596
6.33529
6.21462
6.09395
5.97327
5.8526
5.73193
5.61126
5.49058
5.36991
5.24924
5.12857
5.0079
4.88722
4.76655
4.64588
4.52521
4.40454
4.28386
4.16319
4.04252
3.92185
3.80118
3.68051
3.55983
3.43916
3.31849
3.19782
3.07714
2.95647
2.8358
2.71512
2.59445
2.47378
2.3531
2.23243
2.11176
1.99109
1.87042
1.74975
1.62907
1.5084
1.38773
1.26706
1.14639
1.02572
0.905043
0.78437
0.663697
0.543025
0.422353
0.301683
0.181009
0.0603463
13.9651
12.2783
12.0816
11.7274
11.5665
11.4091
11.2807
11.1559
11.0358
10.9162
10.7969
10.6774
10.5575
10.4374
10.3171
10.1966
10.076
9.95542
9.83477
9.71411
9.59344
9.47277
9.3521
9.23143
9.11075
8.99008
8.86941
8.74874
8.62806
8.50739
8.38672
8.26605
8.14538
8.0247
7.90403
7.78336
7.66269
7.54202
7.42134
7.30067
7.18
7.05933
6.93866
6.81798
6.69731
6.57664
6.45596
6.33529
6.21462
6.09395
5.97327
5.8526
5.73193
5.61126
5.49058
5.36991
5.24924
5.12857
5.0079
4.88722
4.76655
4.64588
4.52521
4.40454
4.28386
4.16319
4.04252
3.92185
3.80118
3.68051
3.55983
3.43916
3.31849
3.19782
3.07714
2.95647
2.8358
2.71512
2.59445
2.47378
2.3531
2.23243
2.11176
1.99109
1.87042
1.74975
1.62907
1.5084
1.38773
1.26706
1.14639
1.02572
0.905043
0.78437
0.663697
0.543025
0.422353
0.301684
0.181009
0.0603466
14.3823
12.2577
12.0609
11.7102
11.5548
11.4023
11.2767
11.1537
11.0346
10.9156
10.7967
10.6772
10.5575
10.4374
10.3171
10.1966
10.076
9.95542
9.83478
9.71411
9.59344
9.47277
9.3521
9.23143
9.11075
8.99008
8.86941
8.74874
8.62806
8.50739
8.38672
8.26605
8.14538
8.0247
7.90403
7.78336
7.66269
7.54202
7.42134
7.30067
7.18
7.05933
6.93866
6.81798
6.69731
6.57664
6.45596
6.33529
6.21462
6.09395
5.97327
5.8526
5.73193
5.61126
5.49058
5.36991
5.24924
5.12857
5.0079
4.88722
4.76655
4.64588
4.52521
4.40454
4.28386
4.16319
4.04252
3.92185
3.80118
3.68051
3.55984
3.43916
3.31849
3.19782
3.07714
2.95647
2.8358
2.71512
2.59445
2.47378
2.3531
2.23243
2.11176
1.99109
1.87042
1.74975
1.62907
1.5084
1.38773
1.26706
1.14639
1.02572
0.905043
0.78437
0.663697
0.543025
0.422353
0.301684
0.18101
0.0603469
14.8935
12.1983
12.012
11.6844
11.5392
11.3939
11.272
11.1512
11.0333
10.915
10.7964
10.6772
10.5575
10.4374
10.3171
10.1966
10.0761
9.95543
9.83478
9.71412
9.59344
9.47277
9.3521
9.23143
9.11075
8.99008
8.86941
8.74874
8.62806
8.50739
8.38672
8.26605
8.14538
8.0247
7.90403
7.78336
7.66269
7.54202
7.42134
7.30067
7.18
7.05933
6.93866
6.81798
6.69731
6.57664
6.45596
6.33529
6.21462
6.09395
5.97327
5.8526
5.73193
5.61126
5.49058
5.36991
5.24924
5.12857
5.0079
4.88722
4.76655
4.64588
4.52521
4.40454
4.28386
4.16319
4.04252
3.92185
3.80118
3.68051
3.55984
3.43916
3.31849
3.19782
3.07714
2.95647
2.8358
2.71512
2.59445
2.47378
2.3531
2.23243
2.11176
1.99109
1.87042
1.74975
1.62908
1.5084
1.38773
1.26706
1.14639
1.02572
0.905043
0.78437
0.663697
0.543025
0.422354
0.301684
0.181011
0.0603474
15.4513
12.0858
11.9399
11.6515
11.5211
11.3844
11.2668
11.1486
11.032
10.9144
10.7962
10.6771
10.5575
10.4375
10.3171
10.1967
10.0761
9.95544
9.83479
9.71412
9.59345
9.47277
9.3521
9.23143
9.11075
8.99008
8.86941
8.74874
8.62806
8.50739
8.38672
8.26605
8.14538
8.0247
7.90403
7.78336
7.66269
7.54202
7.42134
7.30067
7.18
7.05933
6.93866
6.81798
6.69731
6.57664
6.45596
6.33529
6.21462
6.09395
5.97327
5.8526
5.73193
5.61126
5.49058
5.36991
5.24924
5.12857
5.0079
4.88722
4.76655
4.64588
4.52521
4.40454
4.28387
4.16319
4.04252
3.92185
3.80118
3.68051
3.55984
3.43916
3.31849
3.19782
3.07714
2.95647
2.8358
2.71512
2.59445
2.47378
2.3531
2.23243
2.11176
1.99109
1.87042
1.74975
1.62908
1.5084
1.38773
1.26706
1.14639
1.02572
0.905043
0.78437
0.663697
0.543026
0.422354
0.301685
0.181012
0.0603484
)
;

boundaryField
{
    inlet
    {
        type            zeroGradient;
    }
    outlet
    {
        type            fixedValue;
        value           uniform 0;
    }
    upperWall
    {
        type            zeroGradient;
    }
    lowerWall
    {
        type            zeroGradient;
    }
    frontAndBack
    {
        type            empty;
    }
}


// ************************************************************************* //
