/*--------------------------------*- C++ -*----------------------------------*\
| =========                 |                                                 |
| \\      /  F ield         | OpenFOAM: The Open Source CFD Toolbox           |
|  \\    /   O peration     | Version:  5.x                                   |
|   \\  /    A nd           | Web:      www.OpenFOAM.org                      |
|    \\/     M anipulation  |                                                 |
\*---------------------------------------------------------------------------*/
FoamFile
{
    version     2.0;
    format      ascii;
    class       surfaceScalarField;
    location    "0.06";
    object      phi;
}
// * * * * * * * * * * * * * * * * * * * * * * * * * * * * * * * * * * * * * //

dimensions      [0 3 -1 0 0 0 0];

internalField   nonuniform List<scalar> 
7860
(
6.96716e-06
1.80328e-05
3.69911e-06
3.26805e-06
2.77996e-06
9.19153e-07
2.32377e-06
4.56186e-07
2.11162e-06
2.12149e-07
1.99459e-06
1.1703e-07
1.93584e-06
5.87564e-08
1.90534e-06
3.05003e-08
1.89117e-06
1.41643e-08
1.88508e-06
6.09572e-09
1.88311e-06
1.96562e-09
1.88292e-06
1.86803e-10
1.88341e-06
-4.81646e-10
1.88401e-06
-6.00388e-10
1.88452e-06
-5.1428e-10
1.88489e-06
-3.72188e-10
1.88514e-06
-2.43405e-10
1.88528e-06
-1.47235e-10
1.88537e-06
-8.31378e-11
1.88541e-06
-4.38676e-11
1.88543e-06
-2.15318e-11
1.88544e-06
-9.80586e-12
1.88544e-06
-4.05948e-12
1.88545e-06
-1.0942e-12
1.88545e-06
-5.38336e-14
1.88545e-06
2.38901e-13
1.88545e-06
1.63456e-13
1.88545e-06
2.61312e-14
1.88545e-06
-2.3474e-13
1.88545e-06
-2.15613e-13
1.88545e-06
-3.18414e-13
1.88545e-06
-1.12773e-13
1.88545e-06
3.45558e-13
1.88545e-06
7.22678e-13
1.88544e-06
1.06124e-12
1.88544e-06
1.43243e-12
1.88544e-06
1.8572e-12
1.88544e-06
2.29698e-12
1.88544e-06
2.39487e-12
1.88543e-06
2.28537e-12
1.88543e-06
1.9071e-12
1.88543e-06
1.82685e-12
1.88543e-06
1.36351e-12
1.88543e-06
5.95465e-13
1.88543e-06
5.10323e-14
1.88543e-06
-2.81578e-13
1.88543e-06
-6.84314e-13
1.88543e-06
-1.13045e-12
1.88543e-06
-1.44077e-12
1.88543e-06
-1.47654e-12
1.88543e-06
-1.67995e-12
1.88544e-06
-1.89902e-12
1.88544e-06
-2.13692e-12
1.88544e-06
-2.19303e-12
1.88544e-06
-2.27901e-12
1.88544e-06
-2.6894e-12
1.88545e-06
-2.89629e-12
1.88545e-06
-2.70013e-12
1.88545e-06
-2.6357e-12
1.88546e-06
-2.56351e-12
1.88546e-06
-2.03059e-12
1.88546e-06
-1.36601e-12
1.88546e-06
-7.55376e-13
1.88546e-06
1.88735e-13
1.88546e-06
1.19998e-12
1.88546e-06
2.23283e-12
1.88545e-06
3.10214e-12
1.88545e-06
3.92928e-12
1.88544e-06
4.59098e-12
1.88544e-06
4.82881e-12
1.88543e-06
4.86134e-12
1.88543e-06
4.54535e-12
1.88543e-06
3.67509e-12
1.88542e-06
2.40695e-12
1.88542e-06
1.04409e-12
1.88542e-06
-5.50969e-13
1.88543e-06
-2.20395e-12
1.88543e-06
-3.94584e-12
1.88543e-06
-4.94708e-12
1.88544e-06
-5.68368e-12
1.88545e-06
-5.95407e-12
1.88545e-06
-5.54173e-12
1.88546e-06
-4.28212e-12
1.88546e-06
-2.82976e-12
1.88546e-06
-9.78784e-13
1.88546e-06
8.81228e-13
1.88546e-06
2.31899e-12
1.88545e-06
3.2837e-12
1.88545e-06
3.33242e-12
1.88545e-06
2.80406e-12
1.88544e-06
1.83827e-12
1.88544e-06
4.32918e-13
1.88545e-06
-1.06293e-12
1.88545e-06
-1.45348e-12
1.88545e-06
-1.46557e-12
1.88545e-06
2.11473e-13
1.88545e-06
1.77216e-12
1.88544e-06
8.65098e-12
1.88543e-06
1.01171e-11
3.41188e-11
1.52392e-05
2.77937e-05
1.0265e-05
8.24223e-06
7.8902e-06
3.29394e-06
6.72114e-06
1.62525e-06
6.11801e-06
8.15274e-07
5.79235e-06
4.42691e-07
5.62083e-06
2.30281e-07
5.5319e-06
1.19429e-07
5.48878e-06
5.72779e-08
5.46963e-06
2.5251e-08
5.46265e-06
8.94606e-09
5.46124e-06
1.59386e-09
5.46205e-06
-1.28644e-09
5.46342e-06
-1.97805e-09
5.4647e-06
-1.78858e-09
5.46566e-06
-1.33181e-09
5.4663e-06
-8.87047e-10
5.4667e-06
-5.44267e-10
5.46693e-06
-3.11593e-10
5.46705e-06
-1.6706e-10
5.46711e-06
-8.35732e-11
5.46714e-06
-3.84073e-11
5.46715e-06
-1.59216e-11
5.46715e-06
-4.94062e-12
5.46715e-06
-5.36755e-13
5.46715e-06
7.38617e-13
5.46715e-06
5.24638e-13
5.46715e-06
-1.60817e-13
5.46715e-06
-9.37662e-13
5.46715e-06
-1.04957e-12
5.46716e-06
-7.74392e-13
5.46716e-06
-3.71647e-13
5.46716e-06
9.25567e-13
5.46715e-06
2.65954e-12
5.46715e-06
4.41251e-12
5.46714e-06
6.0971e-12
5.46714e-06
7.54695e-12
5.46713e-06
8.78837e-12
5.46713e-06
9.21859e-12
5.46712e-06
8.9647e-12
5.46711e-06
7.82251e-12
5.46711e-06
6.64779e-12
5.4671e-06
4.98129e-12
5.4671e-06
2.60235e-12
5.4671e-06
4.72744e-13
5.4671e-06
-1.2247e-12
5.4671e-06
-2.71254e-12
5.46711e-06
-4.08638e-12
5.46711e-06
-5.361e-12
5.46711e-06
-6.07088e-12
5.46712e-06
-6.73327e-12
5.46713e-06
-7.4335e-12
5.46713e-06
-8.15383e-12
5.46714e-06
-8.82131e-12
5.46715e-06
-9.35363e-12
5.46715e-06
-1.0303e-11
5.46716e-06
-1.09581e-11
5.46717e-06
-1.08338e-11
5.46718e-06
-1.04629e-11
5.46718e-06
-9.72369e-12
5.46719e-06
-7.96448e-12
5.46719e-06
-5.41016e-12
5.46719e-06
-2.59514e-12
5.46719e-06
9.62092e-13
5.46719e-06
4.82097e-12
5.46718e-06
8.80913e-12
5.46717e-06
1.24191e-11
5.46716e-06
1.55091e-11
5.46715e-06
1.79275e-11
5.46714e-06
1.89623e-11
5.46712e-06
1.88213e-11
5.46711e-06
1.72718e-11
5.4671e-06
1.40324e-11
5.46709e-06
9.26709e-12
5.46709e-06
3.65312e-12
5.46709e-06
-2.59634e-12
5.4671e-06
-8.8794e-12
5.46711e-06
-1.49266e-11
5.46712e-06
-1.93984e-11
5.46714e-06
-2.20654e-11
5.46716e-06
-2.27116e-11
5.46717e-06
-2.09557e-11
5.46718e-06
-1.64766e-11
5.46719e-06
-1.05042e-11
5.46719e-06
-3.65426e-12
5.46719e-06
3.22719e-12
5.46718e-06
8.77438e-12
5.46718e-06
1.22152e-11
5.46717e-06
1.27279e-11
5.46716e-06
1.05744e-11
5.46715e-06
6.58033e-12
5.46715e-06
1.56724e-12
5.46716e-06
-3.41661e-12
5.46716e-06
-5.42487e-12
5.46716e-06
-4.7533e-12
5.46716e-06
1.23196e-12
5.46715e-06
9.87763e-12
5.46713e-06
3.07586e-11
5.46709e-06
4.71412e-11
1.00901e-10
2.04212e-05
3.23724e-05
1.56021e-05
1.30614e-05
1.24561e-05
6.43987e-06
1.07972e-05
3.28423e-06
9.88118e-06
1.73125e-06
9.3811e-06
9.42776e-07
9.11054e-06
5.00842e-07
8.96887e-06
2.61099e-07
8.89848e-06
1.27659e-07
8.8664e-06
5.73406e-08
8.85391e-06
2.14278e-08
8.8507e-06
4.80808e-09
8.85131e-06
-1.90216e-09
8.85309e-06
-3.75369e-09
8.85487e-06
-3.56709e-09
8.85626e-06
-2.71983e-09
8.85721e-06
-1.83832e-09
8.8578e-06
-1.14045e-09
8.85815e-06
-6.59403e-10
8.85834e-06
-3.57323e-10
8.85844e-06
-1.8102e-10
8.85848e-06
-8.40837e-11
8.8585e-06
-3.50592e-11
8.85851e-06
-1.1535e-11
8.85851e-06
-1.77601e-12
8.85851e-06
9.91143e-13
8.85851e-06
6.14587e-13
8.85851e-06
-6.31276e-13
8.85851e-06
-2.01592e-12
8.85851e-06
-2.64299e-12
8.85852e-06
-1.69269e-12
8.85852e-06
-3.75976e-13
8.85851e-06
2.2279e-12
8.85851e-06
5.83346e-12
8.8585e-06
9.93505e-12
8.8585e-06
1.39447e-11
8.85849e-06
1.70184e-11
8.85848e-06
1.92875e-11
8.85846e-06
2.01522e-11
8.85845e-06
1.97363e-11
8.85844e-06
1.75155e-11
8.85844e-06
1.43736e-11
8.85843e-06
1.06317e-11
8.85843e-06
5.93172e-12
8.85843e-06
1.40464e-12
8.85843e-06
-2.59315e-12
8.85843e-06
-6.01521e-12
8.85844e-06
-8.8726e-12
8.85844e-06
-1.15216e-11
8.85845e-06
-1.34227e-11
8.85846e-06
-1.49759e-11
8.85847e-06
-1.65068e-11
8.85848e-06
-1.79662e-11
8.85849e-06
-1.9589e-11
8.8585e-06
-2.09405e-11
8.85851e-06
-2.26092e-11
8.85852e-06
-2.38307e-11
8.85854e-06
-2.38891e-11
8.85855e-06
-2.30224e-11
8.85856e-06
-2.1056e-11
8.85857e-06
-1.73677e-11
8.85858e-06
-1.18929e-11
8.85858e-06
-5.39889e-12
8.85858e-06
2.41458e-12
8.85857e-06
1.0839e-11
8.85856e-06
1.95069e-11
8.85854e-06
2.75523e-11
8.85853e-06
3.42719e-11
8.8585e-06
3.93855e-11
8.85848e-06
4.17045e-11
8.85846e-06
4.11862e-11
8.85844e-06
3.74635e-11
8.85842e-06
3.03432e-11
8.85841e-06
2.00546e-11
8.85841e-06
7.61838e-12
8.85841e-06
-6.11858e-12
8.85842e-06
-1.98106e-11
8.85844e-06
-3.24847e-11
8.85846e-06
-4.2428e-11
8.85849e-06
-4.81832e-11
8.85852e-06
-4.92471e-11
8.85854e-06
-4.51823e-11
8.85856e-06
-3.57051e-11
8.85857e-06
-2.25607e-11
8.85857e-06
-7.7708e-12
8.85857e-06
6.85024e-12
8.85856e-06
1.87513e-11
8.85855e-06
2.60169e-11
8.85853e-06
2.73246e-11
8.85852e-06
2.27182e-11
8.85851e-06
1.39197e-11
8.85851e-06
3.30738e-12
8.85851e-06
-6.70325e-12
8.85852e-06
-1.12121e-11
8.85852e-06
-8.9719e-12
8.85852e-06
3.51921e-12
8.85851e-06
2.47389e-11
8.85847e-06
6.44914e-11
8.85841e-06
1.08623e-10
1.86298e-10
2.37862e-05
3.35862e-05
1.97311e-05
1.71165e-05
1.64284e-05
9.74266e-06
1.45022e-05
5.21036e-06
1.33764e-05
2.85705e-06
1.27454e-05
1.5738e-06
1.23965e-05
8.49746e-07
1.2211e-05
4.46574e-07
1.21171e-05
2.21576e-07
1.20732e-05
1.01205e-07
1.20554e-05
3.93155e-08
1.205e-05
1.01336e-08
1.20501e-05
-1.95484e-09
1.20519e-05
-5.60537e-09
1.2054e-05
-5.6146e-09
1.20556e-05
-4.38018e-09
1.20568e-05
-3.00186e-09
1.20575e-05
-1.88176e-09
1.2058e-05
-1.0977e-09
1.20582e-05
-5.99817e-10
1.20584e-05
-3.06936e-10
1.20584e-05
-1.44405e-10
1.20584e-05
-6.0882e-11
1.20584e-05
-2.0858e-11
1.20585e-05
-4.03227e-12
1.20585e-05
8.79833e-13
1.20585e-05
3.18876e-13
1.20585e-05
-1.6066e-12
1.20585e-05
-3.43794e-12
1.20585e-05
-4.59198e-12
1.20585e-05
-3.15165e-12
1.20585e-05
-3.86476e-13
1.20585e-05
4.35008e-12
1.20584e-05
1.04735e-11
1.20584e-05
1.74861e-11
1.20584e-05
2.44971e-11
1.20584e-05
2.98888e-11
1.20584e-05
3.35917e-11
1.20584e-05
3.48714e-11
1.20584e-05
3.4086e-11
1.20584e-05
3.05189e-11
1.20584e-05
2.48943e-11
1.20583e-05
1.82513e-11
1.20583e-05
1.04471e-11
1.20583e-05
2.79299e-12
1.20583e-05
-4.21072e-12
1.20583e-05
-1.03505e-11
1.20583e-05
-1.53621e-11
1.20584e-05
-1.98057e-11
1.20584e-05
-2.326e-11
1.20584e-05
-2.60904e-11
1.20584e-05
-2.88126e-11
1.20584e-05
-3.13547e-11
1.20584e-05
-3.41894e-11
1.20584e-05
-3.66586e-11
1.20585e-05
-3.92722e-11
1.20585e-05
-4.11763e-11
1.20585e-05
-4.1403e-11
1.20585e-05
-3.98499e-11
1.20585e-05
-3.61719e-11
1.20585e-05
-2.9803e-11
1.20585e-05
-2.04633e-11
1.20585e-05
-9.0292e-12
1.20585e-05
4.54162e-12
1.20585e-05
1.91087e-11
1.20585e-05
3.39789e-11
1.20585e-05
4.79076e-11
1.20585e-05
5.94899e-11
1.20584e-05
6.81178e-11
1.20584e-05
7.21069e-11
1.20584e-05
7.10414e-11
1.20584e-05
6.43499e-11
1.20583e-05
5.19365e-11
1.20583e-05
3.42646e-11
1.20583e-05
1.27901e-11
1.20583e-05
-1.09166e-11
1.20583e-05
-3.45172e-11
1.20584e-05
-5.59768e-11
1.20584e-05
-7.30129e-11
1.20584e-05
-8.28976e-11
1.20585e-05
-8.44486e-11
1.20585e-05
-7.72012e-11
1.20585e-05
-6.11067e-11
1.20585e-05
-3.85809e-11
1.20585e-05
-1.32473e-11
1.20585e-05
1.14986e-11
1.20585e-05
3.16433e-11
1.20585e-05
4.39172e-11
1.20585e-05
4.62615e-11
1.20585e-05
3.85807e-11
1.20585e-05
2.35846e-11
1.20585e-05
5.69152e-12
1.20585e-05
-1.06127e-11
1.20585e-05
-1.8189e-11
1.20585e-05
-1.35178e-11
1.20585e-05
7.55227e-12
1.20584e-05
4.57557e-11
1.20584e-05
1.08447e-10
1.20583e-05
1.88538e-10
2.85126e-10
2.58964e-05
3.26899e-05
2.28576e-05
2.01552e-05
1.97999e-05
1.28004e-05
1.78138e-05
7.19644e-06
1.6585e-05
4.08582e-06
1.58735e-05
2.28526e-06
1.54713e-05
1.25194e-06
1.52539e-05
6.64047e-07
1.51418e-05
3.3365e-07
1.50883e-05
1.54718e-07
1.50656e-05
6.19868e-08
1.50582e-05
1.75933e-08
1.50574e-05
-1.21036e-09
1.50591e-05
-7.27605e-09
1.50612e-05
-7.72241e-09
1.5063e-05
-6.16565e-09
1.50643e-05
-4.28295e-09
1.50651e-05
-2.71164e-09
1.50656e-05
-1.59534e-09
1.50659e-05
-8.7858e-10
1.5066e-05
-4.53374e-10
1.50661e-05
-2.15894e-10
1.50661e-05
-9.23139e-11
1.50661e-05
-3.27217e-11
1.50661e-05
-7.44533e-12
1.50661e-05
3.01481e-13
1.50661e-05
-2.12317e-13
1.50661e-05
-3.0372e-12
1.50661e-05
-5.33386e-12
1.50661e-05
-6.74866e-12
1.50661e-05
-4.83725e-12
1.50661e-05
-4.25733e-13
1.50661e-05
7.08385e-12
1.50661e-05
1.64751e-11
1.50661e-05
2.69642e-11
1.50661e-05
3.74423e-11
1.50661e-05
4.56467e-11
1.50661e-05
5.12069e-11
1.50661e-05
5.3e-11
1.5066e-05
5.16168e-11
1.5066e-05
4.64096e-11
1.5066e-05
3.79047e-11
1.5066e-05
2.77126e-11
1.5066e-05
1.60826e-11
1.5066e-05
4.591e-12
1.5066e-05
-6.04586e-12
1.5066e-05
-1.55266e-11
1.5066e-05
-2.32959e-11
1.5066e-05
-2.99846e-11
1.5066e-05
-3.53495e-11
1.5066e-05
-3.97736e-11
1.50661e-05
-4.39806e-11
1.50661e-05
-4.79148e-11
1.50661e-05
-5.22078e-11
1.50661e-05
-5.60293e-11
1.50661e-05
-5.97693e-11
1.50662e-05
-6.24641e-11
1.50662e-05
-6.28397e-11
1.50662e-05
-6.04359e-11
1.50662e-05
-5.46363e-11
1.50662e-05
-4.48948e-11
1.50662e-05
-3.08279e-11
1.50662e-05
-1.33855e-11
1.50662e-05
7.22614e-12
1.50662e-05
2.93347e-11
1.50662e-05
5.17499e-11
1.50662e-05
7.2791e-11
1.50662e-05
9.02968e-11
1.50661e-05
1.0316e-10
1.50661e-05
1.09131e-10
1.5066e-05
1.07365e-10
1.5066e-05
9.7059e-11
1.5066e-05
7.81614e-11
1.5066e-05
5.147e-11
1.5066e-05
1.90525e-11
1.5066e-05
-1.67146e-11
1.5066e-05
-5.23836e-11
1.5066e-05
-8.45227e-11
1.50661e-05
-1.10037e-10
1.50661e-05
-1.24949e-10
1.50661e-05
-1.27112e-10
1.50662e-05
-1.15956e-10
1.50662e-05
-9.1872e-11
1.50662e-05
-5.81388e-11
1.50662e-05
-2.00913e-11
1.50662e-05
1.6846e-11
1.50662e-05
4.6856e-11
1.50662e-05
6.5139e-11
1.50662e-05
6.87539e-11
1.50662e-05
5.75302e-11
1.50661e-05
3.52557e-11
1.50661e-05
8.73299e-12
1.50661e-05
-1.48402e-11
1.50661e-05
-2.58675e-11
1.50662e-05
-1.80299e-11
1.50661e-05
1.3398e-11
1.50661e-05
7.20365e-11
1.50661e-05
1.60706e-10
1.5066e-05
2.81909e-10
3.93097e-10
2.7142e-05
3.05478e-05
2.5163e-05
2.21343e-05
2.25974e-05
1.5366e-05
2.07253e-05
9.06853e-06
1.94954e-05
5.31567e-06
1.87568e-05
3.02393e-06
1.83292e-05
1.67955e-06
1.80936e-05
8.99564e-07
1.79702e-05
4.57139e-07
1.791e-05
2.14918e-07
1.78836e-05
8.83363e-08
1.78743e-05
2.69415e-08
1.78726e-05
4.24813e-10
1.78739e-05
-8.57785e-09
1.78759e-05
-9.71248e-09
1.78777e-05
-7.94086e-09
1.7879e-05
-5.59044e-09
1.78799e-05
-3.57351e-09
1.78804e-05
-2.11971e-09
1.78807e-05
-1.1764e-09
1.78808e-05
-6.11713e-10
1.78809e-05
-2.94404e-10
1.7881e-05
-1.2777e-10
1.7881e-05
-4.66545e-11
1.7881e-05
-1.18893e-11
1.7881e-05
-8.04535e-13
1.7881e-05
-9.3926e-13
1.7881e-05
-4.74499e-12
1.7881e-05
-7.73879e-12
1.7881e-05
-9.22232e-12
1.7881e-05
-6.62256e-12
1.7881e-05
-3.77676e-13
1.7881e-05
1.03003e-11
1.7881e-05
2.35681e-11
1.7881e-05
3.8094e-11
1.78809e-05
5.245e-11
1.78809e-05
6.38023e-11
1.78809e-05
7.1535e-11
1.78809e-05
7.40171e-11
1.78809e-05
7.18904e-11
1.78808e-05
6.47478e-11
1.78808e-05
5.30277e-11
1.78808e-05
3.87961e-11
1.78808e-05
2.27586e-11
1.78808e-05
6.81464e-12
1.78808e-05
-8.03039e-12
1.78808e-05
-2.13821e-11
1.78808e-05
-3.24079e-11
1.78808e-05
-4.17364e-11
1.78809e-05
-4.93519e-11
1.78809e-05
-5.56709e-11
1.78809e-05
-6.16057e-11
1.78809e-05
-6.71771e-11
1.78809e-05
-7.3159e-11
1.78809e-05
-7.85398e-11
1.7881e-05
-8.35535e-11
1.7881e-05
-8.71214e-11
1.7881e-05
-8.76081e-11
1.7881e-05
-8.41965e-11
1.78811e-05
-7.59455e-11
1.78811e-05
-6.22513e-11
1.78811e-05
-4.27021e-11
1.78811e-05
-1.83551e-11
1.78811e-05
1.0337e-11
1.78811e-05
4.11469e-11
1.78811e-05
7.22502e-11
1.7881e-05
1.01426e-10
1.7881e-05
1.25722e-10
1.7881e-05
1.43429e-10
1.78809e-05
1.51664e-10
1.78809e-05
1.49075e-10
1.78808e-05
1.34627e-10
1.78808e-05
1.08305e-10
1.78808e-05
7.125e-11
1.78808e-05
2.63021e-11
1.78808e-05
-2.3224e-11
1.78808e-05
-7.27377e-11
1.78808e-05
-1.17165e-10
1.78809e-05
-1.52304e-10
1.78809e-05
-1.72986e-10
1.7881e-05
-1.75933e-10
1.7881e-05
-1.60335e-10
1.78811e-05
-1.27153e-10
1.78811e-05
-8.07502e-11
1.78811e-05
-2.82817e-11
1.78811e-05
2.2532e-11
1.78811e-05
6.37608e-11
1.7881e-05
8.88981e-11
1.7881e-05
9.40202e-11
1.7881e-05
7.89629e-11
1.7881e-05
4.86487e-11
1.7881e-05
1.24711e-11
1.7881e-05
-1.91015e-11
1.7881e-05
-3.38252e-11
1.7881e-05
-2.22381e-11
1.7881e-05
2.09186e-11
1.7881e-05
1.02473e-10
1.78809e-05
2.19086e-10
1.78808e-05
3.84286e-10
5.06516e-10
2.78025e-05
2.77453e-05
2.68085e-05
2.31282e-05
2.48673e-05
1.73072e-05
2.32437e-05
1.06921e-05
2.21034e-05
6.45596e-06
2.13898e-05
3.73753e-06
2.09657e-05
2.10364e-06
2.07274e-05
1.13785e-06
2.06003e-05
5.84309e-07
2.0537e-05
2.78171e-07
2.05085e-05
1.16846e-07
2.04978e-05
3.76895e-08
2.04953e-05
2.90965e-09
2.04961e-05
-9.39366e-09
2.04978e-05
-1.14412e-08
2.04995e-05
-9.58553e-09
2.05007e-05
-6.83886e-09
2.05016e-05
-4.41242e-09
2.05021e-05
-2.63787e-09
2.05024e-05
-1.47505e-09
2.05025e-05
-7.72726e-10
2.05026e-05
-3.75385e-10
2.05027e-05
-1.65198e-10
2.05027e-05
-6.19336e-11
2.05027e-05
-1.71086e-11
2.05027e-05
-2.41298e-12
2.05027e-05
-1.95037e-12
2.05027e-05
-6.65893e-12
2.05027e-05
-1.05594e-11
2.05027e-05
-1.2062e-11
2.05027e-05
-8.4927e-12
2.05027e-05
-1.51302e-13
2.05027e-05
1.39518e-11
2.05027e-05
3.14915e-11
2.05027e-05
5.05033e-11
2.05026e-05
6.91143e-11
2.05026e-05
8.38846e-11
2.05026e-05
9.39858e-11
2.05026e-05
9.73224e-11
2.05026e-05
9.44013e-11
2.05025e-05
8.50882e-11
2.05025e-05
6.98811e-11
2.05025e-05
5.12495e-11
2.05025e-05
3.03538e-11
2.05025e-05
9.45688e-12
2.05025e-05
-1.00748e-11
2.05025e-05
-2.77341e-11
2.05025e-05
-4.2432e-11
2.05025e-05
-5.4726e-11
2.05025e-05
-6.48742e-11
2.05026e-05
-7.33655e-11
2.05026e-05
-8.12443e-11
2.05026e-05
-8.86334e-11
2.05026e-05
-9.64917e-11
2.05027e-05
-1.03607e-10
2.05027e-05
-1.10001e-10
2.05027e-05
-1.14499e-10
2.05027e-05
-1.15058e-10
2.05028e-05
-1.1049e-10
2.05028e-05
-9.95276e-11
2.05028e-05
-8.14418e-11
2.05028e-05
-5.58089e-11
2.05028e-05
-2.38407e-11
2.05028e-05
1.3732e-11
2.05028e-05
5.41389e-11
2.05028e-05
9.48365e-11
2.05027e-05
1.32966e-10
2.05027e-05
1.64743e-10
2.05027e-05
1.87768e-10
2.05026e-05
1.98514e-10
2.05026e-05
1.95038e-10
2.05025e-05
1.7605e-10
2.05025e-05
1.41605e-10
2.05025e-05
9.31682e-11
2.05025e-05
3.44403e-11
2.05025e-05
-3.01488e-11
2.05025e-05
-9.48672e-11
2.05025e-05
-1.52886e-10
2.05026e-05
-1.98575e-10
2.05026e-05
-2.256e-10
2.05027e-05
-2.29528e-10
2.05027e-05
-2.09162e-10
2.05028e-05
-1.66077e-10
2.05028e-05
-1.05906e-10
2.05028e-05
-3.77535e-11
2.05028e-05
2.82147e-11
2.05028e-05
8.17345e-11
2.05028e-05
1.14437e-10
2.05027e-05
1.21304e-10
2.05027e-05
1.02274e-10
2.05027e-05
6.34686e-11
2.05027e-05
1.69333e-11
2.05027e-05
-2.31595e-11
2.05027e-05
-4.17329e-11
2.05027e-05
-2.59877e-11
2.05027e-05
2.98102e-11
2.05027e-05
1.3587e-10
2.05026e-05
2.81349e-10
2.05025e-05
4.91625e-10
6.22138e-10
2.80759e-05
2.46694e-05
2.79355e-05
2.32687e-05
2.66675e-05
1.85753e-05
2.53869e-05
1.19727e-05
2.44115e-05
7.43136e-06
2.37711e-05
4.37792e-06
2.33789e-05
2.49587e-06
2.31535e-05
1.36321e-06
2.3031e-05
7.06884e-07
2.29687e-05
3.40399e-07
2.29399e-05
1.45686e-07
2.29284e-05
4.91485e-08
2.29253e-05
6.08284e-09
2.29255e-05
-9.67457e-09
2.29269e-05
-1.28016e-08
2.29283e-05
-1.09974e-08
2.29294e-05
-7.9508e-09
2.29302e-05
-5.1767e-09
2.29307e-05
-3.11797e-09
2.2931e-05
-1.75616e-09
2.29311e-05
-9.26762e-10
2.29312e-05
-4.54092e-10
2.29312e-05
-2.02302e-10
2.29312e-05
-7.76307e-11
2.29312e-05
-2.28162e-11
2.29312e-05
-4.45894e-12
2.29312e-05
-3.33484e-12
2.29313e-05
-8.79022e-12
2.29313e-05
-1.36482e-11
2.29313e-05
-1.51907e-11
2.29313e-05
-1.04558e-11
2.29313e-05
2.57492e-13
2.29313e-05
1.79898e-11
2.29312e-05
4.0031e-11
2.29312e-05
6.38095e-11
2.29312e-05
8.69654e-11
2.29312e-05
1.05405e-10
2.29312e-05
1.17999e-10
2.29311e-05
1.22297e-10
2.29311e-05
1.18588e-10
2.29311e-05
1.06959e-10
2.29311e-05
8.80656e-11
2.29311e-05
6.47829e-11
2.29311e-05
3.87134e-11
2.29311e-05
1.24843e-11
2.29311e-05
-1.21011e-11
2.29311e-05
-3.43898e-11
2.29311e-05
-5.30923e-11
2.29311e-05
-6.86199e-11
2.29311e-05
-8.15046e-11
2.29311e-05
-9.2391e-11
2.29311e-05
-1.02402e-10
2.29312e-05
-1.11729e-10
2.29312e-05
-1.21587e-10
2.29312e-05
-1.30581e-10
2.29312e-05
-1.38426e-10
2.29313e-05
-1.43884e-10
2.29313e-05
-1.44493e-10
2.29313e-05
-1.38653e-10
2.29314e-05
-1.24781e-10
2.29314e-05
-1.02001e-10
2.29314e-05
-6.98678e-11
2.29314e-05
-2.97579e-11
2.29314e-05
1.72643e-11
2.29314e-05
6.79032e-11
2.29314e-05
1.18844e-10
2.29313e-05
1.66521e-10
2.29313e-05
2.06297e-10
2.29312e-05
2.34991e-10
2.29312e-05
2.48438e-10
2.29311e-05
2.44074e-10
2.29311e-05
2.20289e-10
2.29311e-05
1.77261e-10
2.2931e-05
1.16765e-10
2.2931e-05
4.33632e-11
2.2931e-05
-3.72107e-11
2.29311e-05
-1.18062e-10
2.29311e-05
-1.90632e-10
2.29311e-05
-2.47588e-10
2.29312e-05
-2.81383e-10
2.29313e-05
-2.86473e-10
2.29313e-05
-2.61203e-10
2.29313e-05
-2.07731e-10
2.29314e-05
-1.33067e-10
2.29314e-05
-4.83829e-11
2.29314e-05
3.36119e-11
2.29314e-05
1.00189e-10
2.29313e-05
1.41024e-10
2.29313e-05
1.4988e-10
2.29313e-05
1.26857e-10
2.29313e-05
7.9375e-11
2.29313e-05
2.20971e-11
2.29313e-05
-2.68417e-11
2.29313e-05
-4.93595e-11
2.29313e-05
-2.92109e-11
2.29313e-05
3.96693e-11
2.29312e-05
1.71002e-10
2.29312e-05
3.45356e-10
2.29311e-05
6.00289e-10
7.37064e-10
2.8102e-05
2.15674e-05
2.8664e-05
2.27066e-05
2.80607e-05
1.91785e-05
2.71812e-05
1.28522e-05
2.64286e-05
8.18396e-06
2.59029e-05
4.90361e-06
2.55687e-05
2.83012e-06
2.53714e-05
1.56046e-06
2.52618e-05
8.16548e-07
2.52048e-05
3.97333e-07
2.51777e-05
1.72843e-07
2.51663e-05
6.04864e-08
2.51627e-05
9.68518e-09
2.51625e-05
-9.43362e-09
2.51634e-05
-1.37231e-08
2.51645e-05
-1.20948e-08
2.51654e-05
-8.85931e-09
2.51661e-05
-5.81962e-09
2.51665e-05
-3.53045e-09
2.51667e-05
-2.00217e-09
2.51668e-05
-1.06417e-09
2.51669e-05
-5.25726e-10
2.5167e-05
-2.36764e-10
2.5167e-05
-9.27046e-11
2.5167e-05
-2.86725e-11
2.5167e-05
-6.84468e-12
2.5167e-05
-5.11201e-12
2.5167e-05
-1.11805e-11
2.5167e-05
-1.69076e-11
2.5167e-05
-1.84839e-11
2.5167e-05
-1.24944e-11
2.5167e-05
7.89186e-13
2.5167e-05
2.23066e-11
2.5167e-05
4.89827e-11
2.5167e-05
7.76565e-11
2.51669e-05
1.05503e-10
2.51669e-05
1.27826e-10
2.51669e-05
1.43019e-10
2.51669e-05
1.48329e-10
2.51668e-05
1.43846e-10
2.51668e-05
1.29842e-10
2.51668e-05
1.07166e-10
2.51668e-05
7.90819e-11
2.51668e-05
4.76544e-11
2.51668e-05
1.58466e-11
2.51668e-05
-1.40469e-11
2.51668e-05
-4.11642e-11
2.51668e-05
-6.4102e-11
2.51668e-05
-8.30793e-11
2.51668e-05
-9.88284e-11
2.51668e-05
-1.1225e-10
2.51669e-05
-1.2455e-10
2.51669e-05
-1.35889e-10
2.51669e-05
-1.47794e-10
2.51669e-05
-1.58773e-10
2.5167e-05
-1.68123e-10
2.5167e-05
-1.74533e-10
2.5167e-05
-1.75179e-10
2.51671e-05
-1.67999e-10
2.51671e-05
-1.5109e-10
2.51671e-05
-1.23435e-10
2.51671e-05
-8.45698e-11
2.51671e-05
-3.60121e-11
2.51671e-05
2.07923e-11
2.51671e-05
8.20408e-11
2.51671e-05
1.43613e-10
2.51671e-05
2.01188e-10
2.5167e-05
2.49298e-10
2.5167e-05
2.83894e-10
2.51669e-05
3.00176e-10
2.51669e-05
2.94965e-10
2.51668e-05
2.66276e-10
2.51668e-05
2.14432e-10
2.51668e-05
1.41541e-10
2.51667e-05
5.29503e-11
2.51668e-05
-4.41632e-11
2.51668e-05
-1.41657e-10
2.51668e-05
-2.29355e-10
2.51669e-05
-2.98072e-10
2.51669e-05
-3.38938e-10
2.5167e-05
-3.45344e-10
2.5167e-05
-3.15182e-10
2.51671e-05
-2.51151e-10
2.51671e-05
-1.61649e-10
2.51671e-05
-5.99905e-11
2.51671e-05
3.8513e-11
2.51671e-05
1.18595e-10
2.51671e-05
1.67955e-10
2.5167e-05
1.79047e-10
2.5167e-05
1.52118e-10
2.5167e-05
9.59954e-11
2.5167e-05
2.78866e-11
2.5167e-05
-3.00272e-11
2.5167e-05
-5.65432e-11
2.5167e-05
-3.19041e-11
2.5167e-05
5.00731e-11
2.5167e-05
2.06656e-10
2.51669e-05
4.09144e-10
2.51668e-05
7.07068e-10
8.48694e-10
2.79781e-05
1.85893e-05
2.90938e-05
2.15909e-05
2.91106e-05
1.91618e-05
2.86586e-05
1.33042e-05
2.81689e-05
8.67366e-06
2.77911e-05
5.28141e-06
2.75373e-05
3.08391e-06
2.73819e-05
1.71584e-06
2.7293e-05
9.05459e-07
2.72455e-05
4.44798e-07
2.72221e-05
1.9626e-07
2.72118e-05
7.07972e-08
2.72081e-05
1.33889e-08
2.72074e-05
-8.73558e-09
2.72078e-05
-1.41701e-08
2.72086e-05
-1.28174e-08
2.72092e-05
-9.51004e-09
2.72097e-05
-6.30121e-09
2.721e-05
-3.84926e-09
2.72102e-05
-2.19728e-09
2.72103e-05
-1.17593e-09
2.72104e-05
-5.85617e-10
2.72104e-05
-2.66372e-10
2.72104e-05
-1.06113e-10
2.72104e-05
-3.42681e-11
2.72104e-05
-9.43405e-12
2.72104e-05
-7.23235e-12
2.72104e-05
-1.38471e-11
2.72104e-05
-2.03013e-11
2.72104e-05
-2.18387e-11
2.72105e-05
-1.45537e-11
2.72105e-05
1.38445e-12
2.72104e-05
2.67401e-11
2.72104e-05
5.81075e-11
2.72104e-05
9.17172e-11
2.72104e-05
1.24255e-10
2.72104e-05
1.50572e-10
2.72104e-05
1.68462e-10
2.72103e-05
1.74814e-10
2.72103e-05
1.69564e-10
2.72103e-05
1.53188e-10
2.72103e-05
1.26743e-10
2.72102e-05
9.38183e-11
2.72102e-05
5.697e-11
2.72102e-05
1.94767e-11
2.72102e-05
-1.58635e-11
2.72102e-05
-4.7893e-11
2.72103e-05
-7.51736e-11
2.72103e-05
-9.77537e-11
2.72103e-05
-1.16439e-10
2.72103e-05
-1.32443e-10
2.72103e-05
-1.47136e-10
2.72104e-05
-1.6054e-10
2.72104e-05
-1.74462e-10
2.72104e-05
-1.87479e-10
2.72104e-05
-1.98376e-10
2.72105e-05
-2.05699e-10
2.72105e-05
-2.06354e-10
2.72105e-05
-1.97813e-10
2.72106e-05
-1.77827e-10
2.72106e-05
-1.45233e-10
2.72106e-05
-9.95777e-11
2.72106e-05
-4.24851e-11
2.72106e-05
2.41892e-11
2.72106e-05
9.61638e-11
2.72106e-05
1.68505e-10
2.72105e-05
2.36083e-10
2.72105e-05
2.92657e-10
2.72104e-05
3.33273e-10
2.72104e-05
3.52472e-10
2.72103e-05
3.46486e-10
2.72103e-05
3.12923e-10
2.72102e-05
2.52249e-10
2.72102e-05
1.66951e-10
2.72102e-05
6.305e-11
2.72102e-05
-5.07903e-11
2.72102e-05
-1.65052e-10
2.72103e-05
-2.68058e-10
2.72103e-05
-3.48767e-10
2.72104e-05
-3.96886e-10
2.72104e-05
-4.04743e-10
2.72105e-05
-3.69809e-10
2.72105e-05
-2.95326e-10
2.72106e-05
-1.91022e-10
2.72106e-05
-7.23473e-11
2.72106e-05
4.27731e-11
2.72106e-05
1.36494e-10
2.72105e-05
1.94573e-10
2.72105e-05
2.08133e-10
2.72105e-05
1.7749e-10
2.72105e-05
1.12946e-10
2.72105e-05
3.4178e-11
2.72105e-05
-3.26465e-11
2.72105e-05
-6.31684e-11
2.72105e-05
-3.41166e-11
2.72105e-05
6.06183e-11
2.72104e-05
2.41692e-10
2.72104e-05
4.70952e-10
2.72103e-05
8.092e-10
9.54722e-10
2.77718e-05
1.58175e-05
2.93066e-05
2.00561e-05
2.98775e-05
1.8591e-05
2.98544e-05
1.33272e-05
2.96506e-05
8.87744e-06
2.94445e-05
5.48749e-06
2.92891e-05
3.23941e-06
2.91871e-05
1.81776e-06
2.91259e-05
9.66737e-07
2.90917e-05
4.78997e-07
2.90739e-05
2.13992e-07
2.90655e-05
7.91761e-08
2.90621e-05
1.68322e-08
2.9061e-05
-7.68368e-09
2.9061e-05
-1.41382e-08
2.90613e-05
-1.31273e-08
2.90617e-05
-9.86284e-09
2.9062e-05
-6.58983e-09
2.90622e-05
-4.05296e-09
2.90623e-05
-2.32826e-09
2.90624e-05
-1.25428e-09
2.90624e-05
-6.29522e-10
2.90624e-05
-2.8907e-10
2.90625e-05
-1.16893e-10
2.90625e-05
-3.91612e-11
2.90625e-05
-1.20484e-11
2.90625e-05
-9.59744e-12
2.90625e-05
-1.67487e-11
2.90625e-05
-2.37959e-11
2.90625e-05
-2.51875e-11
2.90625e-05
-1.65722e-11
2.90625e-05
2.01805e-12
2.90625e-05
3.11286e-11
2.90625e-05
6.71321e-11
2.90624e-05
1.05667e-10
2.90624e-05
1.42806e-10
2.90624e-05
1.73081e-10
2.90624e-05
1.93714e-10
2.90624e-05
2.01148e-10
2.90623e-05
1.95155e-10
2.90623e-05
1.76443e-10
2.90623e-05
1.46334e-10
2.90623e-05
1.08647e-10
2.90623e-05
6.64337e-11
2.90623e-05
2.32883e-11
2.90623e-05
-1.75135e-11
2.90623e-05
-5.4435e-11
2.90623e-05
-8.60375e-11
2.90623e-05
-1.12284e-10
2.90623e-05
-1.33938e-10
2.90623e-05
-1.52484e-10
2.90624e-05
-1.69597e-10
2.90624e-05
-1.85107e-10
2.90624e-05
-2.00961e-10
2.90624e-05
-2.15983e-10
2.90625e-05
-2.28455e-10
2.90625e-05
-2.36644e-10
2.90625e-05
-2.3726e-10
2.90626e-05
-2.2737e-10
2.90626e-05
-2.0436e-10
2.90626e-05
-1.66885e-10
2.90626e-05
-1.14541e-10
2.90626e-05
-4.9035e-11
2.90626e-05
2.73561e-11
2.90626e-05
1.09906e-10
2.90626e-05
1.9291e-10
2.90625e-05
2.70368e-10
2.90625e-05
3.35323e-10
2.90625e-05
3.81944e-10
2.90624e-05
4.04093e-10
2.90624e-05
3.97427e-10
2.90623e-05
3.59146e-10
2.90623e-05
2.89829e-10
2.90622e-05
1.92405e-10
2.90622e-05
7.3467e-11
2.90622e-05
-5.69076e-11
2.90623e-05
-1.87709e-10
2.90623e-05
-3.05826e-10
2.90623e-05
-3.98457e-10
2.90624e-05
-4.53874e-10
2.90625e-05
-4.63311e-10
2.90625e-05
-4.23815e-10
2.90626e-05
-3.39218e-10
2.90626e-05
-2.20505e-10
2.90626e-05
-8.51731e-11
2.90626e-05
4.63066e-11
2.90626e-05
1.53505e-10
2.90626e-05
2.20284e-10
2.90625e-05
2.36493e-10
2.90625e-05
2.02418e-10
2.90625e-05
1.29835e-10
2.90625e-05
4.08053e-11
2.90625e-05
-3.4688e-11
2.90625e-05
-6.91605e-11
2.90625e-05
-3.59339e-11
2.90625e-05
7.09293e-11
2.90624e-05
2.75097e-10
2.90624e-05
5.29229e-10
2.90623e-05
9.04352e-10
1.05314e-09
2.75288e-05
1.32887e-05
2.93678e-05
1.82171e-05
3.04172e-05
1.75416e-05
3.08053e-05
1.29392e-05
3.08951e-05
8.78768e-06
3.08749e-05
5.50765e-06
3.08301e-05
3.28419e-06
3.07904e-05
1.85747e-06
3.07622e-05
9.94901e-07
3.07445e-05
4.96769e-07
3.07341e-05
2.24354e-07
3.07285e-05
8.47972e-08
3.07257e-05
1.96558e-08
3.07244e-05
-6.40402e-09
3.07239e-05
-1.36494e-08
3.07238e-05
-1.30079e-08
3.07238e-05
-9.8927e-09
3.07239e-05
-6.66355e-09
3.07239e-05
-4.1257e-09
3.0724e-05
-2.38502e-09
3.0724e-05
-1.29323e-09
3.07241e-05
-6.53998e-10
3.07241e-05
-3.03072e-10
3.07241e-05
-1.2421e-10
3.07241e-05
-4.29424e-11
3.07241e-05
-1.44855e-11
3.07241e-05
-1.20772e-11
3.07241e-05
-1.97909e-11
3.07241e-05
-2.73197e-11
3.07241e-05
-2.84724e-11
3.07241e-05
-1.8514e-11
3.07241e-05
2.67762e-12
3.07241e-05
3.53541e-11
3.07241e-05
7.57937e-11
3.07241e-05
1.19163e-10
3.07241e-05
1.60779e-10
3.0724e-05
1.9485e-10
3.0724e-05
2.18164e-10
3.0724e-05
2.26719e-10
3.0724e-05
2.20047e-10
3.07239e-05
1.99075e-10
3.07239e-05
1.65464e-10
3.07239e-05
1.23202e-10
3.07239e-05
7.58017e-11
3.07239e-05
2.71762e-11
3.07239e-05
-1.89699e-11
3.07239e-05
-6.06669e-11
3.07239e-05
-9.64565e-11
3.07239e-05
-1.26316e-10
3.07239e-05
-1.50927e-10
3.0724e-05
-1.71915e-10
3.0724e-05
-1.91377e-10
3.0724e-05
-2.09003e-10
3.0724e-05
-2.26678e-10
3.07241e-05
-2.43589e-10
3.07241e-05
-2.57626e-10
3.07241e-05
-2.66642e-10
3.07241e-05
-2.67168e-10
3.07242e-05
-2.55957e-10
3.07242e-05
-2.30057e-10
3.07242e-05
-1.87889e-10
3.07242e-05
-1.29109e-10
3.07242e-05
-5.55035e-11
3.07242e-05
3.02285e-11
3.07242e-05
1.22943e-10
3.07242e-05
2.1625e-10
3.07242e-05
3.03261e-10
3.07241e-05
3.76313e-10
3.07241e-05
4.28771e-10
3.0724e-05
4.53843e-10
3.0724e-05
4.4662e-10
3.07239e-05
4.03887e-10
3.07239e-05
3.26304e-10
3.07239e-05
2.17296e-10
3.07239e-05
8.39558e-11
3.07239e-05
-6.23721e-11
3.07239e-05
-2.09144e-10
3.07239e-05
-3.41836e-10
3.0724e-05
-4.46021e-10
3.0724e-05
-5.08602e-10
3.07241e-05
-5.19735e-10
3.07241e-05
-4.75982e-10
3.07242e-05
-3.818e-10
3.07242e-05
-2.49385e-10
3.07242e-05
-9.81332e-11
3.07242e-05
4.90846e-11
3.07242e-05
1.69319e-10
3.07242e-05
2.44564e-10
3.07242e-05
2.63522e-10
3.07241e-05
2.26357e-10
3.07241e-05
1.46258e-10
3.07241e-05
4.75682e-11
3.07241e-05
-3.61919e-11
3.07241e-05
-7.44887e-11
3.07241e-05
-3.74545e-11
3.07241e-05
8.06593e-11
3.07241e-05
3.06018e-10
3.0724e-05
5.82661e-10
3.07239e-05
9.90603e-10
1.14227e-09
2.72791e-05
1.10096e-05
2.93289e-05
1.61672e-05
3.07798e-05
1.60908e-05
3.15474e-05
1.21715e-05
3.1925e-05
8.41008e-06
3.20955e-05
5.33713e-06
3.2168e-05
3.21165e-06
3.2196e-05
1.82951e-06
3.22047e-05
9.86215e-07
3.22056e-05
4.95823e-07
3.22039e-05
2.26052e-07
3.22018e-05
8.6986e-08
3.21999e-05
2.15396e-08
3.21985e-05
-5.0292e-09
3.21976e-05
-1.27455e-08
3.2197e-05
-1.24625e-08
3.21967e-05
-9.58994e-09
3.21966e-05
-6.51087e-09
3.21965e-05
-4.05809e-09
3.21965e-05
-2.36111e-09
3.21965e-05
-1.28882e-09
3.21965e-05
-6.5668e-10
3.21965e-05
-3.07021e-10
3.21965e-05
-1.27385e-10
3.21965e-05
-4.52815e-11
3.21965e-05
-1.65616e-11
3.21965e-05
-1.45336e-11
3.21965e-05
-2.28575e-11
3.21965e-05
-3.07747e-11
3.21965e-05
-3.16255e-11
3.21965e-05
-2.03688e-11
3.21965e-05
3.32872e-12
3.21965e-05
3.93361e-11
3.21965e-05
8.38854e-11
3.21965e-05
1.31864e-10
3.21965e-05
1.77792e-10
3.21965e-05
2.15434e-10
3.21964e-05
2.41249e-10
3.21964e-05
2.50922e-10
3.21964e-05
2.43677e-10
3.21964e-05
2.20581e-10
3.21963e-05
1.83673e-10
3.21963e-05
1.37112e-10
3.21963e-05
8.48184e-11
3.21963e-05
3.10181e-11
3.21963e-05
-2.02181e-11
3.21963e-05
-6.64752e-11
3.21963e-05
-1.06226e-10
3.21964e-05
-1.39522e-10
3.21964e-05
-1.67014e-10
3.21964e-05
-1.90306e-10
3.21964e-05
-2.11949e-10
3.21964e-05
-2.31648e-10
3.21965e-05
-2.51029e-10
3.21965e-05
-2.69649e-10
3.21965e-05
-2.85178e-10
3.21965e-05
-2.94991e-10
3.21966e-05
-2.95391e-10
3.21966e-05
-2.82901e-10
3.21966e-05
-2.54302e-10
3.21966e-05
-2.07751e-10
3.21966e-05
-1.42938e-10
3.21967e-05
-6.17254e-11
3.21967e-05
3.2773e-11
3.21966e-05
1.35004e-10
3.21966e-05
2.38e-10
3.21966e-05
3.34035e-10
3.21965e-05
4.14723e-10
3.21965e-05
4.72699e-10
3.21965e-05
5.00589e-10
3.21964e-05
4.92945e-10
3.21964e-05
4.46132e-10
3.21963e-05
3.60831e-10
3.21963e-05
2.41013e-10
3.21963e-05
9.42287e-11
3.21963e-05
-6.70943e-11
3.21963e-05
-2.28925e-10
3.21964e-05
-3.75353e-10
3.21964e-05
-4.90446e-10
3.21965e-05
-5.59856e-10
3.21965e-05
-5.72761e-10
3.21966e-05
-5.25152e-10
3.21966e-05
-4.22077e-10
3.21966e-05
-2.76933e-10
3.21966e-05
-1.10844e-10
3.21966e-05
5.11327e-11
3.21966e-05
1.83689e-10
3.21966e-05
2.66959e-10
3.21966e-05
2.88666e-10
3.21966e-05
2.48787e-10
3.21965e-05
1.61808e-10
3.21965e-05
5.42393e-11
3.21965e-05
-3.72296e-11
3.21965e-05
-7.916e-11
3.21965e-05
-3.87708e-11
3.21965e-05
8.95002e-11
3.21965e-05
3.33763e-10
3.21965e-05
6.30188e-10
3.21964e-05
1.06641e-09
1.22071e-09
2.70421e-05
8.96751e-06
2.92301e-05
1.39792e-05
3.10085e-05
1.43124e-05
3.2115e-05
1.1065e-05
3.27637e-05
7.76142e-06
3.31208e-05
4.97997e-06
3.33115e-05
3.02104e-06
3.3409e-05
1.73195e-06
3.34563e-05
9.3893e-07
3.34772e-05
4.74907e-07
3.3485e-05
2.18293e-07
3.34867e-05
8.52818e-08
3.3486e-05
2.22353e-08
3.34846e-05
-3.68249e-09
3.34834e-05
-1.14816e-08
3.34824e-05
-1.15118e-08
3.34818e-05
-8.95975e-09
3.34814e-05
-6.13094e-09
3.34812e-05
-3.84757e-09
3.34811e-05
-2.25402e-09
3.3481e-05
-1.23925e-09
3.3481e-05
-6.364e-10
3.3481e-05
-3.00148e-10
3.3481e-05
-1.2596e-10
3.3481e-05
-4.59442e-11
3.3481e-05
-1.81489e-11
3.3481e-05
-1.6854e-11
3.3481e-05
-2.58396e-11
3.3481e-05
-3.40686e-11
3.3481e-05
-3.45757e-11
3.3481e-05
-2.21272e-11
3.3481e-05
3.91181e-12
3.3481e-05
4.29982e-11
3.3481e-05
9.12618e-11
3.3481e-05
1.4347e-10
3.3481e-05
1.93453e-10
3.3481e-05
2.34415e-10
3.3481e-05
2.62474e-10
3.34809e-05
2.73192e-10
3.34809e-05
2.65489e-10
3.34809e-05
2.40471e-10
3.34809e-05
2.00529e-10
3.34809e-05
1.50018e-10
3.34809e-05
9.32283e-11
3.34808e-05
3.46795e-11
3.34808e-05
-2.12604e-11
3.34809e-05
-7.17535e-11
3.34809e-05
-1.15165e-10
3.34809e-05
-1.51616e-10
3.34809e-05
-1.81821e-10
3.34809e-05
-2.07254e-10
3.34809e-05
-2.30836e-10
3.34809e-05
-2.52492e-10
3.3481e-05
-2.73458e-10
3.3481e-05
-2.93571e-10
3.3481e-05
-3.10452e-10
3.3481e-05
-3.2102e-10
3.34811e-05
-3.21286e-10
3.34811e-05
-3.0758e-10
3.34811e-05
-2.76514e-10
3.34811e-05
-2.25992e-10
3.34811e-05
-1.55692e-10
3.34812e-05
-6.75353e-11
3.34812e-05
3.49747e-11
3.34811e-05
1.45871e-10
3.34811e-05
2.57696e-10
3.34811e-05
3.62022e-10
3.34811e-05
4.49732e-10
3.3481e-05
5.12774e-10
3.3481e-05
5.43284e-10
3.34809e-05
5.35352e-10
3.34809e-05
4.84926e-10
3.34809e-05
3.92615e-10
3.34808e-05
2.62963e-10
3.34808e-05
1.03972e-10
3.34808e-05
-7.10421e-11
3.34809e-05
-2.46686e-10
3.34809e-05
-4.05723e-10
3.34809e-05
-5.30837e-10
3.3481e-05
-6.06546e-10
3.3481e-05
-6.21212e-10
3.34811e-05
-5.70235e-10
3.34811e-05
-4.59117e-10
3.34811e-05
-3.0244e-10
3.34811e-05
-1.22894e-10
3.34811e-05
5.25267e-11
3.34811e-05
1.96423e-10
3.34811e-05
2.87083e-10
3.34811e-05
3.11427e-10
3.34811e-05
2.69229e-10
3.3481e-05
1.76089e-10
3.3481e-05
6.05713e-11
3.3481e-05
-3.78868e-11
3.3481e-05
-8.32027e-11
3.3481e-05
-3.99631e-11
3.3481e-05
9.71942e-11
3.3481e-05
3.57787e-10
3.3481e-05
6.71e-10
3.34809e-05
1.13057e-09
1.28737e-09
2.68295e-05
7.138e-06
2.91018e-05
1.17069e-05
3.11405e-05
1.22737e-05
3.25398e-05
9.66573e-06
3.34338e-05
6.86735e-06
3.39657e-05
4.44813e-06
3.42694e-05
2.71729e-06
3.44349e-05
1.56647e-06
3.45204e-05
8.53408e-07
3.45614e-05
4.33915e-07
3.45788e-05
2.0086e-07
3.45846e-05
7.94835e-08
3.45853e-05
2.15929e-08
3.45841e-05
-2.46417e-09
3.45825e-05
-9.9195e-09
3.45812e-05
-1.01913e-08
3.45802e-05
-8.02113e-09
3.45796e-05
-5.53322e-09
3.45793e-05
-3.4984e-09
3.45791e-05
-2.06534e-09
3.4579e-05
-1.14493e-09
3.4579e-05
-5.93165e-10
3.4579e-05
-2.82321e-10
3.45789e-05
-1.19764e-10
3.45789e-05
-4.4801e-11
3.45789e-05
-1.91786e-11
3.45789e-05
-1.8975e-11
3.4579e-05
-2.86548e-11
3.4579e-05
-3.71303e-11
3.4579e-05
-3.72636e-11
3.4579e-05
-2.37656e-11
3.4579e-05
4.36915e-12
3.4579e-05
4.62489e-11
3.45789e-05
9.78105e-11
3.45789e-05
1.53746e-10
3.45789e-05
2.07391e-10
3.45789e-05
2.51386e-10
3.45789e-05
2.81402e-10
3.45789e-05
2.93034e-10
3.45788e-05
2.84964e-10
3.45788e-05
2.58278e-10
3.45788e-05
2.15634e-10
3.45788e-05
1.6159e-10
3.45788e-05
1.0079e-10
3.45788e-05
3.80236e-11
3.45788e-05
-2.21155e-11
3.45788e-05
-7.64084e-11
3.45788e-05
-1.23105e-10
3.45788e-05
-1.62349e-10
3.45788e-05
-1.95006e-10
3.45788e-05
-2.22391e-10
3.45789e-05
-2.47621e-10
3.45789e-05
-2.71034e-10
3.45789e-05
-2.93449e-10
3.45789e-05
-3.14827e-10
3.45789e-05
-3.32861e-10
3.4579e-05
-3.44108e-10
3.4579e-05
-3.44256e-10
3.4579e-05
-3.29434e-10
3.4579e-05
-2.96167e-10
3.4579e-05
-2.42162e-10
3.45791e-05
-1.67047e-10
3.45791e-05
-7.27705e-11
3.45791e-05
3.68253e-11
3.45791e-05
1.55372e-10
3.4579e-05
2.74953e-10
3.4579e-05
3.86628e-10
3.4579e-05
4.80602e-10
3.45789e-05
5.48153e-10
3.45789e-05
5.80997e-10
3.45789e-05
5.7288e-10
3.45788e-05
5.19388e-10
3.45788e-05
4.20923e-10
3.45788e-05
2.82593e-10
3.45788e-05
1.12869e-10
3.45788e-05
-7.42309e-11
3.45788e-05
-2.62128e-10
3.45788e-05
-4.32373e-10
3.45789e-05
-5.66408e-10
3.45789e-05
-6.47719e-10
3.45789e-05
-6.64031e-10
3.4579e-05
-6.1022e-10
3.4579e-05
-4.92063e-10
3.4579e-05
-3.25239e-10
3.4579e-05
-1.33867e-10
3.4579e-05
5.33809e-11
3.4579e-05
2.07375e-10
3.4579e-05
3.04618e-10
3.4579e-05
3.31367e-10
3.4579e-05
2.87254e-10
3.4579e-05
1.88745e-10
3.4579e-05
6.63086e-11
3.4579e-05
-3.82606e-11
3.4579e-05
-8.66488e-11
3.4579e-05
-4.1097e-11
3.4579e-05
1.03541e-10
3.45789e-05
3.77669e-10
3.45789e-05
7.04519e-10
3.45789e-05
1.18224e-09
1.34142e-09
2.66481e-05
5.48991e-06
2.89669e-05
9.38809e-06
3.12063e-05
1.00343e-05
3.28495e-05
8.02255e-06
3.39565e-05
5.76032e-06
3.46443e-05
3.76042e-06
3.5051e-05
2.31058e-06
3.52792e-05
1.33822e-06
3.54005e-05
7.32113e-07
3.54605e-05
3.7392e-07
3.54872e-05
1.74145e-07
3.5497e-05
6.96753e-08
3.5499e-05
1.95768e-08
3.5498e-05
-1.44137e-09
3.54962e-05
-8.12179e-09
3.54946e-05
-8.54804e-09
3.54934e-05
-6.80545e-09
3.54926e-05
-4.73677e-09
3.54921e-05
-3.02132e-09
3.54918e-05
-1.80069e-09
3.54917e-05
-1.0085e-09
3.54916e-05
-5.28116e-10
3.54916e-05
-2.54012e-10
3.54916e-05
-1.08944e-10
3.54916e-05
-4.18432e-11
3.54916e-05
-1.96199e-11
3.54916e-05
-2.08714e-11
3.54916e-05
-3.12524e-11
3.54916e-05
-3.99064e-11
3.54916e-05
-3.96473e-11
3.54916e-05
-2.52501e-11
3.54916e-05
4.67014e-12
3.54916e-05
4.8993e-11
3.54916e-05
1.03422e-10
3.54916e-05
1.62514e-10
3.54916e-05
2.19294e-10
3.54915e-05
2.65961e-10
3.54915e-05
2.9764e-10
3.54915e-05
3.10021e-10
3.54915e-05
3.01647e-10
3.54915e-05
2.73563e-10
3.54915e-05
2.28621e-10
3.54915e-05
1.71533e-10
3.54914e-05
1.07288e-10
3.54914e-05
4.09228e-11
3.54914e-05
-2.28118e-11
3.54915e-05
-8.03658e-11
3.54915e-05
-1.29893e-10
3.54915e-05
-1.71513e-10
3.54915e-05
-2.06273e-10
3.54915e-05
-2.3538e-10
3.54915e-05
-2.6195e-10
3.54915e-05
-2.86838e-10
3.54915e-05
-3.10533e-10
3.54916e-05
-3.3295e-10
3.54916e-05
-3.51902e-10
3.54916e-05
-3.63708e-10
3.54916e-05
-3.63765e-10
3.54916e-05
-3.47971e-10
3.54916e-05
-3.12808e-10
3.54917e-05
-2.55865e-10
3.54917e-05
-1.76704e-10
3.54917e-05
-7.72722e-11
3.54917e-05
3.83201e-11
3.54917e-05
1.6336e-10
3.54917e-05
2.89465e-10
3.54916e-05
4.07351e-10
3.54916e-05
5.06687e-10
3.54916e-05
5.78104e-10
3.54915e-05
6.12934e-10
3.54915e-05
6.04687e-10
3.54915e-05
5.4872e-10
3.54915e-05
4.451e-10
3.54914e-05
2.99402e-10
3.54914e-05
1.20616e-10
3.54914e-05
-7.67076e-11
3.54914e-05
-2.75021e-10
3.54915e-05
-4.54821e-10
3.54915e-05
-5.96479e-10
3.54915e-05
-6.82561e-10
3.54916e-05
-7.00303e-10
3.54916e-05
-6.44201e-10
3.54916e-05
-5.20147e-10
3.54917e-05
-3.44737e-10
3.54917e-05
-1.43374e-10
3.54917e-05
5.38329e-11
3.54917e-05
2.16437e-10
3.54916e-05
3.19311e-10
3.54916e-05
3.48116e-10
3.54916e-05
3.02479e-10
3.54916e-05
1.9947e-10
3.54916e-05
7.12101e-11
3.54916e-05
-3.84635e-11
3.54916e-05
-8.95243e-11
3.54916e-05
-4.22199e-11
3.54916e-05
1.08399e-10
3.54916e-05
3.9311e-10
3.54915e-05
7.30368e-10
3.54915e-05
1.22087e-09
1.3823e-09
2.65014e-05
3.98856e-06
2.88422e-05
7.04726e-06
3.12308e-05
7.64569e-06
3.30681e-05
6.18523e-06
3.43506e-05
4.47787e-06
3.51697e-05
2.9413e-06
3.56646e-05
1.81566e-06
3.59473e-05
1.05555e-06
3.60999e-05
5.79484e-07
3.61767e-05
2.97123e-07
3.62117e-05
1.39137e-07
3.62251e-05
5.62288e-08
3.62284e-05
1.62723e-08
3.62276e-05
-6.42384e-10
3.62257e-05
-6.14781e-09
3.62238e-05
-6.638e-09
3.62223e-05
-5.35464e-09
3.62213e-05
-3.76932e-09
3.62208e-05
-2.43305e-09
3.62204e-05
-1.46938e-09
3.62202e-05
-8.34777e-10
3.62202e-05
-4.43504e-10
3.62201e-05
-2.16219e-10
3.62201e-05
-9.39322e-11
3.62201e-05
-3.7197e-11
3.62201e-05
-1.94679e-11
3.62201e-05
-2.25241e-11
3.62201e-05
-3.36018e-11
3.62201e-05
-4.23555e-11
3.62201e-05
-4.16956e-11
3.62201e-05
-2.65486e-11
3.62201e-05
4.81465e-12
3.62201e-05
5.11548e-11
3.62201e-05
1.07984e-10
3.62201e-05
1.69633e-10
3.62201e-05
2.28923e-10
3.62201e-05
2.77803e-10
3.62201e-05
3.10836e-10
3.62201e-05
3.23794e-10
3.622e-05
3.15159e-10
3.622e-05
2.85952e-10
3.622e-05
2.39165e-10
3.622e-05
1.7959e-10
3.622e-05
1.12535e-10
3.622e-05
4.32677e-11
3.622e-05
-2.33758e-11
3.622e-05
-8.35714e-11
3.622e-05
-1.35396e-10
3.622e-05
-1.7893e-10
3.622e-05
-2.15375e-10
3.622e-05
-2.45927e-10
3.622e-05
-2.73524e-10
3.62201e-05
-2.99544e-10
3.62201e-05
-3.24302e-10
3.62201e-05
-3.47533e-10
3.62201e-05
-3.67157e-10
3.62201e-05
-3.79367e-10
3.62201e-05
-3.79351e-10
3.62202e-05
-3.62768e-10
3.62202e-05
-3.26059e-10
3.62202e-05
-2.6677e-10
3.62202e-05
-1.84404e-10
3.62202e-05
-8.08899e-11
3.62202e-05
3.94626e-11
3.62202e-05
1.69709e-10
3.62202e-05
3.00996e-10
3.62202e-05
4.23794e-10
3.62201e-05
5.27444e-10
3.62201e-05
6.02006e-10
3.62201e-05
6.38441e-10
3.62201e-05
6.30078e-10
3.622e-05
5.72232e-10
3.622e-05
4.64577e-10
3.622e-05
3.12965e-10
3.622e-05
1.26943e-10
3.622e-05
-7.8536e-11
3.622e-05
-2.85192e-10
3.622e-05
-4.72676e-10
3.622e-05
-6.20482e-10
3.62201e-05
-7.10397e-10
3.62201e-05
-7.29279e-10
3.62201e-05
-6.71402e-10
3.62202e-05
-5.42703e-10
3.62202e-05
-3.60423e-10
3.62202e-05
-1.51072e-10
3.62202e-05
5.40282e-11
3.62202e-05
2.23532e-10
3.62202e-05
3.30966e-10
3.62201e-05
3.61375e-10
3.62201e-05
3.14568e-10
3.62201e-05
2.0801e-10
3.62201e-05
7.50766e-11
3.62201e-05
-3.86182e-11
3.62201e-05
-9.18532e-11
3.62201e-05
-4.33548e-11
3.62201e-05
1.11682e-10
3.62201e-05
4.03913e-10
3.62201e-05
7.48332e-10
3.62201e-05
1.24622e-09
1.40968e-09
2.63909e-05
2.59767e-06
2.87395e-05
4.69867e-06
3.1233e-05
5.1522e-06
3.32149e-05
4.2033e-06
3.46316e-05
3.06114e-06
3.55532e-05
2.01977e-06
3.61177e-05
1.25111e-06
3.64438e-05
7.2951e-07
3.66216e-05
4.01695e-07
3.67119e-05
2.06738e-07
3.67537e-05
9.73684e-08
3.67702e-05
3.97814e-08
3.67745e-05
1.18798e-08
3.6774e-05
-5.6188e-11
3.67719e-05
-4.05113e-09
3.67697e-05
-4.52344e-09
3.67681e-05
-3.71939e-09
3.6767e-05
-2.66603e-09
3.67663e-05
-1.75556e-09
3.67659e-05
-1.08407e-09
3.67657e-05
-6.30529e-10
3.67656e-05
-3.42674e-10
3.67656e-05
-1.70448e-10
3.67656e-05
-7.53902e-11
3.67656e-05
-3.11146e-11
3.67656e-05
-1.87534e-11
3.67656e-05
-2.38984e-11
3.67656e-05
-3.56712e-11
3.67656e-05
-4.44473e-11
3.67656e-05
-4.33835e-11
3.67656e-05
-2.76359e-11
3.67656e-05
4.82038e-12
3.67656e-05
5.26922e-11
3.67656e-05
1.11395e-10
3.67656e-05
1.74975e-10
3.67656e-05
2.36102e-10
3.67655e-05
2.8665e-10
3.67655e-05
3.2069e-10
3.67655e-05
3.34051e-10
3.67655e-05
3.25201e-10
3.67655e-05
2.95143e-10
3.67655e-05
2.46991e-10
3.67655e-05
1.85547e-10
3.67655e-05
1.16378e-10
3.67655e-05
4.49699e-11
3.67655e-05
-2.38249e-11
3.67655e-05
-8.59851e-11
3.67655e-05
-1.39509e-10
3.67655e-05
-1.84456e-10
3.67655e-05
-2.22117e-10
3.67655e-05
-2.53783e-10
3.67655e-05
-2.82103e-10
3.67655e-05
-3.08876e-10
3.67655e-05
-3.34426e-10
3.67656e-05
-3.58238e-10
3.67656e-05
-3.78296e-10
3.67656e-05
-3.90735e-10
3.67656e-05
-3.90649e-10
3.67656e-05
-3.73486e-10
3.67656e-05
-3.35624e-10
3.67656e-05
-2.74622e-10
3.67656e-05
-1.89946e-10
3.67656e-05
-8.34928e-11
3.67656e-05
4.02698e-11
3.67656e-05
1.7431e-10
3.67656e-05
3.09359e-10
3.67656e-05
4.3567e-10
3.67656e-05
5.42455e-10
3.67656e-05
6.19357e-10
3.67656e-05
6.56998e-10
3.67655e-05
6.48521e-10
3.67655e-05
5.8937e-10
3.67655e-05
4.78879e-10
3.67655e-05
3.2294e-10
3.67655e-05
1.31631e-10
3.67655e-05
-7.97838e-11
3.67655e-05
-2.92522e-10
3.67655e-05
-4.85643e-10
3.67655e-05
-6.37972e-10
3.67655e-05
-7.30688e-10
3.67656e-05
-7.50376e-10
3.67656e-05
-6.91208e-10
3.67656e-05
-5.59183e-10
3.67656e-05
-3.71889e-10
3.67656e-05
-1.56682e-10
3.67656e-05
5.41073e-11
3.67656e-05
2.28606e-10
3.67656e-05
3.39428e-10
3.67656e-05
3.70936e-10
3.67656e-05
3.23241e-10
3.67656e-05
2.14147e-10
3.67656e-05
7.77685e-11
3.67656e-05
-3.88331e-11
3.67656e-05
-9.36642e-11
3.67656e-05
-4.45016e-11
3.67656e-05
1.13358e-10
3.67656e-05
4.09991e-10
3.67656e-05
7.58328e-10
3.67656e-05
1.25827e-09
1.42345e-09
2.63172e-05
1.28043e-06
2.86669e-05
2.34901e-06
3.12269e-05
2.59223e-06
3.33046e-05
2.12561e-06
3.4812e-05
1.55368e-06
3.58037e-05
1.02812e-06
3.64163e-05
6.38465e-07
3.67725e-05
3.73303e-07
3.69679e-05
2.06309e-07
3.70679e-05
1.06798e-07
3.71144e-05
5.08169e-08
3.7133e-05
2.11928e-08
3.71382e-05
6.69702e-09
3.71378e-05
3.63001e-10
3.71356e-05
-1.87894e-09
3.71333e-05
-2.27097e-09
3.71316e-05
-1.95714e-09
3.71304e-05
-1.46804e-09
3.71296e-05
-1.01516e-09
3.71292e-05
-6.60214e-10
3.7129e-05
-4.04231e-10
3.71289e-05
-2.29965e-10
3.71288e-05
-1.18697e-10
3.71288e-05
-5.41673e-11
3.71288e-05
-2.39391e-11
3.71288e-05
-1.75573e-11
3.71288e-05
-2.49563e-11
3.71288e-05
-3.74121e-11
3.71288e-05
-4.61574e-11
3.71288e-05
-4.46934e-11
3.71288e-05
-2.84932e-11
3.71288e-05
4.71004e-12
3.71288e-05
5.3594e-11
3.71288e-05
1.13582e-10
3.71288e-05
1.78434e-10
3.71288e-05
2.40699e-10
3.71288e-05
2.92313e-10
3.71288e-05
3.26973e-10
3.71288e-05
3.4056e-10
3.71288e-05
3.31546e-10
3.71288e-05
3.00915e-10
3.71287e-05
2.51892e-10
3.71287e-05
1.89242e-10
3.71287e-05
1.18703e-10
3.71287e-05
4.59623e-11
3.71287e-05
-2.41667e-11
3.71287e-05
-8.7574e-11
3.71287e-05
-1.42155e-10
3.71287e-05
-1.87984e-10
3.71288e-05
-2.2636e-10
3.71288e-05
-2.58752e-10
3.71288e-05
-2.87496e-10
3.71288e-05
-3.14643e-10
3.71288e-05
-3.40664e-10
3.71288e-05
-3.6481e-10
3.71288e-05
-3.85074e-10
3.71288e-05
-3.97569e-10
3.71288e-05
-3.97404e-10
3.71288e-05
-3.79876e-10
3.71288e-05
-3.41285e-10
3.71288e-05
-2.79239e-10
3.71288e-05
-1.9319e-10
3.71288e-05
-8.49844e-11
3.71288e-05
4.07697e-11
3.71288e-05
1.77085e-10
3.71288e-05
3.14413e-10
3.71288e-05
4.42783e-10
3.71288e-05
5.51435e-10
3.71288e-05
6.29787e-10
3.71288e-05
6.68221e-10
3.71288e-05
6.59647e-10
3.71288e-05
5.99739e-10
3.71287e-05
4.87638e-10
3.71287e-05
3.29073e-10
3.71287e-05
1.34524e-10
3.71287e-05
-8.05086e-11
3.71287e-05
-2.96936e-10
3.71288e-05
-4.93514e-10
3.71288e-05
-6.48631e-10
3.71288e-05
-7.43043e-10
3.71288e-05
-7.63177e-10
3.71288e-05
-7.0318e-10
3.71288e-05
-5.69174e-10
3.71288e-05
-3.78833e-10
3.71288e-05
-1.60009e-10
3.71288e-05
5.41905e-11
3.71288e-05
2.31632e-10
3.71288e-05
3.44561e-10
3.71288e-05
3.76667e-10
3.71288e-05
3.28304e-10
3.71288e-05
2.17698e-10
3.71288e-05
7.92006e-11
3.71288e-05
-3.91743e-11
3.71288e-05
-9.49855e-11
3.71288e-05
-4.56474e-11
3.71288e-05
1.13445e-10
3.71288e-05
4.11355e-10
3.71288e-05
7.60392e-10
3.71288e-05
1.25726e-09
1.42375e-09
2.62804e-05
-1.88987e-12
2.86294e-05
1.78391e-11
3.12216e-05
8.83156e-11
3.33469e-05
2.43577e-10
3.49001e-05
5.04319e-10
3.59274e-05
8.60495e-10
3.65646e-05
1.26131e-09
3.69362e-05
1.62404e-09
3.71407e-05
1.86287e-09
3.72456e-05
1.91944e-09
3.72946e-05
1.7803e-09
3.73143e-05
1.48238e-09
3.73199e-05
1.09306e-09
3.73196e-05
6.86838e-10
3.73174e-05
3.26781e-10
3.73151e-05
5.00609e-11
3.73132e-05
-1.29998e-10
3.7312e-05
-2.20692e-10
3.73112e-05
-2.4132e-10
3.73108e-05
-2.1536e-10
3.73105e-05
-1.65611e-10
3.73104e-05
-1.1047e-10
3.73104e-05
-6.3397e-11
3.73103e-05
-3.12812e-11
3.73103e-05
-1.60672e-11
3.73103e-05
-1.60048e-11
3.73103e-05
-2.56832e-11
3.73103e-05
-3.87653e-11
3.73103e-05
-4.74567e-11
3.73103e-05
-4.56152e-11
3.73103e-05
-2.91063e-11
3.73103e-05
4.50557e-12
3.73103e-05
5.38687e-11
3.73103e-05
1.14503e-10
3.73103e-05
1.79933e-10
3.73103e-05
2.42621e-10
3.73103e-05
2.94676e-10
3.73103e-05
3.29537e-10
3.73103e-05
3.43162e-10
3.73103e-05
3.3404e-10
3.73103e-05
3.0313e-10
3.73103e-05
2.53735e-10
3.73103e-05
1.90572e-10
3.73103e-05
1.19442e-10
3.73103e-05
4.62016e-11
3.73103e-05
-2.44034e-11
3.73103e-05
-8.83101e-11
3.73103e-05
-1.43284e-10
3.73103e-05
-1.89441e-10
3.73103e-05
-2.28023e-10
3.73103e-05
-2.60706e-10
3.73103e-05
-2.89569e-10
3.73103e-05
-3.16732e-10
3.73103e-05
-3.42875e-10
3.73103e-05
-3.67087e-10
3.73103e-05
-3.87337e-10
3.73103e-05
-3.99731e-10
3.73103e-05
-3.99469e-10
3.73103e-05
-3.81792e-10
3.73103e-05
-3.42912e-10
3.73103e-05
-2.80513e-10
3.73103e-05
-1.94061e-10
3.73103e-05
-8.53149e-11
3.73103e-05
4.09895e-11
3.73103e-05
1.77996e-10
3.73103e-05
3.16059e-10
3.73103e-05
4.45023e-10
3.73103e-05
5.54231e-10
3.73103e-05
6.3308e-10
3.73103e-05
6.71861e-10
3.73103e-05
6.63239e-10
3.73103e-05
6.03118e-10
3.73103e-05
4.90618e-10
3.73103e-05
3.31196e-10
3.73103e-05
1.35536e-10
3.73103e-05
-8.07439e-11
3.73103e-05
-2.984e-10
3.73103e-05
-4.96167e-10
3.73103e-05
-6.52267e-10
3.73103e-05
-7.47219e-10
3.73103e-05
-7.67435e-10
3.73103e-05
-7.07062e-10
3.73103e-05
-5.72412e-10
3.73103e-05
-3.81067e-10
3.73103e-05
-1.6095e-10
3.73103e-05
5.4357e-11
3.73103e-05
2.32622e-10
3.73103e-05
3.46259e-10
3.73103e-05
3.78495e-10
3.73103e-05
3.29675e-10
3.73103e-05
2.1854e-10
3.73103e-05
7.93242e-11
3.73103e-05
-3.96548e-11
3.73103e-05
-9.58258e-11
3.73103e-05
-4.67739e-11
3.73103e-05
1.11993e-10
3.73103e-05
4.08113e-10
3.73103e-05
7.54668e-10
3.73104e-05
1.24357e-09
1.41091e-09
2.62804e-05
-1.28044e-06
2.86294e-05
-2.34897e-06
3.12216e-05
-2.59205e-06
3.33469e-05
-2.12512e-06
3.49001e-05
-1.55268e-06
3.59274e-05
-1.02641e-06
3.65646e-05
-6.35958e-07
3.69363e-05
-3.70074e-07
3.71408e-05
-2.02606e-07
3.72457e-05
-1.02983e-07
3.72947e-05
-4.72787e-08
3.73145e-05
-1.82471e-08
3.73201e-05
-4.5255e-09
3.73198e-05
1.00087e-09
3.73176e-05
2.52708e-09
3.73152e-05
2.36914e-09
3.73134e-05
1.6976e-09
3.73122e-05
1.02849e-09
3.73114e-05
5.34872e-10
3.73109e-05
2.31809e-10
3.73107e-05
7.49108e-11
3.73106e-05
1.03175e-11
3.73105e-05
-7.24752e-12
3.73105e-05
-7.88557e-12
3.73105e-05
-7.92481e-12
3.73105e-05
-1.42403e-11
3.73105e-05
-2.61019e-11
3.73105e-05
-3.96835e-11
3.73105e-05
-4.83042e-11
3.73105e-05
-4.61381e-11
3.73105e-05
-2.94635e-11
3.73105e-05
4.22724e-12
3.73105e-05
5.35356e-11
3.73105e-05
1.14147e-10
3.73105e-05
1.79431e-10
3.73105e-05
2.41814e-10
3.73105e-05
2.93684e-10
3.73105e-05
3.28319e-10
3.73105e-05
3.41788e-10
3.73105e-05
3.32611e-10
3.73105e-05
3.01726e-10
3.73105e-05
2.52463e-10
3.73105e-05
1.89499e-10
3.73105e-05
1.1858e-10
3.73105e-05
4.56745e-11
3.73105e-05
-2.45338e-11
3.73105e-05
-8.81723e-11
3.73105e-05
-1.42867e-10
3.73105e-05
-1.88787e-10
3.73105e-05
-2.27081e-10
3.73105e-05
-2.59595e-10
3.73105e-05
-2.88251e-10
3.73105e-05
-3.15107e-10
3.73105e-05
-3.41015e-10
3.73105e-05
-3.65008e-10
3.73105e-05
-3.8503e-10
3.73105e-05
-3.97181e-10
3.73105e-05
-3.96804e-10
3.73105e-05
-3.79192e-10
3.73105e-05
-3.4047e-10
3.73105e-05
-2.78414e-10
3.73105e-05
-1.92543e-10
3.73105e-05
-8.44822e-11
3.73105e-05
4.09407e-11
3.73105e-05
1.7704e-10
3.73105e-05
3.14258e-10
3.73105e-05
4.42349e-10
3.73105e-05
5.5081e-10
3.73105e-05
6.29176e-10
3.73105e-05
6.67828e-10
3.73105e-05
6.59226e-10
3.73105e-05
5.99453e-10
3.73105e-05
4.87733e-10
3.73105e-05
3.29238e-10
3.73105e-05
1.34644e-10
3.73105e-05
-8.04919e-11
3.73105e-05
-2.96912e-10
3.73105e-05
-4.93566e-10
3.73105e-05
-6.4881e-10
3.73105e-05
-7.43126e-10
3.73105e-05
-7.63066e-10
3.73105e-05
-7.02789e-10
3.73105e-05
-5.68802e-10
3.73105e-05
-3.78516e-10
3.73105e-05
-1.59499e-10
3.73105e-05
5.46195e-11
3.73105e-05
2.3162e-10
3.73105e-05
3.44463e-10
3.73105e-05
3.76375e-10
3.73105e-05
3.27376e-10
3.73105e-05
2.16639e-10
3.73105e-05
7.81204e-11
3.73105e-05
-4.02514e-11
3.73105e-05
-9.61597e-11
3.73105e-05
-4.78503e-11
3.73105e-05
1.09073e-10
3.73105e-05
4.00447e-10
3.73105e-05
7.41414e-10
3.73105e-05
1.21774e-09
1.38544e-09
2.63172e-05
-2.59767e-06
2.86669e-05
-4.69864e-06
3.12269e-05
-5.15202e-06
3.33046e-05
-4.20283e-06
3.48121e-05
-3.06016e-06
3.58037e-05
-2.01809e-06
3.64164e-05
-1.24865e-06
3.67727e-05
-7.2634e-07
3.69681e-05
-3.9806e-07
3.70682e-05
-2.02993e-07
3.71148e-05
-9.38966e-08
3.71334e-05
-3.68922e-08
3.71386e-05
-9.75162e-09
3.71383e-05
1.39101e-09
3.71361e-05
4.68325e-09
3.71339e-05
4.61595e-09
3.71321e-05
3.46136e-09
3.71309e-05
2.23207e-09
3.71301e-05
1.28236e-09
3.71297e-05
6.62596e-10
3.71295e-05
3.06883e-10
3.71294e-05
1.2691e-10
3.71293e-05
4.70235e-11
3.71293e-05
1.48088e-11
3.71293e-05
4.37853e-14
3.71293e-05
-1.24024e-11
3.71293e-05
-2.62588e-11
3.71293e-05
-4.01505e-11
3.71293e-05
-4.86534e-11
3.71293e-05
-4.62396e-11
3.71293e-05
-2.9552e-11
3.71293e-05
3.89308e-12
3.71293e-05
5.26181e-11
3.71293e-05
1.12521e-10
3.71293e-05
1.76929e-10
3.71293e-05
2.38279e-10
3.71293e-05
2.89342e-10
3.71293e-05
3.23334e-10
3.71293e-05
3.36457e-10
3.71293e-05
3.27276e-10
3.71293e-05
2.96729e-10
3.71293e-05
2.48101e-10
3.71293e-05
1.86049e-10
3.71293e-05
1.16156e-10
3.71293e-05
4.4403e-11
3.71293e-05
-2.45526e-11
3.71293e-05
-8.71489e-11
3.71293e-05
-1.40906e-10
3.71293e-05
-1.8602e-10
3.71293e-05
-2.23553e-10
3.71293e-05
-2.55448e-10
3.71293e-05
-2.8355e-10
3.71293e-05
-3.09798e-10
3.71293e-05
-3.35137e-10
3.71293e-05
-3.58613e-10
3.71293e-05
-3.78197e-10
3.71293e-05
-3.89982e-10
3.71293e-05
-3.89476e-10
3.71293e-05
-3.72135e-10
3.71292e-05
-3.34027e-10
3.71292e-05
-2.72998e-10
3.71292e-05
-1.88676e-10
3.71292e-05
-8.25237e-11
3.71292e-05
4.06136e-11
3.71292e-05
1.74244e-10
3.71292e-05
3.09037e-10
3.71293e-05
4.34808e-10
3.71293e-05
5.41254e-10
3.71293e-05
6.18169e-10
3.71293e-05
6.56196e-10
3.71293e-05
6.47685e-10
3.71293e-05
5.88847e-10
3.71293e-05
4.79054e-10
3.71293e-05
3.23232e-10
3.71293e-05
1.31884e-10
3.71293e-05
-7.97265e-11
3.71293e-05
-2.92493e-10
3.71293e-05
-4.85762e-10
3.71293e-05
-6.38321e-10
3.71293e-05
-7.3083e-10
3.71293e-05
-7.50152e-10
3.71293e-05
-6.90483e-10
3.71293e-05
-5.58432e-10
3.71292e-05
-3.71221e-10
3.71292e-05
-1.55728e-10
3.71292e-05
5.49125e-11
3.71292e-05
2.28678e-10
3.71293e-05
3.392e-10
3.71293e-05
3.70297e-10
3.71293e-05
3.21493e-10
3.71293e-05
2.12072e-10
3.71293e-05
7.56177e-11
3.71293e-05
-4.0926e-11
3.71293e-05
-9.59361e-11
3.71293e-05
-4.88182e-11
3.71293e-05
1.04772e-10
3.71293e-05
3.88593e-10
3.71293e-05
7.20998e-10
3.71293e-05
1.18048e-09
1.34803e-09
2.63909e-05
-3.98857e-06
2.87395e-05
-7.04723e-06
3.1233e-05
-7.64552e-06
3.32149e-05
-6.18476e-06
3.46317e-05
-4.47692e-06
3.55533e-05
-2.93968e-06
3.61179e-05
-1.81327e-06
3.6444e-05
-1.05248e-06
3.66219e-05
-5.7596e-07
3.67124e-05
-2.93494e-07
3.67543e-05
-1.35774e-07
3.67709e-05
-5.34321e-08
3.67753e-05
-1.42149e-08
3.67748e-05
1.92996e-09
3.67727e-05
6.75405e-09
3.67706e-05
6.72171e-09
3.6769e-05
5.09946e-09
3.67678e-05
3.34481e-09
3.67672e-05
1.97174e-09
3.67668e-05
1.05938e-09
3.67665e-05
5.20473e-10
3.67664e-05
2.34197e-10
3.67664e-05
9.68967e-11
3.67664e-05
3.56502e-11
3.67664e-05
7.39418e-12
3.67664e-05
-1.06179e-11
3.67664e-05
-2.61987e-11
3.67664e-05
-4.01811e-11
3.67664e-05
-4.84702e-11
3.67664e-05
-4.5885e-11
3.67664e-05
-2.93537e-11
3.67664e-05
3.5183e-12
3.67664e-05
5.11416e-11
3.67664e-05
1.09653e-10
3.67664e-05
1.72461e-10
3.67664e-05
2.32069e-10
3.67664e-05
2.8172e-10
3.67664e-05
3.14676e-10
3.67664e-05
3.27277e-10
3.67664e-05
3.18144e-10
3.67664e-05
2.88246e-10
3.67664e-05
2.40753e-10
3.67664e-05
1.80308e-10
3.67664e-05
1.12255e-10
3.67664e-05
4.24456e-11
3.67664e-05
-2.44474e-11
3.67664e-05
-8.52404e-11
3.67664e-05
-1.37425e-10
3.67664e-05
-1.81179e-10
3.67664e-05
-2.17504e-10
3.67664e-05
-2.4836e-10
3.67664e-05
-2.75554e-10
3.67664e-05
-3.00909e-10
3.67664e-05
-3.25379e-10
3.67664e-05
-3.48044e-10
3.67664e-05
-3.66983e-10
3.67664e-05
-3.78303e-10
3.67663e-05
-3.77662e-10
3.67663e-05
-3.60784e-10
3.67663e-05
-3.2374e-10
3.67663e-05
-2.64411e-10
3.67663e-05
-1.82566e-10
3.67663e-05
-7.9509e-11
3.67663e-05
3.99829e-11
3.67663e-05
1.69649e-10
3.67663e-05
3.00486e-10
3.67663e-05
4.22532e-10
3.67663e-05
5.25754e-10
3.67664e-05
6.00296e-10
3.67664e-05
6.3721e-10
3.67664e-05
6.28857e-10
3.67664e-05
5.71545e-10
3.67664e-05
4.64801e-10
3.67664e-05
3.13332e-10
3.67664e-05
1.27346e-10
3.67664e-05
-7.84053e-11
3.67664e-05
-2.85185e-10
3.67664e-05
-4.7288e-10
3.67664e-05
-6.20988e-10
3.67664e-05
-7.1056e-10
3.67664e-05
-7.28937e-10
3.67663e-05
-6.70434e-10
3.67663e-05
-5.41577e-10
3.67663e-05
-3.59353e-10
3.67663e-05
-1.49761e-10
3.67663e-05
5.511e-11
3.67663e-05
2.23813e-10
3.67663e-05
3.3059e-10
3.67663e-05
3.6032e-10
3.67663e-05
3.12149e-10
3.67664e-05
2.05003e-10
3.67664e-05
7.19171e-11
3.67664e-05
-4.16258e-11
3.67664e-05
-9.51055e-11
3.67664e-05
-4.95911e-11
3.67664e-05
9.92087e-11
3.67664e-05
3.72821e-10
3.67664e-05
6.93877e-10
3.67665e-05
1.13264e-09
1.29952e-09
2.65014e-05
-5.48992e-06
2.88422e-05
-9.38806e-06
3.12308e-05
-1.00341e-05
3.30681e-05
-8.0221e-06
3.43506e-05
-5.7594e-06
3.51698e-05
-3.75886e-06
3.56648e-05
-2.3083e-06
3.59476e-05
-1.33528e-06
3.61004e-05
-7.2874e-07
3.61774e-05
-3.70448e-07
3.62125e-05
-1.7093e-07
3.62261e-05
-6.70046e-08
3.62295e-05
-1.76152e-08
3.62288e-05
2.66519e-09
3.62268e-05
8.69338e-09
3.62249e-05
8.62045e-09
3.62235e-05
6.55479e-09
3.62225e-05
4.32563e-09
3.62219e-05
2.57659e-09
3.62215e-05
1.4065e-09
3.62213e-05
7.07016e-10
3.62213e-05
3.27727e-10
3.62212e-05
1.40227e-10
3.62212e-05
5.36582e-11
3.62212e-05
1.37214e-11
3.62212e-05
-9.00278e-12
3.62212e-05
-2.59468e-11
3.62212e-05
-3.98009e-11
3.62212e-05
-4.77439e-11
3.62212e-05
-4.504e-11
3.62212e-05
-2.88458e-11
3.62212e-05
3.11594e-12
3.62212e-05
4.91322e-11
3.62212e-05
1.05584e-10
3.62212e-05
1.66097e-10
3.62212e-05
2.23302e-10
3.62212e-05
2.70959e-10
3.62212e-05
3.02515e-10
3.62212e-05
3.14438e-10
3.62213e-05
3.05411e-10
3.62213e-05
2.76472e-10
3.62213e-05
2.30604e-10
3.62213e-05
1.72425e-10
3.62213e-05
1.07001e-10
3.62213e-05
3.98925e-11
3.62213e-05
-2.41959e-11
3.62213e-05
-8.24614e-11
3.62213e-05
-1.32475e-10
3.62213e-05
-1.74349e-10
3.62213e-05
-2.09045e-10
3.62213e-05
-2.38488e-10
3.62212e-05
-2.64437e-10
3.62212e-05
-2.8862e-10
3.62212e-05
-3.11961e-10
3.62212e-05
-3.33545e-10
3.62212e-05
-3.51633e-10
3.62212e-05
-3.62408e-10
3.62212e-05
-3.61648e-10
3.62211e-05
-3.45399e-10
3.62211e-05
-3.09851e-10
3.62211e-05
-2.52879e-10
3.62211e-05
-1.74383e-10
3.62211e-05
-7.55377e-11
3.62211e-05
3.90212e-11
3.62211e-05
1.63316e-10
3.62211e-05
2.88753e-10
3.62211e-05
4.05748e-10
3.62212e-05
5.0462e-10
3.62212e-05
5.7593e-10
3.62212e-05
6.11274e-10
3.62212e-05
6.03143e-10
3.62213e-05
5.47941e-10
3.62213e-05
4.45326e-10
3.62213e-05
2.99802e-10
3.62213e-05
1.21182e-10
3.62213e-05
-7.64789e-11
3.62213e-05
-2.75063e-10
3.62213e-05
-4.55123e-10
3.62212e-05
-5.97123e-10
3.62212e-05
-6.82714e-10
3.62212e-05
-6.9984e-10
3.62212e-05
-6.4308e-10
3.62211e-05
-5.18681e-10
3.62211e-05
-3.43233e-10
3.62211e-05
-1.41775e-10
3.62211e-05
5.50715e-11
3.62211e-05
2.16998e-10
3.62211e-05
3.18812e-10
3.62212e-05
3.46613e-10
3.62212e-05
2.99504e-10
3.62212e-05
1.95643e-10
3.62212e-05
6.71917e-11
3.62212e-05
-4.22586e-11
3.62212e-05
-9.3635e-11
3.62212e-05
-5.00788e-11
3.62212e-05
9.25445e-11
3.62212e-05
3.53452e-10
3.62212e-05
6.60575e-10
3.62213e-05
1.0752e-09
1.24091e-09
2.66481e-05
-7.138e-06
2.89669e-05
-1.17069e-05
3.12063e-05
-1.22735e-05
3.28495e-05
-9.66531e-06
3.39566e-05
-6.86648e-06
3.46444e-05
-4.44666e-06
3.50513e-05
-2.71514e-06
3.52797e-05
-1.56369e-06
3.54012e-05
-8.50223e-07
3.54613e-05
-4.30639e-07
3.54882e-05
-1.97829e-07
3.54982e-05
-7.69684e-08
3.55003e-05
-1.97495e-08
3.54994e-05
3.60984e-09
3.54976e-05
1.04491e-08
3.5496e-05
1.02505e-08
3.54948e-05
7.7768e-09
3.5494e-05
5.13918e-09
3.54935e-05
3.0746e-09
3.54932e-05
1.69094e-09
3.5493e-05
8.59399e-10
3.5493e-05
4.03893e-10
3.54929e-05
1.75325e-10
3.54929e-05
6.80924e-11
3.54929e-05
1.87115e-11
3.54929e-05
-7.65584e-12
3.54929e-05
-2.55061e-11
3.54929e-05
-3.90223e-11
3.54929e-05
-4.6484e-11
3.54929e-05
-4.36853e-11
3.54929e-05
-2.80079e-11
3.54929e-05
2.69841e-12
3.54929e-05
4.66204e-11
3.54929e-05
1.00379e-10
3.54929e-05
1.57944e-10
3.54929e-05
2.12148e-10
3.54929e-05
2.5727e-10
3.5493e-05
2.87095e-10
3.5493e-05
2.98213e-10
3.5493e-05
2.89358e-10
3.5493e-05
2.61679e-10
3.5493e-05
2.17913e-10
3.5493e-05
1.62607e-10
3.5493e-05
1.00549e-10
3.5493e-05
3.68559e-11
3.5493e-05
-2.37659e-11
3.5493e-05
-7.88436e-11
3.5493e-05
-1.26131e-10
3.5493e-05
-1.65656e-10
3.5493e-05
-1.98341e-10
3.5493e-05
-2.26044e-10
3.5493e-05
-2.50449e-10
3.5493e-05
-2.73192e-10
3.5493e-05
-2.95181e-10
3.54929e-05
-3.15454e-10
3.54929e-05
-3.32493e-10
3.54929e-05
-3.42651e-10
3.54929e-05
-3.41814e-10
3.54929e-05
-3.26347e-10
3.54928e-05
-2.92679e-10
3.54928e-05
-2.38692e-10
3.54928e-05
-1.64355e-10
3.54928e-05
-7.07422e-11
3.54928e-05
3.77047e-11
3.54928e-05
1.55333e-10
3.54928e-05
2.74045e-10
3.54929e-05
3.84767e-10
3.54929e-05
4.78277e-10
3.54929e-05
5.45582e-10
3.54929e-05
5.78932e-10
3.5493e-05
5.71102e-10
3.5493e-05
5.1857e-10
3.5493e-05
4.21104e-10
3.54931e-05
2.83002e-10
3.54931e-05
1.136e-10
3.54931e-05
-7.38948e-11
3.5493e-05
-2.6224e-10
3.5493e-05
-4.32776e-10
3.5493e-05
-5.67155e-10
3.5493e-05
-6.47851e-10
3.54929e-05
-6.63458e-10
3.54929e-05
-6.09003e-10
3.54929e-05
-4.90323e-10
3.54928e-05
-3.23329e-10
3.54928e-05
-1.32014e-10
3.54928e-05
5.46857e-11
3.54928e-05
2.08183e-10
3.54929e-05
3.04056e-10
3.54929e-05
3.29465e-10
3.54929e-05
2.83793e-10
3.54929e-05
1.84223e-10
3.54929e-05
6.1648e-11
3.54929e-05
-4.26778e-11
3.54929e-05
-9.14894e-11
3.54929e-05
-5.02167e-11
3.54929e-05
8.49701e-11
3.54929e-05
3.30882e-10
3.5493e-05
6.21683e-10
3.5493e-05
1.00927e-09
1.17332e-09
2.68295e-05
-8.96751e-06
2.91018e-05
-1.39792e-05
3.11405e-05
-1.43122e-05
3.25398e-05
-1.10646e-05
3.34339e-05
-7.76062e-06
3.39659e-05
-4.9786e-06
3.42698e-05
-3.01903e-06
3.44354e-05
-1.72936e-06
3.45212e-05
-9.35966e-07
3.45624e-05
-4.71859e-07
3.458e-05
-2.15475e-07
3.4586e-05
-8.29478e-08
3.45868e-05
-2.0529e-08
3.45857e-05
4.73798e-09
3.45842e-05
1.19632e-08
3.45829e-05
1.15566e-08
3.45819e-05
8.72351e-09
3.45813e-05
5.75735e-09
3.45809e-05
3.44847e-09
3.45807e-05
1.90282e-09
3.45806e-05
9.7234e-10
3.45805e-05
4.60072e-10
3.45805e-05
2.00994e-10
3.45805e-05
7.84672e-11
3.45805e-05
2.21764e-11
3.45805e-05
-6.64091e-12
3.45805e-05
-2.48649e-11
3.45805e-05
-3.78328e-11
3.45805e-05
-4.47036e-11
3.45805e-05
-4.1823e-11
3.45805e-05
-2.68308e-11
3.45805e-05
2.2774e-12
3.45805e-05
4.36459e-11
3.45805e-05
9.41288e-11
3.45805e-05
1.48147e-10
3.45805e-05
1.98835e-10
3.45805e-05
2.40941e-10
3.45806e-05
2.68733e-10
3.45806e-05
2.78952e-10
3.45806e-05
2.70343e-10
3.45806e-05
2.44209e-10
3.45806e-05
2.03e-10
3.45806e-05
1.5111e-10
3.45807e-05
9.30809e-11
3.45807e-05
3.34597e-11
3.45807e-05
-2.31183e-11
3.45807e-05
-7.44364e-11
3.45806e-05
-1.185e-10
3.45806e-05
-1.55269e-10
3.45806e-05
-1.85611e-10
3.45806e-05
-2.11295e-10
3.45806e-05
-2.33904e-10
3.45806e-05
-2.5497e-10
3.45806e-05
-2.75411e-10
3.45805e-05
-2.94195e-10
3.45805e-05
-3.10005e-10
3.45805e-05
-3.19469e-10
3.45805e-05
-3.18619e-10
3.45804e-05
-3.04089e-10
3.45804e-05
-2.72624e-10
3.45804e-05
-2.22186e-10
3.45804e-05
-1.5275e-10
3.45804e-05
-6.52837e-11
3.45804e-05
3.60108e-11
3.45804e-05
1.45828e-10
3.45804e-05
2.56632e-10
3.45804e-05
3.59986e-10
3.45805e-05
4.47254e-10
3.45805e-05
5.099e-10
3.45805e-05
5.40875e-10
3.45806e-05
5.33422e-10
3.45806e-05
4.84101e-10
3.45806e-05
3.9272e-10
3.45807e-05
2.63369e-10
3.45807e-05
1.04848e-10
3.45807e-05
-7.06011e-11
3.45807e-05
-2.46877e-10
3.45806e-05
-4.06219e-10
3.45806e-05
-5.31629e-10
3.45805e-05
-6.0667e-10
3.45805e-05
-6.20573e-10
3.45805e-05
-5.68928e-10
3.45804e-05
-4.57173e-10
3.45804e-05
-3.00224e-10
3.45804e-05
-1.20818e-10
3.45804e-05
5.38754e-11
3.45804e-05
1.97375e-10
3.45804e-05
2.86499e-10
3.45804e-05
3.09237e-10
3.45805e-05
2.65364e-10
3.45805e-05
1.71013e-10
3.45805e-05
5.54838e-11
3.45805e-05
-4.27123e-11
3.45805e-05
-8.86001e-11
3.45805e-05
-4.9962e-11
3.45805e-05
7.66696e-11
3.45805e-05
3.05584e-10
3.45806e-05
5.77888e-10
3.45806e-05
9.36055e-10
1.098e-09
2.70421e-05
-1.10096e-05
2.92301e-05
-1.61672e-05
3.10085e-05
-1.60906e-05
3.21151e-05
-1.21712e-05
3.27638e-05
-8.40934e-06
3.31211e-05
-5.33587e-06
3.33119e-05
-3.2098e-06
3.34096e-05
-1.82714e-06
3.34572e-05
-9.83497e-07
3.34783e-05
-4.9303e-07
3.34863e-05
-2.23473e-07
3.34882e-05
-8.48538e-08
3.34877e-05
-1.99855e-08
3.34864e-05
5.98508e-09
3.34852e-05
1.31747e-08
3.34843e-05
1.24921e-08
3.34837e-05
9.36347e-09
3.34833e-05
6.16061e-09
3.3483e-05
3.68685e-09
3.34829e-05
2.03592e-09
3.34828e-05
1.04263e-09
3.34828e-05
4.94731e-10
3.34828e-05
2.1656e-10
3.34828e-05
8.45364e-11
3.34828e-05
2.40539e-11
3.34828e-05
-5.97432e-12
3.34828e-05
-2.40071e-11
3.34827e-05
-3.6207e-11
3.34827e-05
-4.24092e-11
3.34827e-05
-3.94729e-11
3.34827e-05
-2.5322e-11
3.34827e-05
1.8612e-12
3.34827e-05
4.026e-11
3.34828e-05
8.69528e-11
3.34828e-05
1.36888e-10
3.34828e-05
1.83635e-10
3.34828e-05
2.22323e-10
3.34828e-05
2.47816e-10
3.34828e-05
2.57074e-10
3.34829e-05
2.48798e-10
3.34829e-05
2.2447e-10
3.34829e-05
1.86241e-10
3.34829e-05
1.38241e-10
3.34829e-05
8.47995e-11
3.34829e-05
2.98298e-11
3.34829e-05
-2.22135e-11
3.34829e-05
-6.93047e-11
3.34829e-05
-1.09724e-10
3.34829e-05
-1.43392e-10
3.34829e-05
-1.71122e-10
3.34829e-05
-1.94566e-10
3.34829e-05
-2.15176e-10
3.34828e-05
-2.34368e-10
3.34828e-05
-2.53093e-10
3.34828e-05
-2.70257e-10
3.34828e-05
-2.84702e-10
3.34827e-05
-2.93386e-10
3.34827e-05
-2.92583e-10
3.34827e-05
-2.79156e-10
3.34827e-05
-2.50167e-10
3.34826e-05
-2.03746e-10
3.34826e-05
-1.39856e-10
3.34826e-05
-5.93359e-11
3.34826e-05
3.39158e-11
3.34826e-05
1.34963e-10
3.34827e-05
2.36857e-10
3.34827e-05
3.31892e-10
3.34827e-05
4.12171e-10
3.34828e-05
4.69649e-10
3.34828e-05
4.97936e-10
3.34828e-05
4.9092e-10
3.34829e-05
4.45307e-10
3.34829e-05
3.60859e-10
3.34829e-05
2.41412e-10
3.34829e-05
9.51985e-11
3.34829e-05
-6.65614e-11
3.34829e-05
-2.2918e-10
3.34829e-05
-3.75935e-10
3.34829e-05
-4.91219e-10
3.34828e-05
-5.59993e-10
3.34828e-05
-5.72121e-10
3.34827e-05
-5.2374e-10
3.34827e-05
-4.19984e-10
3.34827e-05
-2.74553e-10
3.34826e-05
-1.08612e-10
3.34826e-05
5.25597e-11
3.34827e-05
1.84678e-10
3.34827e-05
2.66348e-10
3.34827e-05
2.86316e-10
3.34827e-05
2.4465e-10
3.34827e-05
1.56357e-10
3.34827e-05
4.88875e-11
3.34827e-05
-4.22279e-11
3.34827e-05
-8.48666e-11
3.34827e-05
-4.9256e-11
3.34827e-05
6.78085e-11
3.34828e-05
2.78076e-10
3.34828e-05
5.29994e-10
3.34829e-05
8.56862e-10
1.01622e-09
2.72791e-05
-1.32887e-05
2.93289e-05
-1.82171e-05
3.07798e-05
-1.75415e-05
3.15474e-05
-1.29388e-05
3.19251e-05
-8.78702e-06
3.20958e-05
-5.50652e-06
3.21685e-05
-3.28253e-06
3.21967e-05
-1.85533e-06
3.22056e-05
-9.9245e-07
3.22068e-05
-4.94252e-07
3.22054e-05
-2.22033e-07
3.22034e-05
-8.28821e-08
3.22017e-05
-1.8265e-08
3.22004e-05
7.25379e-09
3.21996e-05
1.40236e-08
3.21991e-05
1.30224e-08
3.21987e-05
9.6779e-09
3.21986e-05
6.33931e-09
3.21985e-05
3.78505e-09
3.21984e-05
2.0881e-09
3.21984e-05
1.06936e-09
3.21984e-05
5.0753e-10
3.21984e-05
2.21916e-10
3.21984e-05
8.62872e-11
3.21984e-05
2.43838e-11
3.21984e-05
-5.62788e-12
3.21984e-05
-2.292e-11
3.21984e-05
-3.41296e-11
3.21984e-05
-3.96085e-11
3.21984e-05
-3.66684e-11
3.21984e-05
-2.35064e-11
3.21984e-05
1.45196e-12
3.21984e-05
3.65234e-11
3.21984e-05
7.90016e-11
3.21984e-05
1.24396e-10
3.21984e-05
1.66862e-10
3.21984e-05
2.01831e-10
3.21984e-05
2.248e-10
3.21985e-05
2.33064e-10
3.21985e-05
2.25224e-10
3.21985e-05
2.02926e-10
3.21985e-05
1.68052e-10
3.21985e-05
1.24337e-10
3.21986e-05
7.59255e-11
3.21986e-05
2.60872e-11
3.21986e-05
-2.10211e-11
3.21986e-05
-6.35269e-11
3.21985e-05
-9.99833e-11
3.21985e-05
-1.30276e-10
3.21985e-05
-1.55184e-10
3.21985e-05
-1.76231e-10
3.21985e-05
-1.94699e-10
3.21985e-05
-2.11869e-10
3.21984e-05
-2.28735e-10
3.21984e-05
-2.44187e-10
3.21984e-05
-2.57183e-10
3.21983e-05
-2.6501e-10
3.21983e-05
-2.64287e-10
3.21983e-05
-2.52126e-10
3.21983e-05
-2.25851e-10
3.21982e-05
-1.83812e-10
3.21982e-05
-1.2598e-10
3.21982e-05
-5.30661e-11
3.21982e-05
3.14054e-11
3.21982e-05
1.22923e-10
3.21983e-05
2.15128e-10
3.21983e-05
3.01072e-10
3.21983e-05
3.73742e-10
3.21984e-05
4.25686e-10
3.21984e-05
4.51078e-10
3.21985e-05
4.44533e-10
3.21985e-05
4.03049e-10
3.21985e-05
3.2628e-10
3.21986e-05
2.17704e-10
3.21986e-05
8.49416e-11
3.21986e-05
-6.17782e-11
3.21986e-05
-2.09407e-10
3.21985e-05
-3.42493e-10
3.21985e-05
-4.46743e-10
3.21984e-05
-5.08756e-10
3.21984e-05
-5.1915e-10
3.21983e-05
-4.74469e-10
3.21983e-05
-3.79602e-10
3.21983e-05
-2.46968e-10
3.21982e-05
-9.5848e-11
3.21982e-05
5.06213e-11
3.21983e-05
1.7029e-10
3.21983e-05
2.43901e-10
3.21983e-05
2.61101e-10
3.21983e-05
2.22116e-10
3.21983e-05
1.40671e-10
3.21984e-05
4.20797e-11
3.21984e-05
-4.11615e-11
3.21983e-05
-8.02115e-11
3.21983e-05
-4.79965e-11
3.21984e-05
5.85689e-11
3.21984e-05
2.48882e-10
3.21984e-05
4.78902e-10
3.21985e-05
7.73104e-10
9.29337e-10
2.75288e-05
-1.58175e-05
2.93678e-05
-2.00561e-05
3.04172e-05
-1.85909e-05
3.08053e-05
-1.33269e-05
3.08952e-05
-8.87686e-06
3.08752e-05
-5.48649e-06
3.08306e-05
-3.23794e-06
3.07911e-05
-1.81586e-06
3.07632e-05
-9.64566e-07
3.07457e-05
-4.76769e-07
3.07356e-05
-2.11941e-07
3.07302e-05
-7.74877e-08
3.07276e-05
-1.56109e-08
3.07264e-05
8.42423e-09
3.0726e-05
1.4457e-08
3.07259e-05
1.31282e-08
3.07259e-05
9.66223e-09
3.07259e-05
6.29445e-09
3.0726e-05
3.74543e-09
3.0726e-05
2.0615e-09
3.0726e-05
1.05399e-09
3.0726e-05
4.99377e-10
3.0726e-05
2.17572e-10
3.0726e-05
8.39626e-11
3.0726e-05
2.32971e-11
3.0726e-05
-5.53776e-12
3.0726e-05
-2.15951e-11
3.0726e-05
-3.16134e-11
3.0726e-05
-3.63288e-11
3.0726e-05
-3.34594e-11
3.0726e-05
-2.14247e-11
3.0726e-05
1.04767e-12
3.0726e-05
3.25012e-11
3.0726e-05
7.04522e-11
3.0726e-05
1.10944e-10
3.07261e-05
1.48867e-10
3.07261e-05
1.79928e-10
3.07261e-05
2.00205e-10
3.07261e-05
2.07464e-10
3.07262e-05
2.00177e-10
3.07262e-05
1.80089e-10
3.07262e-05
1.48879e-10
3.07262e-05
1.09765e-10
3.07262e-05
6.66939e-11
3.07262e-05
2.23448e-11
3.07262e-05
-1.95302e-11
3.07262e-05
-5.7197e-11
3.07262e-05
-8.94833e-11
3.07262e-05
-1.16217e-10
3.07262e-05
-1.38151e-10
3.07262e-05
-1.56708e-10
3.07261e-05
-1.7295e-10
3.07261e-05
-1.88007e-10
3.07261e-05
-2.02909e-10
3.07261e-05
-2.16578e-10
3.0726e-05
-2.28088e-10
3.0726e-05
-2.35022e-10
3.0726e-05
-2.3438e-10
3.07259e-05
-2.23609e-10
3.07259e-05
-2.00257e-10
3.07259e-05
-1.62871e-10
3.07259e-05
-1.11455e-10
3.07259e-05
-4.66274e-11
3.07259e-05
2.84964e-11
3.07259e-05
1.09918e-10
3.07259e-05
1.91898e-10
3.0726e-05
2.68209e-10
3.0726e-05
3.32788e-10
3.0726e-05
3.78943e-10
3.07261e-05
4.01355e-10
3.07261e-05
3.95323e-10
3.07262e-05
3.58269e-10
3.07262e-05
2.89778e-10
3.07262e-05
1.92851e-10
3.07263e-05
7.43834e-11
3.07263e-05
-5.6307e-11
3.07262e-05
-1.87894e-10
3.07262e-05
-3.06539e-10
3.07261e-05
-3.99149e-10
3.07261e-05
-4.54031e-10
3.0726e-05
-4.62794e-10
3.0726e-05
-4.22251e-10
3.07259e-05
-3.36979e-10
3.07259e-05
-2.18129e-10
3.07259e-05
-8.29377e-11
3.07259e-05
4.79257e-11
3.07259e-05
1.54444e-10
3.07259e-05
2.19573e-10
3.0726e-05
2.34055e-10
3.0726e-05
1.98219e-10
3.0726e-05
1.24375e-10
3.0726e-05
3.5337e-11
3.0726e-05
-3.94898e-11
3.0726e-05
-7.46393e-11
3.0726e-05
-4.60687e-11
3.0726e-05
4.92003e-11
3.0726e-05
2.18537e-10
3.07261e-05
4.25555e-10
3.07262e-05
6.863e-10
8.38699e-10
2.77718e-05
-1.85893e-05
2.93066e-05
-2.15909e-05
2.98775e-05
-1.91617e-05
2.98545e-05
-1.33039e-05
2.96508e-05
-8.67316e-06
2.94448e-05
-5.28055e-06
2.92895e-05
-3.08264e-06
2.91879e-05
-1.71419e-06
2.91269e-05
-9.03576e-07
2.9093e-05
-4.42867e-07
2.90755e-05
-1.94484e-07
2.90674e-05
-6.9339e-08
2.90641e-05
-1.23386e-08
2.90631e-05
9.36729e-09
2.90632e-05
1.44354e-08
2.90635e-05
1.28074e-08
2.90638e-05
9.32668e-09
2.90641e-05
6.03758e-09
2.90642e-05
3.57712e-09
2.90643e-05
1.96229e-09
2.90644e-05
1.00029e-09
2.90644e-05
4.72358e-10
2.90644e-05
2.04628e-10
2.90644e-05
7.8083e-11
2.90644e-05
2.10239e-11
2.90644e-05
-5.60778e-12
2.90644e-05
-2.0023e-11
2.90644e-05
-2.86998e-11
2.90644e-05
-3.26289e-11
2.90644e-05
-2.99168e-11
2.90644e-05
-1.91311e-11
2.90644e-05
6.50647e-13
2.90644e-05
2.82663e-11
2.90644e-05
6.15015e-11
2.90645e-05
9.68518e-11
2.90645e-05
1.30045e-10
2.90645e-05
1.57118e-10
2.90645e-05
1.7461e-10
2.90645e-05
1.80866e-10
2.90646e-05
1.74258e-10
2.90646e-05
1.56512e-10
2.90646e-05
1.29183e-10
2.90646e-05
9.48973e-11
2.90646e-05
5.73468e-11
2.90646e-05
1.87056e-11
2.90646e-05
-1.77555e-11
2.90646e-05
-5.0433e-11
2.90646e-05
-7.84501e-11
2.90646e-05
-1.01549e-10
2.90646e-05
-1.20421e-10
2.90646e-05
-1.36445e-10
2.90646e-05
-1.50439e-10
2.90645e-05
-1.63355e-10
2.90645e-05
-1.76238e-10
2.90645e-05
-1.88079e-10
2.90644e-05
-1.9809e-10
2.90644e-05
-2.0414e-10
2.90644e-05
-2.03577e-10
2.90643e-05
-1.94251e-10
2.90643e-05
-1.73973e-10
2.90643e-05
-1.4143e-10
2.90643e-05
-9.66406e-11
2.90643e-05
-4.01675e-11
2.90643e-05
2.52511e-11
2.90643e-05
9.62074e-11
2.90643e-05
1.67653e-10
2.90644e-05
2.3405e-10
2.90644e-05
2.90242e-10
2.90644e-05
3.30436e-10
2.90645e-05
3.49878e-10
2.90646e-05
3.44437e-10
2.90646e-05
3.11991e-10
2.90646e-05
2.5217e-10
2.90647e-05
1.67459e-10
2.90647e-05
6.38413e-11
2.90647e-05
-5.02485e-11
2.90646e-05
-1.65082e-10
2.90646e-05
-2.68786e-10
2.90646e-05
-3.4948e-10
2.90645e-05
-3.97025e-10
2.90644e-05
-4.04265e-10
2.90644e-05
-3.6827e-10
2.90643e-05
-2.93137e-10
2.90643e-05
-1.88732e-10
2.90643e-05
-7.02237e-11
2.90643e-05
4.4391e-11
2.90643e-05
1.37384e-10
2.90643e-05
1.93855e-10
2.90644e-05
2.05738e-10
2.90644e-05
1.7344e-10
2.90644e-05
1.07831e-10
2.90644e-05
2.89446e-11
2.90644e-05
-3.71706e-11
2.90644e-05
-6.82331e-11
2.90644e-05
-4.34156e-11
2.90644e-05
4.00198e-11
2.90644e-05
1.87646e-10
2.90645e-05
3.70916e-10
2.90646e-05
5.98023e-10
7.4569e-10
2.79781e-05
-2.15674e-05
2.90938e-05
-2.27066e-05
2.91106e-05
-1.91785e-05
2.86586e-05
-1.2852e-05
2.8169e-05
-8.18353e-06
2.77913e-05
-4.90288e-06
2.75378e-05
-2.82905e-06
2.73826e-05
-1.55907e-06
2.7294e-05
-8.14953e-07
2.72468e-05
-3.95698e-07
2.72237e-05
-1.71341e-07
2.72136e-05
-5.92562e-08
2.72101e-05
-8.803e-09
2.72095e-05
9.95971e-09
2.721e-05
1.39384e-08
2.72107e-05
1.20771e-08
2.72113e-05
8.69614e-09
2.72118e-05
5.5901e-09
2.72121e-05
3.29528e-09
2.72122e-05
1.8001e-09
2.72123e-05
9.1387e-10
2.72124e-05
4.29507e-10
2.72124e-05
1.84657e-10
2.72124e-05
6.9408e-11
2.72124e-05
1.78911e-11
2.72124e-05
-5.71482e-12
2.72124e-05
-1.81915e-11
2.72124e-05
-2.54479e-11
2.72124e-05
-2.85966e-11
2.72124e-05
-2.61294e-11
2.72124e-05
-1.66893e-11
2.72124e-05
2.76951e-13
2.72124e-05
2.39115e-11
2.72124e-05
5.23605e-11
2.72124e-05
8.2479e-11
2.72124e-05
1.10838e-10
2.72125e-05
1.3393e-10
2.72125e-05
1.48637e-10
2.72125e-05
1.539e-10
2.72125e-05
1.48085e-10
2.72126e-05
1.32765e-10
2.72126e-05
1.0943e-10
2.72126e-05
8.01015e-11
2.72126e-05
4.81244e-11
2.72126e-05
1.52633e-11
2.72126e-05
-1.57355e-11
2.72126e-05
-4.3385e-11
2.72126e-05
-6.71265e-11
2.72126e-05
-8.66241e-11
2.72126e-05
-1.02429e-10
2.72125e-05
-1.15922e-10
2.72125e-05
-1.27703e-10
2.72125e-05
-1.38509e-10
2.72125e-05
-1.49377e-10
2.72124e-05
-1.59382e-10
2.72124e-05
-1.67887e-10
2.72124e-05
-1.73089e-10
2.72123e-05
-1.72629e-10
2.72123e-05
-1.6474e-10
2.72123e-05
-1.47586e-10
2.72123e-05
-1.19979e-10
2.72122e-05
-8.18981e-11
2.72122e-05
-3.38381e-11
2.72122e-05
2.17692e-11
2.72123e-05
8.2112e-11
2.72123e-05
1.42925e-10
2.72123e-05
1.99372e-10
2.72124e-05
2.47112e-10
2.72124e-05
2.81275e-10
2.72125e-05
2.97797e-10
2.72125e-05
2.9306e-10
2.72126e-05
2.6531e-10
2.72126e-05
2.14301e-10
2.72126e-05
1.42103e-10
2.72126e-05
5.36158e-11
2.72126e-05
-4.37268e-11
2.72126e-05
-1.41521e-10
2.72126e-05
-2.30037e-10
2.72125e-05
-2.98835e-10
2.72125e-05
-3.39059e-10
2.72124e-05
-3.44873e-10
2.72123e-05
-3.13735e-10
2.72123e-05
-2.49109e-10
2.72123e-05
-1.59496e-10
2.72123e-05
-5.80067e-11
2.72123e-05
4.00413e-11
2.72123e-05
1.19401e-10
2.72123e-05
1.67267e-10
2.72123e-05
1.76777e-10
2.72124e-05
1.4833e-10
2.72124e-05
9.13471e-11
2.72124e-05
2.3105e-11
2.72124e-05
-3.41393e-11
2.72124e-05
-6.10911e-11
2.72124e-05
-4.00706e-11
2.72124e-05
3.13407e-11
2.72124e-05
1.56919e-10
2.72125e-05
3.15991e-10
2.72125e-05
5.09836e-10
6.5169e-10
2.8102e-05
-2.46694e-05
2.8664e-05
-2.32686e-05
2.80608e-05
-1.85752e-05
2.71813e-05
-1.19725e-05
2.64287e-05
-7.43102e-06
2.59032e-05
-4.37733e-06
2.55691e-05
-2.49498e-06
2.53721e-05
-1.36206e-06
2.52627e-05
-7.0557e-07
2.52061e-05
-3.39053e-07
2.51792e-05
-1.44451e-07
2.51681e-05
-4.81392e-08
2.51647e-05
-5.36251e-09
2.51645e-05
1.01002e-08
2.51655e-05
1.29707e-08
2.51666e-05
1.0975e-08
2.51675e-05
7.80978e-09
2.51681e-05
4.98235e-09
2.51685e-05
2.92027e-09
2.51687e-05
1.58732e-09
2.51688e-05
8.01768e-10
2.51688e-05
3.74533e-10
2.51689e-05
1.59515e-10
2.51689e-05
5.88344e-11
2.51689e-05
1.42836e-11
2.51689e-05
-5.72899e-12
2.51689e-05
-1.60971e-11
2.51689e-05
-2.19302e-11
2.51689e-05
-2.43369e-11
2.51689e-05
-2.21953e-11
2.51689e-05
-1.41681e-11
2.51689e-05
-4.44299e-14
2.51689e-05
1.9559e-11
2.51689e-05
4.32533e-11
2.51689e-05
6.82063e-11
2.51689e-05
9.17285e-11
2.51689e-05
1.10917e-10
2.51689e-05
1.22924e-10
2.5169e-05
1.2722e-10
2.5169e-05
1.22283e-10
2.5169e-05
1.09426e-10
2.5169e-05
9.00836e-11
2.51691e-05
6.57245e-11
2.51691e-05
3.92527e-11
2.51691e-05
1.20991e-11
2.51691e-05
-1.35265e-11
2.51691e-05
-3.62341e-11
2.51691e-05
-5.57784e-11
2.5169e-05
-7.17973e-11
2.5169e-05
-8.46298e-11
2.5169e-05
-9.56493e-11
2.5169e-05
-1.05293e-10
2.5169e-05
-1.14075e-10
2.51689e-05
-1.22987e-10
2.51689e-05
-1.31203e-10
2.51689e-05
-1.38208e-10
2.51688e-05
-1.42588e-10
2.51688e-05
-1.42274e-10
2.51688e-05
-1.35791e-10
2.51688e-05
-1.21692e-10
2.51687e-05
-9.89827e-11
2.51687e-05
-6.75602e-11
2.51687e-05
-2.77886e-11
2.51687e-05
1.81638e-11
2.51687e-05
6.80103e-11
2.51688e-05
1.18303e-10
2.51688e-05
1.64977e-10
2.51688e-05
2.0444e-10
2.51689e-05
2.3265e-10
2.51689e-05
2.46313e-10
2.5169e-05
2.42377e-10
2.5169e-05
2.19345e-10
2.51691e-05
1.77052e-10
2.51691e-05
1.17316e-10
2.51691e-05
4.39496e-11
2.51691e-05
-3.68781e-11
2.51691e-05
-1.17838e-10
2.5169e-05
-1.91213e-10
2.5169e-05
-2.4835e-10
2.51689e-05
-2.81512e-10
2.51689e-05
-2.86021e-10
2.51688e-05
-2.59876e-10
2.51688e-05
-2.05891e-10
2.51687e-05
-1.31114e-10
2.51687e-05
-4.65763e-11
2.51687e-05
3.49914e-11
2.51687e-05
1.00886e-10
2.51688e-05
1.40365e-10
2.51688e-05
1.47807e-10
2.51688e-05
1.23499e-10
2.51688e-05
7.52514e-11
2.51689e-05
1.79018e-11
2.51688e-05
-3.03847e-11
2.51688e-05
-5.32876e-11
2.51688e-05
-3.611e-11
2.51688e-05
2.34005e-11
2.51689e-05
1.27136e-10
2.51689e-05
2.619e-10
2.5169e-05
4.23265e-10
5.58044e-10
2.80759e-05
-2.77453e-05
2.79355e-05
-2.31282e-05
2.66675e-05
-1.73072e-05
2.5387e-05
-1.0692e-05
2.44116e-05
-6.45569e-06
2.37714e-05
-3.73706e-06
2.33793e-05
-2.10294e-06
2.31542e-05
-1.13694e-06
2.30319e-05
-5.83263e-07
2.297e-05
-2.77101e-07
2.29414e-05
-1.15865e-07
2.29301e-05
-3.68897e-08
2.29271e-05
-2.34177e-09
2.29275e-05
9.72576e-09
2.29289e-05
1.15687e-08
2.29303e-05
9.56071e-09
2.29314e-05
6.72081e-09
2.29321e-05
4.25298e-09
2.29325e-05
2.47701e-09
2.29328e-05
1.33871e-09
2.29329e-05
6.72117e-10
2.2933e-05
3.11626e-10
2.2933e-05
1.31221e-10
2.2933e-05
4.72934e-11
2.2933e-05
1.0586e-11
2.2933e-05
-5.54367e-12
2.2933e-05
-1.37656e-11
2.2933e-05
-1.82412e-11
2.2933e-05
-1.99711e-11
2.2933e-05
-1.82184e-11
2.2933e-05
-1.16423e-11
2.2933e-05
-2.87978e-13
2.2933e-05
1.53535e-11
2.2933e-05
3.44152e-11
2.2933e-05
5.44132e-11
2.29331e-05
7.3228e-11
2.29331e-05
8.86488e-11
2.29331e-05
9.81158e-11
2.29331e-05
1.01493e-10
2.29332e-05
9.74772e-11
2.29332e-05
8.70632e-11
2.29332e-05
7.1603e-11
2.29332e-05
5.20918e-11
2.29332e-05
3.09325e-11
2.29332e-05
9.27595e-12
2.29332e-05
-1.11973e-11
2.29332e-05
-2.91841e-11
2.29332e-05
-4.47018e-11
2.29332e-05
-5.74305e-11
2.29332e-05
-6.74767e-11
2.29332e-05
-7.61513e-11
2.29331e-05
-8.37762e-11
2.29331e-05
-9.06583e-11
2.29331e-05
-9.77171e-11
2.29331e-05
-1.04248e-10
2.2933e-05
-1.098e-10
2.2933e-05
-1.13358e-10
2.2933e-05
-1.1322e-10
2.29329e-05
-1.08112e-10
2.29329e-05
-9.69094e-11
2.29329e-05
-7.88908e-11
2.29329e-05
-5.39168e-11
2.29329e-05
-2.21449e-11
2.29329e-05
1.45451e-11
2.29329e-05
5.43018e-11
2.29329e-05
9.4442e-11
2.2933e-05
1.31701e-10
2.2933e-05
1.63263e-10
2.2933e-05
1.85785e-10
2.29331e-05
1.9668e-10
2.29331e-05
1.9357e-10
2.29332e-05
1.75192e-10
2.29332e-05
1.41324e-10
2.29332e-05
9.36155e-11
2.29333e-05
3.49981e-11
2.29332e-05
-2.98663e-11
2.29332e-05
-9.46856e-11
2.29332e-05
-1.53347e-10
2.29331e-05
-1.99221e-10
2.29331e-05
-2.25767e-10
2.2933e-05
-2.29154e-10
2.2933e-05
-2.0796e-10
2.29329e-05
-1.64446e-10
2.29329e-05
-1.04204e-10
2.29329e-05
-3.619e-11
2.29329e-05
2.93948e-11
2.29329e-05
8.23387e-11
2.29329e-05
1.13798e-10
2.2933e-05
1.1944e-10
2.2933e-05
9.95271e-11
2.2933e-05
5.9933e-11
2.2933e-05
1.336e-11
2.2933e-05
-2.60218e-11
2.2933e-05
-4.49254e-11
2.2933e-05
-3.15836e-11
2.2933e-05
1.63694e-11
2.2933e-05
9.90536e-11
2.29331e-05
2.09872e-10
2.29332e-05
3.39838e-10
4.66027e-10
2.78025e-05
-3.05478e-05
2.68086e-05
-2.21343e-05
2.48673e-05
-1.5366e-05
2.32438e-05
-9.06844e-06
2.21035e-05
-5.31547e-06
2.13901e-05
-3.02357e-06
2.09661e-05
-1.67902e-06
2.07281e-05
-8.98872e-07
2.06011e-05
-4.56343e-07
2.05382e-05
-2.14103e-07
2.05099e-05
-8.75905e-08
2.04993e-05
-2.6335e-08
2.0497e-05
3.60248e-12
2.04979e-05
8.8256e-09
2.04996e-05
9.80382e-09
2.05013e-05
7.9164e-09
2.05025e-05
5.49569e-09
2.05033e-05
3.44799e-09
2.05038e-05
1.99431e-09
2.05041e-05
1.07086e-09
2.05042e-05
5.3387e-10
2.05043e-05
2.45306e-10
2.05043e-05
1.01877e-10
2.05043e-05
3.56891e-11
2.05043e-05
7.13649e-12
2.05043e-05
-5.09739e-12
2.05043e-05
-1.12643e-11
2.05043e-05
-1.45103e-11
2.05043e-05
-1.56461e-11
2.05043e-05
-1.43147e-11
2.05043e-05
-9.19389e-12
2.05043e-05
-4.48794e-13
2.05043e-05
1.14424e-11
2.05043e-05
2.60941e-11
2.05043e-05
4.14677e-11
2.05043e-05
5.58532e-11
2.05044e-05
6.77155e-11
2.05044e-05
7.48553e-11
2.05044e-05
7.73931e-11
2.05044e-05
7.42928e-11
2.05045e-05
6.62308e-11
2.05045e-05
5.44356e-11
2.05045e-05
3.95096e-11
2.05045e-05
2.33351e-11
2.05045e-05
6.831e-12
2.05045e-05
-8.8313e-12
2.05045e-05
-2.24482e-11
2.05045e-05
-3.42171e-11
2.05045e-05
-4.38997e-11
2.05044e-05
-5.1413e-11
2.05044e-05
-5.79442e-11
2.05044e-05
-6.37151e-11
2.05044e-05
-6.8857e-11
2.05044e-05
-7.41959e-11
2.05043e-05
-7.91833e-11
2.05043e-05
-8.33978e-11
2.05043e-05
-8.6135e-11
2.05043e-05
-8.61434e-11
2.05042e-05
-8.23679e-11
2.05042e-05
-7.38565e-11
2.05042e-05
-6.01657e-11
2.05042e-05
-4.12313e-11
2.05042e-05
-1.69937e-11
2.05042e-05
1.10291e-11
2.05042e-05
4.13748e-11
2.05042e-05
7.20179e-11
2.05042e-05
1.00431e-10
2.05043e-05
1.24611e-10
2.05043e-05
1.41875e-10
2.05044e-05
1.50177e-10
2.05044e-05
1.47823e-10
2.05045e-05
1.33897e-10
2.05045e-05
1.07995e-10
2.05045e-05
7.1519e-11
2.05045e-05
2.68363e-11
2.05045e-05
-2.29192e-11
2.05045e-05
-7.26945e-11
2.05045e-05
-1.1753e-10
2.05044e-05
-1.5273e-10
2.05044e-05
-1.73195e-10
2.05043e-05
-1.75697e-10
2.05043e-05
-1.59262e-10
2.05042e-05
-1.25733e-10
2.05042e-05
-7.93139e-11
2.05042e-05
-2.70112e-11
2.05042e-05
2.34386e-11
2.05042e-05
6.42903e-11
2.05042e-05
8.83204e-11
2.05043e-05
9.23417e-11
2.05043e-05
7.69081e-11
2.05043e-05
4.57827e-11
2.05043e-05
9.52668e-12
2.05043e-05
-2.12727e-11
2.05043e-05
-3.62286e-11
2.05043e-05
-2.65234e-11
2.05043e-05
1.04238e-11
2.05043e-05
7.33456e-11
2.05044e-05
1.61172e-10
2.05044e-05
2.61153e-10
3.7687e-10
2.7142e-05
-3.26899e-05
2.5163e-05
-2.01552e-05
2.25974e-05
-1.28004e-05
2.07253e-05
-7.19638e-06
1.94955e-05
-4.08567e-06
1.8757e-05
-2.28501e-06
1.83295e-05
-1.25156e-06
1.80942e-05
-6.63551e-07
1.79709e-05
-3.33079e-07
1.7911e-05
-1.54133e-07
1.78848e-05
-6.14517e-08
1.78756e-05
-1.7159e-08
1.78741e-05
1.51579e-09
1.78755e-05
7.45086e-09
1.78775e-05
7.78438e-09
1.78793e-05
6.14437e-09
1.78806e-05
4.21144e-09
1.78814e-05
2.61851e-09
1.78819e-05
1.50324e-09
1.78822e-05
8.01327e-10
1.78823e-05
3.96263e-10
1.78824e-05
1.80139e-10
1.78824e-05
7.35617e-11
1.78824e-05
2.48604e-11
1.78824e-05
4.20597e-12
1.78824e-05
-4.37622e-12
1.78824e-05
-8.69254e-12
1.78824e-05
-1.08929e-11
1.78824e-05
-1.15331e-11
1.78824e-05
-1.06123e-11
1.78824e-05
-6.89958e-12
1.78824e-05
-5.3438e-13
1.78824e-05
7.96337e-12
1.78824e-05
1.85515e-11
1.78824e-05
2.97301e-11
1.78824e-05
4.01051e-11
1.78825e-05
4.87087e-11
1.78825e-05
5.37726e-11
1.78825e-05
5.55707e-11
1.78825e-05
5.33358e-11
1.78825e-05
4.74523e-11
1.78826e-05
3.90003e-11
1.78826e-05
2.82637e-11
1.78826e-05
1.66066e-11
1.78826e-05
4.77373e-12
1.78826e-05
-6.52877e-12
1.78826e-05
-1.62386e-11
1.78826e-05
-2.46469e-11
1.78826e-05
-3.15909e-11
1.78825e-05
-3.6867e-11
1.78825e-05
-4.15108e-11
1.78825e-05
-4.5646e-11
1.78825e-05
-4.92501e-11
1.78825e-05
-5.30333e-11
1.78824e-05
-5.66335e-11
1.78824e-05
-5.96818e-11
1.78824e-05
-6.16446e-11
1.78824e-05
-6.17144e-11
1.78823e-05
-5.91641e-11
1.78823e-05
-5.31096e-11
1.78823e-05
-4.32753e-11
1.78823e-05
-2.97646e-11
1.78823e-05
-1.23852e-11
1.78823e-05
7.75979e-12
1.78823e-05
2.96002e-11
1.78823e-05
5.16826e-11
1.78824e-05
7.2068e-11
1.78824e-05
8.95168e-11
1.78824e-05
1.02059e-10
1.78825e-05
1.08049e-10
1.78825e-05
1.06331e-10
1.78826e-05
9.64567e-11
1.78826e-05
7.78776e-11
1.78826e-05
5.15511e-11
1.78826e-05
1.95071e-11
1.78826e-05
-1.63499e-11
1.78826e-05
-5.24742e-11
1.78826e-05
-8.48373e-11
1.78825e-05
-1.10228e-10
1.78825e-05
-1.2517e-10
1.78824e-05
-1.27014e-10
1.78824e-05
-1.15016e-10
1.78823e-05
-9.07121e-11
1.78823e-05
-5.69704e-11
1.78823e-05
-1.90838e-11
1.78823e-05
1.74068e-11
1.78823e-05
4.72557e-11
1.78823e-05
6.4706e-11
1.78824e-05
6.72916e-11
1.78824e-05
5.61084e-11
1.78824e-05
3.30937e-11
1.78824e-05
6.45702e-12
1.78824e-05
-1.63756e-11
1.78824e-05
-2.75593e-11
1.78824e-05
-2.10396e-11
1.78824e-05
5.77068e-12
1.78824e-05
5.063e-11
1.78825e-05
1.16997e-10
1.78825e-05
1.88936e-10
2.91848e-10
2.58964e-05
-3.35862e-05
2.28576e-05
-1.71165e-05
1.97999e-05
-9.74265e-06
1.78138e-05
-5.21032e-06
1.65851e-05
-2.85696e-06
1.58737e-05
-1.57364e-06
1.54717e-05
-8.49497e-07
1.52543e-05
-4.46248e-07
1.51425e-05
-2.21199e-07
1.50892e-05
-1.00818e-07
1.50667e-05
-3.89617e-08
1.50594e-05
-9.847e-09
1.50587e-05
2.15549e-09
1.50604e-05
5.71905e-09
1.50626e-05
5.65319e-09
1.50644e-05
4.36357e-09
1.50656e-05
2.9522e-09
1.50664e-05
1.81819e-09
1.50669e-05
1.0354e-09
1.50671e-05
5.47465e-10
1.50673e-05
2.68196e-10
1.50673e-05
1.20393e-10
1.50674e-05
4.81732e-11
1.50674e-05
1.55404e-11
1.50674e-05
1.99217e-12
1.50674e-05
-3.4119e-12
1.50674e-05
-6.16673e-12
1.50674e-05
-7.54165e-12
1.50674e-05
-7.80108e-12
1.50674e-05
-7.23661e-12
1.50674e-05
-4.81219e-12
1.50674e-05
-5.39158e-13
1.50674e-05
5.04232e-12
1.50674e-05
1.20483e-11
1.50674e-05
1.95468e-11
1.50674e-05
2.64407e-11
1.50674e-05
3.21818e-11
1.50674e-05
3.5458e-11
1.50674e-05
3.66258e-11
1.50675e-05
3.51675e-11
1.50675e-05
3.12123e-11
1.50675e-05
2.56798e-11
1.50675e-05
1.86154e-11
1.50675e-05
1.08746e-11
1.50675e-05
3.09286e-12
1.50675e-05
-4.40329e-12
1.50675e-05
-1.07585e-11
1.50675e-05
-1.62919e-11
1.50675e-05
-2.08786e-11
1.50675e-05
-2.42508e-11
1.50675e-05
-2.72932e-11
1.50674e-05
-3.0058e-11
1.50674e-05
-3.2378e-11
1.50674e-05
-3.48075e-11
1.50674e-05
-3.71776e-11
1.50674e-05
-3.9249e-11
1.50673e-05
-4.05483e-11
1.50673e-05
-4.05815e-11
1.50673e-05
-3.90516e-11
1.50673e-05
-3.51619e-11
1.50673e-05
-2.86552e-11
1.50673e-05
-1.97863e-11
1.50673e-05
-8.35784e-12
1.50673e-05
4.911e-12
1.50673e-05
1.93415e-11
1.50673e-05
3.40275e-11
1.50673e-05
4.74691e-11
1.50673e-05
5.90035e-11
1.50674e-05
6.74203e-11
1.50674e-05
7.14551e-11
1.50674e-05
7.02649e-11
1.50675e-05
6.38465e-11
1.50675e-05
5.17031e-11
1.50675e-05
3.42239e-11
1.50675e-05
1.3092e-11
1.50675e-05
-1.05349e-11
1.50675e-05
-3.46537e-11
1.50675e-05
-5.62596e-11
1.50674e-05
-7.30655e-11
1.50674e-05
-8.30859e-11
1.50674e-05
-8.44122e-11
1.50673e-05
-7.63847e-11
1.50673e-05
-6.02902e-11
1.50673e-05
-3.77108e-11
1.50673e-05
-1.23989e-11
1.50673e-05
1.17261e-11
1.50673e-05
3.17768e-11
1.50673e-05
4.36515e-11
1.50673e-05
4.51549e-11
1.50673e-05
3.76926e-11
1.50674e-05
2.20479e-11
1.50674e-05
4.10958e-12
1.50674e-05
-1.15351e-11
1.50673e-05
-1.93216e-11
1.50673e-05
-1.54103e-11
1.50673e-05
2.54863e-12
1.50674e-05
3.15328e-11
1.50674e-05
7.84468e-11
1.50675e-05
1.25067e-10
2.12404e-10
2.37862e-05
-3.23724e-05
1.97311e-05
-1.30614e-05
1.64284e-05
-6.43986e-06
1.45022e-05
-3.28421e-06
1.33765e-05
-1.7312e-06
1.27455e-05
-9.42683e-07
1.23967e-05
-5.00699e-07
1.22114e-05
-2.60911e-07
1.21176e-05
-1.27441e-07
1.20739e-05
-5.71165e-08
1.20562e-05
-2.1223e-08
1.2051e-05
-4.64284e-09
1.20511e-05
2.01697e-09
1.2053e-05
3.81771e-09
1.20551e-05
3.58715e-09
1.20568e-05
2.70799e-09
1.20579e-05
1.80771e-09
1.20586e-05
1.10205e-09
1.2059e-05
6.221e-10
1.20593e-05
3.25948e-10
1.20594e-05
1.57921e-10
1.20594e-05
6.98272e-11
1.20594e-05
2.72696e-11
1.20594e-05
8.27884e-12
1.20594e-05
5.935e-13
1.20594e-05
-2.29691e-12
1.20594e-05
-3.82978e-12
1.20594e-05
-4.59863e-12
1.20594e-05
-4.59899e-12
1.20594e-05
-4.31254e-12
1.20594e-05
-2.98503e-12
1.20594e-05
-4.61555e-13
1.20594e-05
2.76658e-12
1.20594e-05
6.80088e-12
1.20594e-05
1.12268e-11
1.20595e-05
1.52611e-11
1.20595e-05
1.86306e-11
1.20595e-05
2.04599e-11
1.20595e-05
2.11193e-11
1.20595e-05
2.03044e-11
1.20595e-05
1.79575e-11
1.20595e-05
1.48259e-11
1.20595e-05
1.07977e-11
1.20596e-05
6.25454e-12
1.20596e-05
1.77145e-12
1.20596e-05
-2.57793e-12
1.20595e-05
-6.20444e-12
1.20595e-05
-9.42222e-12
1.20595e-05
-1.21091e-11
1.20595e-05
-1.39599e-11
1.20595e-05
-1.5695e-11
1.20595e-05
-1.73678e-11
1.20595e-05
-1.87054e-11
1.20595e-05
-2.00327e-11
1.20595e-05
-2.13374e-11
1.20594e-05
-2.2612e-11
1.20594e-05
-2.34076e-11
1.20594e-05
-2.33507e-11
1.20594e-05
-2.25651e-11
1.20594e-05
-2.04431e-11
1.20594e-05
-1.66837e-11
1.20594e-05
-1.1577e-11
1.20593e-05
-4.98328e-12
1.20594e-05
2.65531e-12
1.20594e-05
1.09599e-11
1.20594e-05
1.95757e-11
1.20594e-05
2.73908e-11
1.20594e-05
3.40458e-11
1.20594e-05
3.89987e-11
1.20595e-05
4.14465e-11
1.20595e-05
4.07173e-11
1.20595e-05
3.70342e-11
1.20596e-05
3.01434e-11
1.20596e-05
1.99942e-11
1.20596e-05
7.74276e-12
1.20596e-05
-5.83369e-12
1.20596e-05
-1.99148e-11
1.20595e-05
-3.26968e-11
1.20595e-05
-4.24719e-11
1.20595e-05
-4.83143e-11
1.20594e-05
-4.91944e-11
1.20594e-05
-4.44778e-11
1.20594e-05
-3.52512e-11
1.20594e-05
-2.20333e-11
1.20594e-05
-7.03e-12
1.20594e-05
6.88297e-12
1.20594e-05
1.85521e-11
1.20594e-05
2.58025e-11
1.20594e-05
2.67079e-11
1.20594e-05
2.23434e-11
1.20594e-05
1.28698e-11
1.20594e-05
2.3028e-12
1.20594e-05
-7.02765e-12
1.20594e-05
-1.18746e-11
1.20594e-05
-1.00338e-11
1.20594e-05
6.78593e-13
1.20594e-05
1.66622e-11
1.20595e-05
4.65742e-11
1.20595e-05
7.16278e-11
1.40281e-10
2.04212e-05
-2.77937e-05
1.56021e-05
-8.24223e-06
1.24561e-05
-3.29394e-06
1.07972e-05
-1.62524e-06
9.88123e-06
-8.15253e-07
9.38119e-06
-4.4265e-07
9.11071e-06
-2.30217e-07
8.96914e-06
-1.19343e-07
8.89888e-06
-5.71782e-08
8.86691e-06
-2.51478e-08
8.85454e-06
-8.85113e-09
8.85142e-06
-1.51771e-09
8.85209e-06
1.33912e-09
8.85391e-06
2.00711e-09
8.8557e-06
1.79696e-09
8.85708e-06
1.32558e-09
8.85801e-06
8.72213e-10
8.85859e-06
5.25645e-10
8.85892e-06
2.93753e-10
8.85909e-06
1.52268e-10
8.85918e-06
7.2737e-11
8.85922e-06
3.15079e-11
8.85923e-06
1.19212e-11
8.85924e-06
3.31656e-12
8.85924e-06
-5.02298e-14
8.85924e-06
-1.20301e-12
8.85924e-06
-1.87781e-12
8.85923e-06
-2.24659e-12
8.85923e-06
-2.11216e-12
8.85923e-06
-2.00971e-12
8.85923e-06
-1.51441e-12
8.85923e-06
-3.31523e-13
8.85923e-06
1.1789e-12
8.85923e-06
2.98096e-12
8.85924e-06
5.06228e-12
8.85925e-06
6.95581e-12
8.85926e-06
8.52214e-12
8.85927e-06
9.29347e-12
8.85928e-06
9.5928e-12
8.85929e-06
9.23805e-12
8.8593e-06
8.08829e-12
8.85931e-06
6.74681e-12
8.85932e-06
5.00831e-12
8.85932e-06
2.84388e-12
8.85932e-06
7.98037e-13
8.85932e-06
-1.18632e-12
8.85931e-06
-2.79342e-12
8.85931e-06
-4.28743e-12
8.8593e-06
-5.5668e-12
8.8593e-06
-6.3411e-12
8.85929e-06
-7.07877e-12
8.85928e-06
-7.90241e-12
8.85927e-06
-8.57546e-12
8.85926e-06
-9.14537e-12
8.85925e-06
-9.61429e-12
8.85923e-06
-1.02518e-11
8.85922e-06
-1.07052e-11
8.85921e-06
-1.05782e-11
8.8592e-06
-1.02605e-11
8.85918e-06
-9.39094e-12
8.85918e-06
-7.68646e-12
8.85917e-06
-5.39537e-12
8.85917e-06
-2.38991e-12
8.85917e-06
1.10903e-12
8.85918e-06
4.8139e-12
8.85919e-06
8.81594e-12
8.8592e-06
1.24514e-11
8.85922e-06
1.54832e-11
8.85924e-06
1.77789e-11
8.85926e-06
1.8983e-11
8.85929e-06
1.86304e-11
8.85931e-06
1.69385e-11
8.85932e-06
1.38871e-11
8.85933e-06
9.27464e-12
8.85934e-06
3.63694e-12
8.85933e-06
-2.50263e-12
8.85932e-06
-8.91816e-12
8.8593e-06
-1.49702e-11
8.85928e-06
-1.94959e-11
8.85926e-06
-2.21453e-11
8.85923e-06
-2.26809e-11
8.8592e-06
-2.04348e-11
8.85919e-06
-1.62792e-11
8.85917e-06
-1.03006e-11
8.85917e-06
-3.19178e-12
8.85917e-06
3.2039e-12
8.85918e-06
8.4989e-12
8.8592e-06
1.19839e-11
8.85921e-06
1.24854e-11
8.85922e-06
1.06125e-11
8.85923e-06
6.02581e-12
8.85923e-06
9.74856e-13
8.85923e-06
-3.37932e-12
8.85922e-06
-5.72114e-12
8.85922e-06
-5.26061e-12
8.85922e-06
-7.74629e-14
8.85923e-06
6.42172e-12
8.85925e-06
2.22898e-11
8.85929e-06
3.1116e-11
7.77028e-11
1.52392e-05
-1.80328e-05
1.0265e-05
-3.26805e-06
7.8902e-06
-9.19153e-07
6.72114e-06
-4.56185e-07
6.11804e-06
-2.12143e-07
5.79241e-06
-1.1702e-07
5.62093e-06
-5.87401e-08
5.53206e-06
-3.04785e-08
5.48903e-06
-1.41392e-08
5.46995e-06
-6.06911e-09
5.46304e-06
-1.94055e-09
5.46168e-06
-1.67039e-10
5.46253e-06
4.95231e-10
5.46393e-06
6.07899e-10
5.46521e-06
5.16193e-10
5.46616e-06
3.70313e-10
5.4668e-06
2.39282e-10
5.46718e-06
1.41977e-10
5.4674e-06
7.8288e-11
5.46751e-06
4.00338e-11
5.46756e-06
1.8708e-11
5.46759e-06
7.79888e-12
5.4676e-06
2.80377e-12
5.4676e-06
6.7871e-13
5.4676e-06
-9.23491e-14
5.4676e-06
-3.11922e-13
5.4676e-06
-4.99006e-13
5.4676e-06
-6.40291e-13
5.46759e-06
-4.86167e-13
5.46759e-06
-4.69668e-13
5.46759e-06
-4.82334e-13
5.46759e-06
-1.84128e-13
5.46759e-06
2.71908e-13
5.46759e-06
6.78298e-13
5.4676e-06
1.2475e-12
5.4676e-06
1.80274e-12
5.46761e-06
2.21989e-12
5.46762e-06
2.3683e-12
5.46762e-06
2.46379e-12
5.46763e-06
2.38748e-12
5.46764e-06
1.9877e-12
5.46764e-06
1.71893e-12
5.46765e-06
1.40598e-12
5.46765e-06
7.45617e-13
5.46765e-06
2.00066e-13
5.46765e-06
-3.15352e-13
5.46765e-06
-7.00431e-13
5.46764e-06
-1.0928e-12
5.46764e-06
-1.4769e-12
5.46763e-06
-1.6614e-12
5.46763e-06
-1.76489e-12
5.46762e-06
-1.98316e-12
5.46762e-06
-2.25123e-12
5.46761e-06
-2.41701e-12
5.4676e-06
-2.39064e-12
5.4676e-06
-2.57094e-12
5.46759e-06
-2.79104e-12
5.46758e-06
-2.65934e-12
5.46757e-06
-2.59492e-12
5.46756e-06
-2.4397e-12
5.46756e-06
-1.99405e-12
5.46756e-06
-1.44434e-12
5.46755e-06
-6.85952e-13
5.46755e-06
2.61549e-13
5.46756e-06
1.11111e-12
5.46757e-06
2.1829e-12
5.46757e-06
3.21568e-12
5.46759e-06
3.99244e-12
5.4676e-06
4.55664e-12
5.46761e-06
4.92188e-12
5.46763e-06
4.87641e-12
5.46764e-06
4.40047e-12
5.46765e-06
3.58166e-12
5.46766e-06
2.43936e-12
5.46766e-06
9.88911e-13
5.46766e-06
-6.06477e-13
5.46765e-06
-2.18029e-12
5.46764e-06
-3.8559e-12
5.46763e-06
-5.10787e-12
5.46761e-06
-5.71662e-12
5.46759e-06
-5.93745e-12
5.46758e-06
-5.29707e-12
5.46757e-06
-4.23952e-12
5.46756e-06
-2.8188e-12
5.46756e-06
-8.24482e-13
5.46756e-06
8.79483e-13
5.46756e-06
2.16501e-12
5.46757e-06
3.10965e-12
5.46758e-06
3.32064e-12
5.46759e-06
2.96453e-12
5.46759e-06
1.70971e-12
5.4676e-06
1.68779e-13
5.46759e-06
-9.34403e-13
5.46759e-06
-1.52007e-12
5.46758e-06
-1.6673e-12
5.46758e-06
-1.4461e-13
5.46759e-06
1.08434e-12
5.46761e-06
6.3033e-12
5.46763e-06
6.69226e-12
2.7216e-11
6.96716e-06
3.69911e-06
2.77996e-06
2.32377e-06
2.11163e-06
1.99461e-06
1.93587e-06
1.90539e-06
1.89125e-06
1.88518e-06
1.88324e-06
1.88308e-06
1.88357e-06
1.88418e-06
1.88469e-06
1.88506e-06
1.8853e-06
1.88545e-06
1.88552e-06
1.88556e-06
1.88558e-06
1.88559e-06
1.88559e-06
1.8856e-06
1.8856e-06
1.8856e-06
1.88559e-06
1.88559e-06
1.88559e-06
1.88559e-06
1.88559e-06
1.88559e-06
1.88559e-06
1.88559e-06
1.88559e-06
1.8856e-06
1.8856e-06
1.8856e-06
1.8856e-06
1.88561e-06
1.88561e-06
1.88561e-06
1.88561e-06
1.88561e-06
1.88561e-06
1.88561e-06
1.88561e-06
1.88561e-06
1.88561e-06
1.88561e-06
1.88561e-06
1.8856e-06
1.8856e-06
1.8856e-06
1.8856e-06
1.88559e-06
1.88559e-06
1.88559e-06
1.88559e-06
1.88558e-06
1.88558e-06
1.88558e-06
1.88558e-06
1.88558e-06
1.88558e-06
1.88558e-06
1.88559e-06
1.88559e-06
1.8856e-06
1.8856e-06
1.8856e-06
1.88561e-06
1.88561e-06
1.88562e-06
1.88562e-06
1.88562e-06
1.88561e-06
1.88561e-06
1.8856e-06
1.8856e-06
1.88559e-06
1.88559e-06
1.88558e-06
1.88558e-06
1.88558e-06
1.88558e-06
1.88558e-06
1.88559e-06
1.88559e-06
1.88559e-06
1.88559e-06
1.88559e-06
1.88559e-06
1.88559e-06
1.88559e-06
1.88559e-06
1.88559e-06
1.8856e-06
1.8856e-06
)
;

boundaryField
{
    inlet
    {
        type            calculated;
        value           nonuniform List<scalar> 
40
(
-2.5e-05
-2.5e-05
-2.5e-05
-2.5e-05
-2.5e-05
-2.5e-05
-2.5e-05
-2.5e-05
-2.5e-05
-2.5e-05
-2.5e-05
-2.5e-05
-2.5e-05
-2.5e-05
-2.5e-05
-2.5e-05
-2.5e-05
-2.5e-05
-2.5e-05
-2.5e-05
-2.5e-05
-2.5e-05
-2.5e-05
-2.5e-05
-2.5e-05
-2.5e-05
-2.5e-05
-2.5e-05
-2.5e-05
-2.5e-05
-2.5e-05
-2.5e-05
-2.5e-05
-2.5e-05
-2.5e-05
-2.5e-05
-2.5e-05
-2.5e-05
-2.5e-05
-2.5e-05
)
;
    }
    outlet
    {
        type            calculated;
        value           nonuniform List<scalar> 
40
(
1.88539e-06
5.46703e-06
8.85833e-06
1.20582e-05
1.50659e-05
1.78807e-05
2.05024e-05
2.29309e-05
2.51667e-05
2.72102e-05
2.90622e-05
3.07238e-05
3.21963e-05
3.34808e-05
3.45788e-05
3.54915e-05
3.622e-05
3.67655e-05
3.71288e-05
3.73104e-05
3.73106e-05
3.71294e-05
3.67665e-05
3.62214e-05
3.54931e-05
3.45807e-05
3.3483e-05
3.21986e-05
3.07263e-05
2.90647e-05
2.72126e-05
2.51691e-05
2.29333e-05
2.05045e-05
1.78826e-05
1.50675e-05
1.20596e-05
8.85936e-06
5.46768e-06
1.88563e-06
)
;
    }
    upperWall
    {
        type            calculated;
        value           uniform 0;
    }
    lowerWall
    {
        type            calculated;
        value           uniform 0;
    }
    frontAndBack
    {
        type            empty;
        value           nonuniform 0();
    }
}


// ************************************************************************* //
