/*--------------------------------*- C++ -*----------------------------------*\
| =========                 |                                                 |
| \\      /  F ield         | OpenFOAM: The Open Source CFD Toolbox           |
|  \\    /   O peration     | Version:  5.x                                   |
|   \\  /    A nd           | Web:      www.OpenFOAM.org                      |
|    \\/     M anipulation  |                                                 |
\*---------------------------------------------------------------------------*/
FoamFile
{
    version     2.0;
    format      ascii;
    class       volVectorField;
    location    "0.06";
    object      U;
}
// * * * * * * * * * * * * * * * * * * * * * * * * * * * * * * * * * * * * * //

dimensions      [0 1 -1 0 0 0 0];

internalField   nonuniform List<vector> 
4000
(
(0.467887 0.0748451 0)
(0.453032 0.0164743 0)
(0.337107 0.00154725 0)
(0.353973 0.000422252 0)
(0.348313 0.000331396 0)
(0.345857 9.53132e-05 0)
(0.345163 4.45384e-05 0)
(0.344796 2.52672e-05 0)
(0.344592 1.31577e-05 0)
(0.344485 6.86088e-06 0)
(0.344429 3.54741e-06 0)
(0.344399 1.99667e-06 0)
(0.344383 1.11762e-06 0)
(0.344375 5.37306e-07 0)
(0.34437 2.13991e-07 0)
(0.344368 2.00916e-07 0)
(0.344366 1.14401e-07 0)
(0.344366 3.93982e-08 0)
(0.344365 -1.41123e-08 0)
(0.344365 2.36887e-08 0)
(0.344365 7.01515e-08 0)
(0.344365 -8.98721e-08 0)
(0.344365 1.03116e-08 0)
(0.344365 5.10264e-08 0)
(0.344365 -1.99808e-08 0)
(0.344365 1.84579e-08 0)
(0.344365 -3.90919e-08 0)
(0.344365 4.13588e-08 0)
(0.344365 6.80543e-08 0)
(0.344365 -1.18841e-07 0)
(0.344365 4.59687e-09 0)
(0.344365 6.34961e-08 0)
(0.344365 3.62441e-08 0)
(0.344365 -9.80293e-08 0)
(0.344365 1.72872e-08 0)
(0.344365 7.18357e-08 0)
(0.344365 -1.03754e-07 0)
(0.344365 6.58736e-08 0)
(0.344365 -1.3126e-08 0)
(0.344364 -3.4882e-08 0)
(0.344364 1.10759e-07 0)
(0.344365 -1.96961e-08 0)
(0.344365 -1.82084e-07 0)
(0.344364 1.88123e-07 0)
(0.344365 4.27721e-08 0)
(0.344365 -1.74045e-07 0)
(0.344364 1.4395e-07 0)
(0.344366 -1.30933e-07 0)
(0.344364 2.79178e-08 0)
(0.344365 1.12918e-07 0)
(0.344366 -3.34477e-07 0)
(0.344364 2.42146e-07 0)
(0.344366 -9.51061e-09 0)
(0.344364 -1.11981e-07 0)
(0.344366 -4.77343e-09 0)
(0.344366 6.79761e-09 0)
(0.344365 6.98125e-08 0)
(0.344366 -1.41794e-07 0)
(0.344364 1.18802e-07 0)
(0.344366 -1.94903e-08 0)
(0.344365 -2.30324e-08 0)
(0.344365 7.4594e-08 0)
(0.344365 1.46529e-08 0)
(0.344364 6.32468e-08 0)
(0.344365 -3.22764e-08 0)
(0.344365 -3.11295e-08 0)
(0.344364 1.20895e-07 0)
(0.344364 4.14421e-08 0)
(0.344364 -6.59926e-08 0)
(0.344364 -3.95103e-09 0)
(0.344364 3.34905e-08 0)
(0.344364 -4.81642e-09 0)
(0.344364 -5.63813e-08 0)
(0.344365 -9.83365e-08 0)
(0.344365 -5.726e-08 0)
(0.344365 5.58539e-08 0)
(0.344365 4.7432e-08 0)
(0.344365 -1.10517e-07 0)
(0.344366 -1.70865e-07 0)
(0.344366 1.81217e-08 0)
(0.344366 2.2857e-07 0)
(0.344365 1.95753e-07 0)
(0.344364 -3.47687e-08 0)
(0.344364 -1.62884e-07 0)
(0.344365 -3.56192e-08 0)
(0.344365 1.5556e-07 0)
(0.344364 1.65148e-07 0)
(0.344363 -3.90105e-08 0)
(0.344364 -2.32268e-07 0)
(0.344366 -2.19669e-07 0)
(0.344366 -3.09644e-08 0)
(0.344366 1.28263e-07 0)
(0.344366 1.2912e-07 0)
(0.344365 -3.701e-09 0)
(0.344365 -5.42461e-08 0)
(0.344366 -1.41564e-07 0)
(0.344364 3.12508e-07 0)
(0.344368 -1.80165e-07 0)
(0.344361 5.02541e-07 0)
(0.344358 1.35585e-06 0)
(0.786961 0.155652 0)
(0.958866 0.0439783 0)
(0.792225 0.00762766 0)
(0.810703 0.00237335 0)
(0.803215 0.00132706 0)
(0.798766 0.000512655 0)
(0.797278 0.000245112 0)
(0.796524 0.000130126 0)
(0.796112 6.78266e-05 0)
(0.795896 3.58808e-05 0)
(0.795782 1.89177e-05 0)
(0.795722 1.01136e-05 0)
(0.795689 5.39585e-06 0)
(0.795672 2.93983e-06 0)
(0.795662 1.48767e-06 0)
(0.795658 8.66338e-07 0)
(0.795655 3.52401e-07 0)
(0.795654 2.84146e-07 0)
(0.795653 1.57757e-07 0)
(0.795653 2.14307e-08 0)
(0.795652 1.217e-07 0)
(0.795652 -1.58162e-07 0)
(0.795652 1.55227e-07 0)
(0.795652 1.11534e-07 0)
(0.795652 -2.28138e-07 0)
(0.795652 1.40483e-07 0)
(0.795652 2.43427e-09 0)
(0.795651 -2.48996e-08 0)
(0.795652 1.13144e-07 0)
(0.795652 -1.90261e-07 0)
(0.795652 1.31248e-07 0)
(0.795652 1.44526e-08 0)
(0.795651 8.00097e-08 0)
(0.795652 -1.76794e-07 0)
(0.795651 9.8575e-08 0)
(0.795652 2.14239e-07 0)
(0.795651 -4.12284e-07 0)
(0.795651 2.71106e-07 0)
(0.795652 4.3532e-08 0)
(0.795651 -2.04819e-07 0)
(0.795651 2.61411e-07 0)
(0.795652 8.33508e-09 0)
(0.795652 -4.95724e-07 0)
(0.795651 5.09317e-07 0)
(0.795653 5.33768e-08 0)
(0.795651 -5.67654e-07 0)
(0.79565 6.09897e-07 0)
(0.795654 -4.26659e-07 0)
(0.79565 -6.71607e-09 0)
(0.795652 3.81773e-07 0)
(0.795654 -9.1322e-07 0)
(0.795648 7.40344e-07 0)
(0.795656 -1.00633e-07 0)
(0.79565 -3.55641e-07 0)
(0.795653 6.0163e-08 0)
(0.795653 2.324e-08 0)
(0.795651 2.28373e-07 0)
(0.795655 -5.23669e-07 0)
(0.79565 4.46837e-07 0)
(0.795654 -9.92882e-08 0)
(0.795652 -6.32795e-08 0)
(0.795652 1.86261e-07 0)
(0.795653 3.92615e-08 0)
(0.795651 2.30192e-07 0)
(0.795652 -1.35962e-07 0)
(0.795652 -1.13051e-07 0)
(0.795651 4.00995e-07 0)
(0.795652 1.35475e-07 0)
(0.795651 -2.41407e-07 0)
(0.79565 -3.18642e-08 0)
(0.795651 1.23819e-07 0)
(0.795652 -2.36715e-09 0)
(0.795651 -1.83601e-07 0)
(0.795651 -2.93027e-07 0)
(0.795652 -1.42322e-07 0)
(0.795653 1.68476e-07 0)
(0.795653 1.10903e-07 0)
(0.795653 -3.33398e-07 0)
(0.795653 -4.57757e-07 0)
(0.795653 8.09358e-08 0)
(0.795653 6.50364e-07 0)
(0.795652 5.30007e-07 0)
(0.795652 -9.82131e-08 0)
(0.795651 -4.28127e-07 0)
(0.795651 -7.9597e-08 0)
(0.795651 4.3806e-07 0)
(0.795651 4.32835e-07 0)
(0.795651 -1.3962e-07 0)
(0.795651 -6.63592e-07 0)
(0.795652 -6.12331e-07 0)
(0.795653 -8.71356e-08 0)
(0.795653 3.54469e-07 0)
(0.795653 3.53029e-07 0)
(0.795653 2.6932e-09 0)
(0.795652 -1.52654e-07 0)
(0.795653 -3.38475e-07 0)
(0.795648 8.30651e-07 0)
(0.79566 -3.6468e-07 0)
(0.79564 1.52761e-06 0)
(0.795647 3.53753e-06 0)
(0.87969 0.148168 0)
(1.14157 0.0533778 0)
(0.979246 0.0142411 0)
(0.997483 0.00531701 0)
(0.990143 0.00265128 0)
(0.985172 0.00116815 0)
(0.983446 0.000571554 0)
(0.982566 0.000297961 0)
(0.982085 0.000155727 0)
(0.981832 8.21994e-05 0)
(0.981699 4.33981e-05 0)
(0.981628 2.33923e-05 0)
(0.98159 1.25148e-05 0)
(0.98157 6.63162e-06 0)
(0.981559 3.40555e-06 0)
(0.981553 2.05729e-06 0)
(0.98155 9.32263e-07 0)
(0.981549 5.74206e-07 0)
(0.981547 3.08355e-07 0)
(0.981547 1.21471e-07 0)
(0.981547 2.78289e-07 0)
(0.981547 -3.05848e-07 0)
(0.981546 1.89696e-07 0)
(0.981547 2.71212e-07 0)
(0.981546 -3.29689e-07 0)
(0.981546 1.69094e-07 0)
(0.981547 5.56946e-09 0)
(0.981546 9.26222e-09 0)
(0.981547 2.02653e-07 0)
(0.981546 -3.69041e-07 0)
(0.981546 2.32239e-07 0)
(0.981546 -1.09456e-09 0)
(0.981546 1.66747e-07 0)
(0.981546 -2.89007e-07 0)
(0.981546 1.01248e-07 0)
(0.981547 4.05939e-07 0)
(0.981546 -6.71593e-07 0)
(0.981546 4.04182e-07 0)
(0.981547 9.41285e-08 0)
(0.981545 -3.23293e-07 0)
(0.981546 3.904e-07 0)
(0.981547 2.48463e-08 0)
(0.981546 -7.974e-07 0)
(0.981545 8.01613e-07 0)
(0.981548 1.00672e-07 0)
(0.981546 -9.20542e-07 0)
(0.981545 9.65123e-07 0)
(0.98155 -7.19147e-07 0)
(0.981543 1.13456e-07 0)
(0.981547 5.47477e-07 0)
(0.981549 -1.42259e-06 0)
(0.981542 1.22264e-06 0)
(0.981551 -2.86923e-07 0)
(0.981544 -4.56629e-07 0)
(0.981547 9.00827e-08 0)
(0.981547 -4.23051e-09 0)
(0.981545 3.64564e-07 0)
(0.98155 -8.61707e-07 0)
(0.981543 8.5651e-07 0)
(0.981549 -3.41809e-07 0)
(0.981546 -1.95606e-08 0)
(0.981546 2.87483e-07 0)
(0.981547 4.71767e-08 0)
(0.981545 4.01786e-07 0)
(0.981547 -2.7754e-07 0)
(0.981546 -1.5103e-07 0)
(0.981545 6.51373e-07 0)
(0.981547 1.66596e-07 0)
(0.981546 -3.48018e-07 0)
(0.981545 -3.08759e-08 0)
(0.981546 1.40412e-07 0)
(0.981547 -5.31844e-09 0)
(0.981546 -2.07434e-07 0)
(0.981546 -4.17753e-07 0)
(0.981546 -2.74159e-07 0)
(0.981547 1.94519e-07 0)
(0.981547 1.88054e-07 0)
(0.981547 -4.13202e-07 0)
(0.981546 -6.37875e-07 0)
(0.981546 6.49613e-08 0)
(0.981547 8.62939e-07 0)
(0.981548 7.68077e-07 0)
(0.981547 -6.76329e-08 0)
(0.981546 -5.53667e-07 0)
(0.981545 -1.45335e-07 0)
(0.981546 5.45486e-07 0)
(0.981547 5.8523e-07 0)
(0.981547 -1.49406e-07 0)
(0.981546 -8.65212e-07 0)
(0.981546 -8.47788e-07 0)
(0.981546 -1.74605e-07 0)
(0.981547 4.37231e-07 0)
(0.981547 4.84109e-07 0)
(0.981547 6.36573e-08 0)
(0.981546 -1.66748e-07 0)
(0.981547 -3.36536e-07 0)
(0.98154 1.015e-06 0)
(0.981557 -2.01541e-07 0)
(0.98153 2.32275e-06 0)
(0.981549 4.44841e-06 0)
(0.89628 0.12648 0)
(1.18159 0.0549141 0)
(1.03111 0.0192143 0)
(1.0519 0.00804121 0)
(1.04535 0.00390552 0)
(1.04048 0.00182428 0)
(1.03881 0.000907123 0)
(1.03794 0.000471337 0)
(1.03746 0.000247076 0)
(1.03721 0.000130513 0)
(1.03707 6.89636e-05 0)
(1.037 3.70793e-05 0)
(1.03696 1.98927e-05 0)
(1.03694 1.05001e-05 0)
(1.03693 5.51139e-06 0)
(1.03693 3.22045e-06 0)
(1.03692 1.49602e-06 0)
(1.03692 8.77764e-07 0)
(1.03692 4.73461e-07 0)
(1.03692 2.29325e-07 0)
(1.03692 3.81119e-07 0)
(1.03692 -3.42337e-07 0)
(1.03692 1.40381e-07 0)
(1.03692 3.89307e-07 0)
(1.03692 -3.64737e-07 0)
(1.03692 1.63963e-07 0)
(1.03692 -2.35002e-08 0)
(1.03692 1.98402e-09 0)
(1.03692 3.23746e-07 0)
(1.03692 -5.0725e-07 0)
(1.03692 2.915e-07 0)
(1.03692 -6.09382e-08 0)
(1.03692 2.88391e-07 0)
(1.03692 -3.6071e-07 0)
(1.03692 -3.64872e-08 0)
(1.03692 6.3138e-07 0)
(1.03692 -8.30063e-07 0)
(1.03692 4.25754e-07 0)
(1.03692 1.73263e-07 0)
(1.03692 -4.45233e-07 0)
(1.03692 4.21599e-07 0)
(1.03692 1.7296e-07 0)
(1.03692 -1.02396e-06 0)
(1.03692 9.00156e-07 0)
(1.03692 2.84439e-07 0)
(1.03692 -1.25487e-06 0)
(1.03692 1.25826e-06 0)
(1.03692 -8.77769e-07 0)
(1.03692 5.50849e-08 0)
(1.03692 7.77989e-07 0)
(1.03692 -1.72559e-06 0)
(1.03692 1.44384e-06 0)
(1.03693 -3.31734e-07 0)
(1.03692 -5.52137e-07 0)
(1.03692 1.7686e-07 0)
(1.03692 -1.1944e-07 0)
(1.03692 5.61963e-07 0)
(1.03692 -1.1571e-06 0)
(1.03692 1.17604e-06 0)
(1.03692 -5.35377e-07 0)
(1.03692 2.90441e-08 0)
(1.03692 3.64499e-07 0)
(1.03692 -1.56639e-08 0)
(1.03692 5.03953e-07 0)
(1.03692 -3.63022e-07 0)
(1.03692 -1.91677e-07 0)
(1.03692 8.0955e-07 0)
(1.03692 1.74293e-07 0)
(1.03692 -4.44086e-07 0)
(1.03692 -3.83173e-08 0)
(1.03692 1.73415e-07 0)
(1.03692 6.23445e-09 0)
(1.03692 -2.22174e-07 0)
(1.03692 -4.66411e-07 0)
(1.03692 -3.12623e-07 0)
(1.03692 2.00382e-07 0)
(1.03692 2.02442e-07 0)
(1.03692 -4.2547e-07 0)
(1.03692 -6.61506e-07 0)
(1.03692 6.84187e-08 0)
(1.03692 8.96646e-07 0)
(1.03692 8.04029e-07 0)
(1.03692 -5.0512e-08 0)
(1.03692 -5.57147e-07 0)
(1.03692 -1.48523e-07 0)
(1.03692 5.42434e-07 0)
(1.03692 5.84131e-07 0)
(1.03692 -1.52421e-07 0)
(1.03692 -8.7736e-07 0)
(1.03692 -8.67462e-07 0)
(1.03692 -1.94184e-07 0)
(1.03692 4.29092e-07 0)
(1.03692 4.99084e-07 0)
(1.03692 1.01888e-07 0)
(1.03692 -1.25901e-07 0)
(1.03692 -2.27204e-07 0)
(1.03691 9.927e-07 0)
(1.03693 1.19197e-07 0)
(1.0369 2.44547e-06 0)
(1.03693 4.21064e-06 0)
(0.893057 0.107248 0)
(1.17855 0.0541272 0)
(1.03848 0.0226001 0)
(1.06295 0.0102329 0)
(1.05754 0.00498768 0)
(1.05306 0.00241502 0)
(1.05158 0.00121775 0)
(1.05079 0.00063346 0)
(1.05035 0.000332795 0)
(1.05011 0.000176216 0)
(1.04999 9.34113e-05 0)
(1.04993 4.99012e-05 0)
(1.04989 2.67596e-05 0)
(1.04987 1.42217e-05 0)
(1.04986 7.6159e-06 0)
(1.04986 4.21437e-06 0)
(1.04985 1.99589e-06 0)
(1.04985 1.23936e-06 0)
(1.04985 6.65572e-07 0)
(1.04985 2.82838e-07 0)
(1.04985 3.95588e-07 0)
(1.04985 -2.15365e-07 0)
(1.04985 1.23011e-07 0)
(1.04985 3.92311e-07 0)
(1.04985 -3.99059e-07 0)
(1.04985 2.2031e-07 0)
(1.04985 -2.40417e-09 0)
(1.04985 -1.08845e-07 0)
(1.04985 4.40426e-07 0)
(1.04985 -5.33149e-07 0)
(1.04985 3.63013e-07 0)
(1.04985 -2.09055e-07 0)
(1.04985 4.0628e-07 0)
(1.04985 -2.74536e-07 0)
(1.04985 -2.05534e-07 0)
(1.04985 7.7152e-07 0)
(1.04985 -9.25463e-07 0)
(1.04985 4.56886e-07 0)
(1.04985 2.63919e-07 0)
(1.04985 -5.878e-07 0)
(1.04985 4.03221e-07 0)
(1.04985 3.98202e-07 0)
(1.04985 -1.24173e-06 0)
(1.04985 8.14143e-07 0)
(1.04985 5.96533e-07 0)
(1.04985 -1.54403e-06 0)
(1.04985 1.39979e-06 0)
(1.04985 -9.34486e-07 0)
(1.04985 -4.35086e-08 0)
(1.04985 1.05398e-06 0)
(1.04985 -1.99364e-06 0)
(1.04984 1.46254e-06 0)
(1.04985 -2.10236e-07 0)
(1.04985 -6.21016e-07 0)
(1.04985 2.2083e-07 0)
(1.04985 -2.7249e-07 0)
(1.04985 8.14921e-07 0)
(1.04985 -1.37883e-06 0)
(1.04984 1.35629e-06 0)
(1.04985 -6.99957e-07 0)
(1.04985 8.34808e-08 0)
(1.04985 4.62582e-07 0)
(1.04985 -1.30773e-07 0)
(1.04985 5.34186e-07 0)
(1.04985 -3.72233e-07 0)
(1.04985 -2.19818e-07 0)
(1.04985 8.82188e-07 0)
(1.04985 1.67104e-07 0)
(1.04985 -5.18316e-07 0)
(1.04985 -3.61376e-08 0)
(1.04985 2.06823e-07 0)
(1.04985 1.24934e-08 0)
(1.04985 -2.24555e-07 0)
(1.04985 -4.63824e-07 0)
(1.04985 -3.05637e-07 0)
(1.04985 1.95494e-07 0)
(1.04985 1.99607e-07 0)
(1.04985 -4.05811e-07 0)
(1.04985 -6.27938e-07 0)
(1.04985 5.56424e-08 0)
(1.04985 8.49196e-07 0)
(1.04985 7.63605e-07 0)
(1.04985 -2.90823e-08 0)
(1.04985 -5.14618e-07 0)
(1.04985 -1.48943e-07 0)
(1.04985 4.94781e-07 0)
(1.04985 5.39568e-07 0)
(1.04985 -1.30381e-07 0)
(1.04985 -8.10204e-07 0)
(1.04985 -8.10295e-07 0)
(1.04985 -1.97031e-07 0)
(1.04985 3.88315e-07 0)
(1.04985 4.7401e-07 0)
(1.04985 1.3627e-07 0)
(1.04985 -6.93985e-08 0)
(1.04985 -1.15661e-07 0)
(1.04984 9.16496e-07 0)
(1.04986 3.9381e-07 0)
(1.04983 2.2932e-06 0)
(1.04986 3.66882e-06 0)
(0.886744 0.0909421 0)
(1.16714 0.052092 0)
(1.03513 0.0245881 0)
(1.06315 0.0118327 0)
(1.059 0.00586316 0)
(1.05506 0.00291491 0)
(1.05383 0.00148887 0)
(1.05316 0.000777533 0)
(1.05278 0.000409439 0)
(1.05257 0.000217001 0)
(1.05246 0.000115534 0)
(1.05241 6.16848e-05 0)
(1.05237 3.29856e-05 0)
(1.05236 1.74313e-05 0)
(1.05235 9.51161e-06 0)
(1.05234 5.20795e-06 0)
(1.05234 2.48074e-06 0)
(1.05234 1.49874e-06 0)
(1.05234 8.28969e-07 0)
(1.05234 3.912e-07 0)
(1.05234 3.76975e-07 0)
(1.05234 -1.41589e-07 0)
(1.05234 6.57669e-08 0)
(1.05234 4.42105e-07 0)
(1.05234 -3.86563e-07 0)
(1.05234 2.11924e-07 0)
(1.05234 4.1864e-08 0)
(1.05234 -2.08141e-07 0)
(1.05234 5.64991e-07 0)
(1.05234 -6.06153e-07 0)
(1.05234 3.81332e-07 0)
(1.05234 -3.23783e-07 0)
(1.05234 5.49063e-07 0)
(1.05234 -2.27655e-07 0)
(1.05234 -4.76871e-07 0)
(1.05234 9.7877e-07 0)
(1.05234 -8.75801e-07 0)
(1.05234 3.59724e-07 0)
(1.05234 3.02452e-07 0)
(1.05234 -6.28091e-07 0)
(1.05234 3.78468e-07 0)
(1.05234 6.24047e-07 0)
(1.05234 -1.4606e-06 0)
(1.05234 6.67673e-07 0)
(1.05234 1.00444e-06 0)
(1.05234 -1.83246e-06 0)
(1.05234 1.43071e-06 0)
(1.05234 -8.54548e-07 0)
(1.05234 -1.99603e-07 0)
(1.05234 1.32209e-06 0)
(1.05234 -2.20081e-06 0)
(1.05233 1.37954e-06 0)
(1.05234 -1.33499e-08 0)
(1.05234 -7.02457e-07 0)
(1.05234 2.38888e-07 0)
(1.05234 -4.16185e-07 0)
(1.05234 1.08846e-06 0)
(1.05234 -1.55236e-06 0)
(1.05233 1.43514e-06 0)
(1.05234 -8.17571e-07 0)
(1.05234 1.36521e-07 0)
(1.05234 5.77349e-07 0)
(1.05234 -2.65846e-07 0)
(1.05234 5.20959e-07 0)
(1.05234 -3.21786e-07 0)
(1.05234 -2.36689e-07 0)
(1.05234 8.99205e-07 0)
(1.05234 1.60383e-07 0)
(1.05234 -5.68367e-07 0)
(1.05234 -3.19415e-08 0)
(1.05234 2.50641e-07 0)
(1.05234 1.53271e-08 0)
(1.05234 -2.45609e-07 0)
(1.05234 -4.51889e-07 0)
(1.05234 -2.80118e-07 0)
(1.05234 1.92574e-07 0)
(1.05234 1.85114e-07 0)
(1.05234 -3.89325e-07 0)
(1.05234 -5.88288e-07 0)
(1.05234 6.3539e-08 0)
(1.05234 7.98952e-07 0)
(1.05234 7.13493e-07 0)
(1.05234 -2.90985e-08 0)
(1.05234 -4.76611e-07 0)
(1.05234 -1.41579e-07 0)
(1.05234 4.51498e-07 0)
(1.05234 4.98409e-07 0)
(1.05234 -1.13036e-07 0)
(1.05234 -7.38295e-07 0)
(1.05234 -7.47586e-07 0)
(1.05234 -1.94464e-07 0)
(1.05234 3.48978e-07 0)
(1.05234 4.47559e-07 0)
(1.05234 1.65639e-07 0)
(1.05234 -1.71793e-08 0)
(1.05234 -1.96729e-08 0)
(1.05233 8.43808e-07 0)
(1.05235 5.97143e-07 0)
(1.05232 2.09614e-06 0)
(1.05235 3.15519e-06 0)
(0.881072 0.077166 0)
(1.15605 0.0492746 0)
(1.03007 0.0254566 0)
(1.06114 0.0128734 0)
(1.05825 0.00651519 0)
(1.05489 0.00331022 0)
(1.05395 0.00171126 0)
(1.05343 0.000897896 0)
(1.05311 0.000474163 0)
(1.05294 0.000251908 0)
(1.05285 0.000134625 0)
(1.0528 7.16438e-05 0)
(1.05278 3.82065e-05 0)
(1.05276 2.03303e-05 0)
(1.05276 1.12543e-05 0)
(1.05275 5.95488e-06 0)
(1.05275 2.82309e-06 0)
(1.05275 1.79462e-06 0)
(1.05275 1.06183e-06 0)
(1.05275 4.39238e-07 0)
(1.05275 2.41001e-07 0)
(1.05275 2.915e-08 0)
(1.05275 1.20124e-07 0)
(1.05275 4.18555e-07 0)
(1.05275 -5.20971e-07 0)
(1.05275 2.33436e-07 0)
(1.05275 2.71179e-07 0)
(1.05275 -3.96755e-07 0)
(1.05275 4.80746e-07 0)
(1.05275 -5.53746e-07 0)
(1.05275 5.88239e-07 0)
(1.05275 -5.10144e-07 0)
(1.05275 4.63718e-07 0)
(1.05275 -6.54547e-08 0)
(1.05275 -5.89733e-07 0)
(1.05275 1.10545e-06 0)
(1.05275 -9.24443e-07 0)
(1.05275 2.51827e-07 0)
(1.05275 4.4006e-07 0)
(1.05275 -6.12374e-07 0)
(1.05275 1.80074e-07 0)
(1.05275 8.32965e-07 0)
(1.05275 -1.49598e-06 0)
(1.05275 4.58524e-07 0)
(1.05275 1.3759e-06 0)
(1.05275 -2.10349e-06 0)
(1.05275 1.44229e-06 0)
(1.05275 -6.61099e-07 0)
(1.05275 -4.48073e-07 0)
(1.05275 1.53462e-06 0)
(1.05275 -2.27071e-06 0)
(1.05274 1.25022e-06 0)
(1.05275 1.93368e-07 0)
(1.05275 -7.95017e-07 0)
(1.05275 2.46125e-07 0)
(1.05275 -5.37902e-07 0)
(1.05275 1.34349e-06 0)
(1.05275 -1.69736e-06 0)
(1.05274 1.44757e-06 0)
(1.05275 -8.8182e-07 0)
(1.05275 1.86307e-07 0)
(1.05275 6.97925e-07 0)
(1.05275 -4.12177e-07 0)
(1.05275 4.69518e-07 0)
(1.05275 -2.25029e-07 0)
(1.05275 -2.35618e-07 0)
(1.05275 8.73531e-07 0)
(1.05275 1.50252e-07 0)
(1.05275 -5.96724e-07 0)
(1.05275 -2.18881e-08 0)
(1.05275 2.92984e-07 0)
(1.05275 8.50673e-09 0)
(1.05275 -2.7903e-07 0)
(1.05275 -4.35606e-07 0)
(1.05275 -2.38534e-07 0)
(1.05275 1.92942e-07 0)
(1.05275 1.56165e-07 0)
(1.05275 -3.85085e-07 0)
(1.05275 -5.45668e-07 0)
(1.05275 8.13731e-08 0)
(1.05275 7.57601e-07 0)
(1.05275 6.58894e-07 0)
(1.05275 -3.58674e-08 0)
(1.05275 -4.42923e-07 0)
(1.05275 -1.25076e-07 0)
(1.05275 4.21421e-07 0)
(1.05275 4.60406e-07 0)
(1.05275 -1.05908e-07 0)
(1.05275 -6.80627e-07 0)
(1.05275 -6.90963e-07 0)
(1.05275 -1.84822e-07 0)
(1.05275 3.2018e-07 0)
(1.05275 4.25345e-07 0)
(1.05275 1.87163e-07 0)
(1.05275 2.66873e-08 0)
(1.05275 5.88745e-08 0)
(1.05274 7.87687e-07 0)
(1.05276 7.43113e-07 0)
(1.05273 1.91652e-06 0)
(1.05276 2.73097e-06 0)
(0.876509 0.065608 0)
(1.14673 0.0459916 0)
(1.0252 0.0254609 0)
(1.05879 0.0134209 0)
(1.05708 0.00694435 0)
(1.05433 0.00359494 0)
(1.0537 0.00187899 0)
(1.05332 0.00099136 0)
(1.05308 0.000525646 0)
(1.05296 0.000279752 0)
(1.05289 0.000149505 0)
(1.05285 7.9634e-05 0)
(1.05283 4.26561e-05 0)
(1.05282 2.26886e-05 0)
(1.05281 1.24203e-05 0)
(1.05281 6.56602e-06 0)
(1.05281 3.27009e-06 0)
(1.05281 2.00076e-06 0)
(1.05281 1.11342e-06 0)
(1.05281 4.92903e-07 0)
(1.05281 2.18864e-07 0)
(1.05281 1.87687e-07 0)
(1.05281 4.67606e-08 0)
(1.05281 4.18883e-07 0)
(1.05281 -5.34397e-07 0)
(1.05281 1.76939e-07 0)
(1.05281 4.82767e-07 0)
(1.05281 -5.48089e-07 0)
(1.05281 3.95152e-07 0)
(1.05281 -4.85704e-07 0)
(1.05281 8.06552e-07 0)
(1.05281 -6.85922e-07 0)
(1.05281 3.06303e-07 0)
(1.05281 1.60915e-07 0)
(1.05281 -6.26872e-07 0)
(1.05281 1.12257e-06 0)
(1.05281 -1.00406e-06 0)
(1.05281 1.68077e-07 0)
(1.05281 6.25521e-07 0)
(1.05281 -5.636e-07 0)
(1.05281 -1.37393e-07 0)
(1.05281 1.01539e-06 0)
(1.05281 -1.33659e-06 0)
(1.05281 1.4868e-07 0)
(1.05281 1.6426e-06 0)
(1.05281 -2.31205e-06 0)
(1.0528 1.44308e-06 0)
(1.05281 -3.88222e-07 0)
(1.0528 -7.75707e-07 0)
(1.05281 1.67402e-06 0)
(1.05281 -2.18708e-06 0)
(1.0528 1.08741e-06 0)
(1.05281 3.60687e-07 0)
(1.0528 -8.91626e-07 0)
(1.05281 2.71489e-07 0)
(1.05281 -6.20155e-07 0)
(1.0528 1.54545e-06 0)
(1.05281 -1.83036e-06 0)
(1.0528 1.43271e-06 0)
(1.05281 -8.87435e-07 0)
(1.05281 2.16549e-07 0)
(1.05281 8.0709e-07 0)
(1.05281 -5.52503e-07 0)
(1.05281 3.96239e-07 0)
(1.05281 -9.52981e-08 0)
(1.05281 -2.18642e-07 0)
(1.05281 8.08889e-07 0)
(1.05281 1.34773e-07 0)
(1.05281 -5.99759e-07 0)
(1.05281 -5.44533e-09 0)
(1.05281 3.2574e-07 0)
(1.05281 -6.97291e-09 0)
(1.05281 -3.14651e-07 0)
(1.05281 -4.13031e-07 0)
(1.05281 -1.87198e-07 0)
(1.05281 1.92376e-07 0)
(1.05281 1.17381e-07 0)
(1.05281 -3.88095e-07 0)
(1.05281 -5.01089e-07 0)
(1.05281 1.06978e-07 0)
(1.05281 7.23003e-07 0)
(1.05281 6.0286e-07 0)
(1.05281 -5.04118e-08 0)
(1.05281 -4.13153e-07 0)
(1.05281 -1.03773e-07 0)
(1.05281 4.00757e-07 0)
(1.05281 4.25268e-07 0)
(1.05281 -1.05065e-07 0)
(1.05281 -6.34908e-07 0)
(1.05281 -6.40507e-07 0)
(1.05281 -1.70785e-07 0)
(1.05281 2.99726e-07 0)
(1.05281 4.06756e-07 0)
(1.05281 2.02999e-07 0)
(1.05281 6.28955e-08 0)
(1.05281 1.21869e-07 0)
(1.0528 7.45287e-07 0)
(1.05282 8.43829e-07 0)
(1.05279 1.76154e-06 0)
(1.05281 2.39326e-06 0)
(0.872913 0.055867 0)
(1.1391 0.0424243 0)
(1.02083 0.0248032 0)
(1.05648 0.0135448 0)
(1.05585 0.00716037 0)
(1.05369 0.00376855 0)
(1.05337 0.00198987 0)
(1.05315 0.00105604 0)
(1.053 0.000562388 0)
(1.05291 0.000299714 0)
(1.05287 0.000159996 0)
(1.05284 8.55155e-05 0)
(1.05283 4.60575e-05 0)
(1.05282 2.4407e-05 0)
(1.05282 1.31148e-05 0)
(1.05282 7.01774e-06 0)
(1.05281 3.73846e-06 0)
(1.05281 2.13274e-06 0)
(1.05281 1.02644e-06 0)
(1.05281 5.35438e-07 0)
(1.05281 2.85873e-07 0)
(1.05281 3.41288e-07 0)
(1.05281 -1.5772e-07 0)
(1.05281 4.21277e-07 0)
(1.05281 -3.60668e-07 0)
(1.05281 5.74252e-08 0)
(1.05281 5.68159e-07 0)
(1.05281 -6.41981e-07 0)
(1.05281 3.9781e-07 0)
(1.05281 -4.68337e-07 0)
(1.05281 9.23292e-07 0)
(1.05281 -7.9506e-07 0)
(1.05281 1.64259e-07 0)
(1.05281 3.77257e-07 0)
(1.05281 -6.4927e-07 0)
(1.05281 1.07698e-06 0)
(1.05281 -1.04986e-06 0)
(1.05281 9.33122e-08 0)
(1.05281 7.93345e-07 0)
(1.05281 -4.58083e-07 0)
(1.05281 -5.1434e-07 0)
(1.05281 1.14919e-06 0)
(1.05281 -1.00888e-06 0)
(1.05281 -2.15387e-07 0)
(1.05281 1.7924e-06 0)
(1.05281 -2.43347e-06 0)
(1.05281 1.43521e-06 0)
(1.05282 -6.37106e-08 0)
(1.05281 -1.15493e-06 0)
(1.05281 1.73204e-06 0)
(1.05282 -1.96755e-06 0)
(1.05281 9.09288e-07 0)
(1.05282 4.54204e-07 0)
(1.05281 -9.85077e-07 0)
(1.05281 3.29826e-07 0)
(1.05282 -6.61629e-07 0)
(1.05281 1.6827e-06 0)
(1.05282 -1.95708e-06 0)
(1.05281 1.41519e-06 0)
(1.05282 -8.37984e-07 0)
(1.05281 2.10772e-07 0)
(1.05281 8.94285e-07 0)
(1.05281 -6.707e-07 0)
(1.05281 3.15175e-07 0)
(1.05281 4.89192e-08 0)
(1.05281 -1.91985e-07 0)
(1.05281 7.13405e-07 0)
(1.05281 1.15723e-07 0)
(1.05281 -5.78022e-07 0)
(1.05281 1.49918e-08 0)
(1.05281 3.45666e-07 0)
(1.05281 -2.92916e-08 0)
(1.05281 -3.48355e-07 0)
(1.05281 -3.84349e-07 0)
(1.05281 -1.32525e-07 0)
(1.05281 1.88503e-07 0)
(1.05281 7.27168e-08 0)
(1.05281 -3.94365e-07 0)
(1.05281 -4.54825e-07 0)
(1.05281 1.38488e-07 0)
(1.05281 6.9296e-07 0)
(1.05281 5.46724e-07 0)
(1.05281 -6.94316e-08 0)
(1.05281 -3.85857e-07 0)
(1.05281 -7.91514e-08 0)
(1.05281 3.8711e-07 0)
(1.05281 3.93205e-07 0)
(1.05281 -1.09344e-07 0)
(1.05281 -5.98585e-07 0)
(1.05281 -5.95679e-07 0)
(1.05281 -1.54455e-07 0)
(1.05281 2.85427e-07 0)
(1.05281 3.91134e-07 0)
(1.05281 2.1461e-07 0)
(1.05281 9.22398e-08 0)
(1.05281 1.71905e-07 0)
(1.05281 7.12651e-07 0)
(1.05283 9.09869e-07 0)
(1.0528 1.62825e-06 0)
(1.05282 2.12675e-06 0)
(0.870087 0.0475797 0)
(1.13289 0.0386927 0)
(1.01698 0.0236417 0)
(1.05431 0.0133096 0)
(1.05464 0.00717776 0)
(1.05304 0.00383408 0)
(1.05303 0.00204393 0)
(1.05297 0.00109082 0)
(1.0529 0.00058306 0)
(1.05286 0.000311426 0)
(1.05284 0.000166305 0)
(1.05283 8.90245e-05 0)
(1.05282 4.80559e-05 0)
(1.05282 2.55188e-05 0)
(1.05282 1.35365e-05 0)
(1.05282 7.24847e-06 0)
(1.05281 4.09246e-06 0)
(1.05282 2.23799e-06 0)
(1.05281 8.97824e-07 0)
(1.05281 5.82217e-07 0)
(1.05281 3.79382e-07 0)
(1.05281 5.0742e-07 0)
(1.05281 -4.08863e-07 0)
(1.05281 3.63363e-07 0)
(1.05281 -6.23601e-08 0)
(1.05281 -5.95863e-08 0)
(1.05281 4.8976e-07 0)
(1.05281 -6.92568e-07 0)
(1.05282 5.51176e-07 0)
(1.05281 -4.79411e-07 0)
(1.05281 8.62228e-07 0)
(1.05281 -8.09486e-07 0)
(1.05281 1.14511e-07 0)
(1.05281 5.47854e-07 0)
(1.05281 -7.24709e-07 0)
(1.05282 1.00417e-06 0)
(1.05281 -9.74621e-07 0)
(1.05282 3.73835e-08 0)
(1.05282 8.41369e-07 0)
(1.05281 -3.08708e-07 0)
(1.05282 -8.65068e-07 0)
(1.05281 1.21972e-06 0)
(1.05281 -6.02345e-07 0)
(1.05282 -6.08159e-07 0)
(1.05281 1.86785e-06 0)
(1.05281 -2.44982e-06 0)
(1.05281 1.40241e-06 0)
(1.05282 2.7977e-07 0)
(1.05281 -1.55528e-06 0)
(1.05281 1.70892e-06 0)
(1.05282 -1.63771e-06 0)
(1.05281 7.35409e-07 0)
(1.05282 4.75339e-07 0)
(1.05281 -1.0672e-06 0)
(1.05281 4.20213e-07 0)
(1.05282 -6.68855e-07 0)
(1.05281 1.75645e-06 0)
(1.05282 -2.08374e-06 0)
(1.05281 1.40499e-06 0)
(1.05282 -7.37557e-07 0)
(1.05281 1.65469e-07 0)
(1.05281 9.51687e-07 0)
(1.05282 -7.54106e-07 0)
(1.05281 2.35091e-07 0)
(1.05281 1.94682e-07 0)
(1.05282 -1.61025e-07 0)
(1.05281 5.96898e-07 0)
(1.05281 9.56577e-08 0)
(1.05281 -5.33608e-07 0)
(1.05281 3.90484e-08 0)
(1.05282 3.5073e-07 0)
(1.05282 -5.80731e-08 0)
(1.05281 -3.76895e-07 0)
(1.05281 -3.49864e-07 0)
(1.05281 -7.8652e-08 0)
(1.05282 1.7993e-07 0)
(1.05282 2.33786e-08 0)
(1.05281 -4.01397e-07 0)
(1.05281 -4.0667e-07 0)
(1.05281 1.72748e-07 0)
(1.05282 6.65279e-07 0)
(1.05282 4.90882e-07 0)
(1.05281 -9.00038e-08 0)
(1.05281 -3.59567e-07 0)
(1.05281 -5.22e-08 0)
(1.05281 3.78301e-07 0)
(1.05282 3.63146e-07 0)
(1.05282 -1.17812e-07 0)
(1.05281 -5.69651e-07 0)
(1.05281 -5.55517e-07 0)
(1.05281 -1.36738e-07 0)
(1.05281 2.75724e-07 0)
(1.05282 3.77667e-07 0)
(1.05282 2.22504e-07 0)
(1.05281 1.15787e-07 0)
(1.05282 2.11243e-07 0)
(1.05281 6.86968e-07 0)
(1.05283 9.501e-07 0)
(1.0528 1.51284e-06 0)
(1.05282 1.91603e-06 0)
(0.867869 0.0404565 0)
(1.12784 0.034882 0)
(1.01361 0.0220991 0)
(1.0523 0.0127724 0)
(1.05348 0.00701429 0)
(1.05241 0.00379676 0)
(1.05268 0.00204214 0)
(1.05279 0.00109559 0)
(1.0528 0.000587338 0)
(1.05281 0.000314595 0)
(1.05281 0.000168331 0)
(1.05281 9.00816e-05 0)
(1.05281 4.85291e-05 0)
(1.05281 2.59429e-05 0)
(1.05281 1.37422e-05 0)
(1.05281 7.27709e-06 0)
(1.05281 4.18998e-06 0)
(1.05282 2.30591e-06 0)
(1.05281 8.25649e-07 0)
(1.05281 6.36154e-07 0)
(1.05281 3.51733e-07 0)
(1.05281 6.49227e-07 0)
(1.05281 -5.395e-07 0)
(1.05281 2.38417e-07 0)
(1.05281 2.1238e-07 0)
(1.05281 -1.26926e-07 0)
(1.05281 3.6671e-07 0)
(1.05281 -7.4915e-07 0)
(1.05282 7.90899e-07 0)
(1.05281 -4.85124e-07 0)
(1.05281 6.44366e-07 0)
(1.05281 -7.4706e-07 0)
(1.05282 1.73193e-07 0)
(1.05281 6.58595e-07 0)
(1.05281 -8.7068e-07 0)
(1.05282 9.17444e-07 0)
(1.05281 -7.73766e-07 0)
(1.05282 7.34163e-09 0)
(1.05282 7.20955e-07 0)
(1.05281 -1.21622e-07 0)
(1.05282 -1.09563e-06 0)
(1.05281 1.2174e-06 0)
(1.05281 -2.07914e-07 0)
(1.05282 -1.01213e-06 0)
(1.05281 1.9262e-06 0)
(1.05281 -2.35429e-06 0)
(1.05281 1.28832e-06 0)
(1.05282 6.12573e-07 0)
(1.05281 -1.91484e-06 0)
(1.05281 1.63085e-06 0)
(1.05282 -1.25045e-06 0)
(1.05281 5.61655e-07 0)
(1.05282 4.40595e-07 0)
(1.05281 -1.13208e-06 0)
(1.05281 5.30721e-07 0)
(1.05282 -6.53209e-07 0)
(1.05281 1.77719e-06 0)
(1.05282 -2.2142e-06 0)
(1.05281 1.40629e-06 0)
(1.05282 -5.90082e-07 0)
(1.05282 7.95457e-08 0)
(1.05281 9.73441e-07 0)
(1.05282 -7.95306e-07 0)
(1.05281 1.63973e-07 0)
(1.05281 3.30935e-07 0)
(1.05282 -1.3101e-07 0)
(1.05281 4.68571e-07 0)
(1.05281 7.74531e-08 0)
(1.05281 -4.69872e-07 0)
(1.05281 6.58006e-08 0)
(1.05282 3.4075e-07 0)
(1.05282 -9.28935e-08 0)
(1.05281 -3.98052e-07 0)
(1.05281 -3.10355e-07 0)
(1.05281 -2.80259e-08 0)
(1.05282 1.66033e-07 0)
(1.05282 -2.86205e-08 0)
(1.05281 -4.07004e-07 0)
(1.05281 -3.56844e-07 0)
(1.05281 2.07538e-07 0)
(1.05282 6.38322e-07 0)
(1.05282 4.35829e-07 0)
(1.05281 -1.10582e-07 0)
(1.05281 -3.33412e-07 0)
(1.05281 -2.34836e-08 0)
(1.05282 3.72505e-07 0)
(1.05282 3.34256e-07 0)
(1.05282 -1.2931e-07 0)
(1.05281 -5.46256e-07 0)
(1.05281 -5.19103e-07 0)
(1.05281 -1.18333e-07 0)
(1.05281 2.69248e-07 0)
(1.05282 3.65611e-07 0)
(1.05282 2.27169e-07 0)
(1.05281 1.34381e-07 0)
(1.05282 2.41827e-07 0)
(1.05281 6.66091e-07 0)
(1.05283 9.71125e-07 0)
(1.0528 1.41193e-06 0)
(1.05282 1.7484e-06 0)
(0.866129 0.0342665 0)
(1.12374 0.0310502 0)
(1.0107 0.0202697 0)
(1.05048 0.0119837 0)
(1.05239 0.00668918 0)
(1.0518 0.0036636 0)
(1.05235 0.00198648 0)
(1.05261 0.00107105 0)
(1.05271 0.000575721 0)
(1.05276 0.000309121 0)
(1.05279 0.000165891 0)
(1.0528 8.87467e-05 0)
(1.05281 4.75966e-05 0)
(1.05281 2.55609e-05 0)
(1.05281 1.37105e-05 0)
(1.05281 7.16073e-06 0)
(1.05281 4.01302e-06 0)
(1.05281 2.29524e-06 0)
(1.05281 8.3142e-07 0)
(1.05281 7.37091e-07 0)
(1.05281 1.75149e-07 0)
(1.05281 7.00659e-07 0)
(1.05281 -4.6313e-07 0)
(1.05281 1.05953e-07 0)
(1.05281 3.34993e-07 0)
(1.05281 -1.47518e-07 0)
(1.05281 3.30198e-07 0)
(1.05281 -8.38263e-07 0)
(1.05282 9.83011e-07 0)
(1.05281 -4.57436e-07 0)
(1.05281 3.91123e-07 0)
(1.05281 -6.46406e-07 0)
(1.05282 2.79863e-07 0)
(1.05281 7.18835e-07 0)
(1.05281 -1.04623e-06 0)
(1.05282 8.01428e-07 0)
(1.05281 -4.98026e-07 0)
(1.05282 2.08728e-08 0)
(1.05282 4.43042e-07 0)
(1.05281 8.19242e-08 0)
(1.05282 -1.17117e-06 0)
(1.05281 1.13205e-06 0)
(1.05281 1.53415e-07 0)
(1.05282 -1.40615e-06 0)
(1.05281 1.97846e-06 0)
(1.05281 -2.15266e-06 0)
(1.05281 1.06287e-06 0)
(1.05282 9.04364e-07 0)
(1.05281 -2.16755e-06 0)
(1.05281 1.52334e-06 0)
(1.05282 -8.69263e-07 0)
(1.05281 3.77083e-07 0)
(1.05282 3.77509e-07 0)
(1.05281 -1.16764e-06 0)
(1.05281 6.50413e-07 0)
(1.05282 -6.29455e-07 0)
(1.05281 1.76111e-06 0)
(1.05282 -2.34395e-06 0)
(1.05281 1.41664e-06 0)
(1.05282 -4.02907e-07 0)
(1.05282 -4.29703e-08 0)
(1.05281 9.57869e-07 0)
(1.05282 -7.91548e-07 0)
(1.05281 1.08072e-07 0)
(1.05281 4.45431e-07 0)
(1.05282 -1.0687e-07 0)
(1.05281 3.37054e-07 0)
(1.05281 6.36589e-08 0)
(1.05281 -3.91828e-07 0)
(1.05281 9.10677e-08 0)
(1.05282 3.16284e-07 0)
(1.05282 -1.30926e-07 0)
(1.05281 -4.09975e-07 0)
(1.05281 -2.66901e-07 0)
(1.05281 1.83745e-08 0)
(1.05282 1.46588e-07 0)
(1.05282 -8.03472e-08 0)
(1.05281 -4.09392e-07 0)
(1.05281 -3.05772e-07 0)
(1.05281 2.4123e-07 0)
(1.05282 6.10991e-07 0)
(1.05282 3.82105e-07 0)
(1.05281 -1.29828e-07 0)
(1.05281 -3.06809e-07 0)
(1.05281 6.33898e-09 0)
(1.05282 3.68309e-07 0)
(1.05282 3.06062e-07 0)
(1.05282 -1.42872e-07 0)
(1.05281 -5.26923e-07 0)
(1.05281 -4.85751e-07 0)
(1.05281 -9.98189e-08 0)
(1.05281 2.64904e-07 0)
(1.05282 3.54409e-07 0)
(1.05282 2.29081e-07 0)
(1.05281 1.48694e-07 0)
(1.05282 2.64779e-07 0)
(1.05281 6.48243e-07 0)
(1.05283 9.77774e-07 0)
(1.0528 1.32269e-06 0)
(1.05282 1.61364e-06 0)
(0.864766 0.0288226 0)
(1.12042 0.0272349 0)
(1.00821 0.0182263 0)
(1.04885 0.0109872 0)
(1.0514 0.00622185 0)
(1.05123 0.00344296 0)
(1.05204 0.00188021 0)
(1.05244 0.00101851 0)
(1.05261 0.000548994 0)
(1.05271 0.00029525 0)
(1.05276 0.00015888 0)
(1.05278 8.50505e-05 0)
(1.0528 4.54654e-05 0)
(1.05281 2.43747e-05 0)
(1.05281 1.33299e-05 0)
(1.05281 6.9205e-06 0)
(1.05281 3.67089e-06 0)
(1.05281 2.18657e-06 0)
(1.05281 8.53937e-07 0)
(1.05281 8.96425e-07 0)
(1.05281 -7.78509e-08 0)
(1.05281 6.18381e-07 0)
(1.05281 -2.11295e-07 0)
(1.05281 2.59628e-08 0)
(1.05281 2.75817e-07 0)
(1.05282 -1.71435e-07 0)
(1.05281 4.2434e-07 0)
(1.05281 -9.23745e-07 0)
(1.05282 1.03015e-06 0)
(1.05281 -4.04666e-07 0)
(1.05281 2.11029e-07 0)
(1.05281 -5.36284e-07 0)
(1.05282 3.37629e-07 0)
(1.05281 7.29156e-07 0)
(1.05281 -1.15187e-06 0)
(1.05282 6.70515e-07 0)
(1.05281 -2.37305e-07 0)
(1.05282 8.86251e-08 0)
(1.05282 7.48394e-08 0)
(1.05281 2.72807e-07 0)
(1.05282 -1.09256e-06 0)
(1.05282 9.70084e-07 0)
(1.05281 4.69371e-07 0)
(1.05282 -1.78091e-06 0)
(1.05281 2.02152e-06 0)
(1.05281 -1.85174e-06 0)
(1.05282 7.4069e-07 0)
(1.05282 1.13003e-06 0)
(1.05281 -2.29236e-06 0)
(1.05281 1.39762e-06 0)
(1.05282 -5.29916e-07 0)
(1.05281 1.82356e-07 0)
(1.05282 3.13685e-07 0)
(1.05281 -1.16083e-06 0)
(1.05281 7.60014e-07 0)
(1.05282 -6.16537e-07 0)
(1.05281 1.72727e-06 0)
(1.05282 -2.45812e-06 0)
(1.05281 1.42959e-06 0)
(1.05282 -1.90298e-07 0)
(1.05282 -1.90622e-07 0)
(1.05281 9.07056e-07 0)
(1.05282 -7.44048e-07 0)
(1.05281 7.06623e-08 0)
(1.05281 5.32324e-07 0)
(1.05282 -9.12095e-08 0)
(1.05281 2.12123e-07 0)
(1.05281 5.66307e-08 0)
(1.05281 -3.04619e-07 0)
(1.05281 1.12083e-07 0)
(1.05282 2.79216e-07 0)
(1.05282 -1.68909e-07 0)
(1.05281 -4.11916e-07 0)
(1.05281 -2.20929e-07 0)
(1.05281 5.82155e-08 0)
(1.05282 1.21766e-07 0)
(1.05282 -1.30225e-07 0)
(1.05281 -4.07739e-07 0)
(1.05281 -2.53981e-07 0)
(1.05281 2.72527e-07 0)
(1.05282 5.82613e-07 0)
(1.05282 3.30247e-07 0)
(1.05281 -1.467e-07 0)
(1.05281 -2.79397e-07 0)
(1.05281 3.60656e-08 0)
(1.05282 3.64507e-07 0)
(1.05282 2.78257e-07 0)
(1.05282 -1.57814e-07 0)
(1.05281 -5.10546e-07 0)
(1.05281 -4.54941e-07 0)
(1.05281 -8.16441e-08 0)
(1.05281 2.61839e-07 0)
(1.05282 3.43639e-07 0)
(1.05282 2.28659e-07 0)
(1.05281 1.59391e-07 0)
(1.05282 2.80884e-07 0)
(1.05281 6.31947e-07 0)
(1.05283 9.7359e-07 0)
(1.0528 1.24274e-06 0)
(1.05282 1.50364e-06 0)
(0.863704 0.0239731 0)
(1.11775 0.0234582 0)
(1.0061 0.0160245 0)
(1.04744 0.00982077 0)
(1.0505 0.0056313 0)
(1.05071 0.00314414 0)
(1.05174 0.00172767 0)
(1.05228 0.000939834 0)
(1.05253 0.000508064 0)
(1.05266 0.000273527 0)
(1.05273 0.000147421 0)
(1.05277 7.90263e-05 0)
(1.05279 4.22475e-05 0)
(1.0528 2.25112e-05 0)
(1.05281 1.24864e-05 0)
(1.05281 6.53494e-06 0)
(1.05281 3.28018e-06 0)
(1.05281 2.00482e-06 0)
(1.05281 8.08833e-07 0)
(1.05281 1.07312e-06 0)
(1.05281 -2.91097e-07 0)
(1.05281 4.17371e-07 0)
(1.05281 8.64768e-08 0)
(1.05281 2.86745e-08 0)
(1.05281 1.14368e-07 0)
(1.05282 -2.50427e-07 0)
(1.05281 6.30856e-07 0)
(1.05281 -9.40339e-07 0)
(1.05282 9.15801e-07 0)
(1.05281 -3.64216e-07 0)
(1.05281 1.37155e-07 0)
(1.05281 -4.03158e-07 0)
(1.05282 2.9645e-07 0)
(1.05281 6.81698e-07 0)
(1.05281 -1.11042e-06 0)
(1.05282 5.49639e-07 0)
(1.05281 -7.67078e-08 0)
(1.05282 2.11236e-07 0)
(1.05282 -3.02883e-07 0)
(1.05281 4.31019e-07 0)
(1.05282 -9.06521e-07 0)
(1.05282 7.39364e-07 0)
(1.05281 7.361e-07 0)
(1.05282 -2.105e-06 0)
(1.05281 2.0507e-06 0)
(1.05281 -1.46261e-06 0)
(1.05282 3.44111e-07 0)
(1.05282 1.27413e-06 0)
(1.05281 -2.28595e-06 0)
(1.05281 1.2679e-06 0)
(1.05282 -2.47257e-07 0)
(1.05281 -2.32502e-08 0)
(1.05282 2.6547e-07 0)
(1.05281 -1.10521e-06 0)
(1.05282 8.37639e-07 0)
(1.05282 -6.32854e-07 0)
(1.05281 1.69951e-06 0)
(1.05282 -2.54116e-06 0)
(1.05281 1.43517e-06 0)
(1.05282 3.32249e-08 0)
(1.05282 -3.53153e-07 0)
(1.05281 8.25016e-07 0)
(1.05282 -6.57657e-07 0)
(1.05281 5.20999e-08 0)
(1.05281 5.88289e-07 0)
(1.05282 -8.55188e-08 0)
(1.05281 1.01317e-07 0)
(1.05281 5.823e-08 0)
(1.05281 -2.13564e-07 0)
(1.05281 1.27372e-07 0)
(1.05282 2.32027e-07 0)
(1.05282 -2.04733e-07 0)
(1.05281 -4.04131e-07 0)
(1.05281 -1.74098e-07 0)
(1.05281 8.95203e-08 0)
(1.05282 9.24655e-08 0)
(1.05281 -1.76939e-07 0)
(1.05281 -4.01595e-07 0)
(1.05281 -2.02199e-07 0)
(1.05281 3.00467e-07 0)
(1.05282 5.52866e-07 0)
(1.05282 2.80769e-07 0)
(1.05281 -1.60486e-07 0)
(1.05281 -2.5112e-07 0)
(1.05281 6.49019e-08 0)
(1.05282 3.60293e-07 0)
(1.05282 2.50679e-07 0)
(1.05282 -1.73569e-07 0)
(1.05281 -4.96302e-07 0)
(1.05281 -4.26291e-07 0)
(1.05281 -6.41688e-08 0)
(1.05281 2.59366e-07 0)
(1.05282 3.32975e-07 0)
(1.05282 2.26267e-07 0)
(1.05281 1.67087e-07 0)
(1.05282 2.92923e-07 0)
(1.05281 6.1662e-07 0)
(1.05283 9.61217e-07 0)
(1.0528 1.17004e-06 0)
(1.05282 1.4119e-06 0)
(0.862883 0.0195935 0)
(1.11562 0.0197312 0)
(1.00434 0.0137069 0)
(1.04622 0.00851705 0)
(1.04972 0.00493593 0)
(1.05025 0.002777 0)
(1.05148 0.001534 0)
(1.05213 0.000837498 0)
(1.05245 0.000454051 0)
(1.05262 0.000244668 0)
(1.05271 0.000131916 0)
(1.05276 7.07953e-05 0)
(1.05278 3.7984e-05 0)
(1.0528 2.01126e-05 0)
(1.05281 1.11646e-05 0)
(1.05281 5.96012e-06 0)
(1.05281 2.89626e-06 0)
(1.05281 1.78705e-06 0)
(1.05281 6.53118e-07 0)
(1.05281 1.18376e-06 0)
(1.05281 -3.76879e-07 0)
(1.05281 1.88543e-07 0)
(1.05281 3.00385e-07 0)
(1.05281 9.66609e-08 0)
(1.05281 -2.83749e-08 0)
(1.05282 -3.95636e-07 0)
(1.05281 8.49761e-07 0)
(1.05281 -8.4635e-07 0)
(1.05282 7.00587e-07 0)
(1.05281 -3.70892e-07 0)
(1.05281 1.61347e-07 0)
(1.05281 -2.23284e-07 0)
(1.05282 1.56793e-07 0)
(1.05281 5.54712e-07 0)
(1.05281 -9.14379e-07 0)
(1.05282 4.65914e-07 0)
(1.05281 -6.84631e-08 0)
(1.05282 3.65398e-07 0)
(1.05282 -6.20623e-07 0)
(1.05281 5.50742e-07 0)
(1.05282 -6.82506e-07 0)
(1.05282 4.40306e-07 0)
(1.05281 9.72571e-07 0)
(1.05282 -2.34707e-06 0)
(1.05281 2.04448e-06 0)
(1.05281 -1.02093e-06 0)
(1.05282 -8.75911e-08 0)
(1.05282 1.3319e-06 0)
(1.05281 -2.16176e-06 0)
(1.05281 1.14619e-06 0)
(1.05282 -2.79205e-08 0)
(1.05281 -2.337e-07 0)
(1.05282 2.44103e-07 0)
(1.05281 -9.96321e-07 0)
(1.05282 8.76876e-07 0)
(1.05282 -6.90948e-07 0)
(1.05281 1.69563e-06 0)
(1.05282 -2.58276e-06 0)
(1.05281 1.41802e-06 0)
(1.05282 2.57511e-07 0)
(1.05282 -5.18396e-07 0)
(1.05281 7.21462e-07 0)
(1.05281 -5.39411e-07 0)
(1.05281 5.1895e-08 0)
(1.05281 6.12652e-07 0)
(1.05282 -9.00262e-08 0)
(1.05281 5.62444e-09 0)
(1.05281 6.83394e-08 0)
(1.05281 -1.2424e-07 0)
(1.05281 1.3526e-07 0)
(1.05281 1.77269e-07 0)
(1.05281 -2.36815e-07 0)
(1.05281 -3.87412e-07 0)
(1.05281 -1.27894e-07 0)
(1.05281 1.12174e-07 0)
(1.05282 6.00552e-08 0)
(1.05281 -2.19243e-07 0)
(1.05281 -3.90807e-07 0)
(1.05281 -1.51723e-07 0)
(1.05281 3.24292e-07 0)
(1.05282 5.21702e-07 0)
(1.05282 2.34148e-07 0)
(1.05281 -1.70737e-07 0)
(1.05281 -2.22089e-07 0)
(1.05281 9.23875e-08 0)
(1.05282 3.55125e-07 0)
(1.05282 2.23217e-07 0)
(1.05282 -1.89323e-07 0)
(1.05281 -4.83452e-07 0)
(1.05281 -3.99513e-07 0)
(1.05281 -4.76872e-08 0)
(1.05282 2.56936e-07 0)
(1.05282 3.2219e-07 0)
(1.05282 2.22224e-07 0)
(1.05281 1.71975e-07 0)
(1.05282 3.02235e-07 0)
(1.05281 6.01701e-07 0)
(1.05283 9.42546e-07 0)
(1.0528 1.10286e-06 0)
(1.05282 1.33329e-06 0)
(0.862258 0.0155809 0)
(1.11396 0.0160564 0)
(1.00292 0.0113056 0)
(1.04522 0.00710443 0)
(1.04907 0.00415354 0)
(1.04986 0.00235172 0)
(1.05126 0.00130485 0)
(1.05201 0.000714477 0)
(1.05238 0.000388351 0)
(1.05258 0.000209486 0)
(1.05269 0.000112928 0)
(1.05275 6.06025e-05 0)
(1.05278 3.27224e-05 0)
(1.0528 1.72896e-05 0)
(1.0528 9.42494e-06 0)
(1.05281 5.15963e-06 0)
(1.05281 2.52887e-06 0)
(1.05281 1.56313e-06 0)
(1.05281 4.15822e-07 0)
(1.05281 1.16261e-06 0)
(1.05281 -3.21707e-07 0)
(1.05281 1.38885e-08 0)
(1.05281 3.66146e-07 0)
(1.05281 1.64581e-07 0)
(1.05281 -5.68579e-08 0)
(1.05282 -5.63867e-07 0)
(1.05281 9.60416e-07 0)
(1.05281 -6.64079e-07 0)
(1.05282 4.99597e-07 0)
(1.05281 -4.25604e-07 0)
(1.05281 2.22397e-07 0)
(1.05281 2.09689e-09 0)
(1.05282 -2.79945e-08 0)
(1.05281 3.36463e-07 0)
(1.05281 -6.00505e-07 0)
(1.05282 4.51217e-07 0)
(1.05281 -2.17661e-07 0)
(1.05282 5.20251e-07 0)
(1.05282 -8.24209e-07 0)
(1.05281 6.37921e-07 0)
(1.05282 -4.5528e-07 0)
(1.05282 7.93134e-08 0)
(1.05281 1.20556e-06 0)
(1.05282 -2.48539e-06 0)
(1.05282 1.95948e-06 0)
(1.05281 -5.72834e-07 0)
(1.05282 -5.09677e-07 0)
(1.05281 1.31909e-06 0)
(1.05281 -1.94434e-06 0)
(1.05282 1.03827e-06 0)
(1.05282 1.31168e-07 0)
(1.05281 -4.49315e-07 0)
(1.05282 2.47966e-07 0)
(1.05281 -8.33164e-07 0)
(1.05282 8.79542e-07 0)
(1.05282 -7.98372e-07 0)
(1.05281 1.72118e-06 0)
(1.05282 -2.57419e-06 0)
(1.05281 1.36526e-06 0)
(1.05282 4.68536e-07 0)
(1.05282 -6.74772e-07 0)
(1.05281 6.07308e-07 0)
(1.05281 -3.97826e-07 0)
(1.05281 6.71835e-08 0)
(1.05281 6.06779e-07 0)
(1.05282 -1.03231e-07 0)
(1.05281 -7.25066e-08 0)
(1.05281 8.67124e-08 0)
(1.05281 -4.01903e-08 0)
(1.05281 1.35185e-07 0)
(1.05281 1.17951e-07 0)
(1.05281 -2.63647e-07 0)
(1.05281 -3.62933e-07 0)
(1.05281 -8.37908e-08 0)
(1.05281 1.25953e-07 0)
(1.05282 2.54238e-08 0)
(1.05281 -2.5615e-07 0)
(1.05281 -3.75462e-07 0)
(1.05281 -1.03699e-07 0)
(1.05281 3.43414e-07 0)
(1.05282 4.89274e-07 0)
(1.05282 1.90822e-07 0)
(1.05281 -1.77218e-07 0)
(1.05281 -1.92495e-07 0)
(1.05281 1.181e-07 0)
(1.05282 3.48651e-07 0)
(1.05282 1.95945e-07 0)
(1.05281 -2.04662e-07 0)
(1.05281 -4.71511e-07 0)
(1.05281 -3.74417e-07 0)
(1.05281 -3.24434e-08 0)
(1.05282 2.54124e-07 0)
(1.05282 3.11154e-07 0)
(1.05282 2.16928e-07 0)
(1.05281 1.73749e-07 0)
(1.05282 3.07438e-07 0)
(1.05281 5.86296e-07 0)
(1.05283 9.18883e-07 0)
(1.0528 1.03968e-06 0)
(1.05282 1.26371e-06 0)
(0.861794 0.0118488 0)
(1.1127 0.0124309 0)
(1.00181 0.00884496 0)
(1.04441 0.00560761 0)
(1.04853 0.00330125 0)
(1.04954 0.0018787 0)
(1.05108 0.00104619 0)
(1.0519 0.000574136 0)
(1.05232 0.000312665 0)
(1.05255 0.000168888 0)
(1.05267 9.10406e-05 0)
(1.05274 4.88011e-05 0)
(1.05277 2.64846e-05 0)
(1.05279 1.41025e-05 0)
(1.0528 7.41941e-06 0)
(1.05281 4.15879e-06 0)
(1.05281 2.13024e-06 0)
(1.05281 1.33775e-06 0)
(1.05281 1.68334e-07 0)
(1.05281 9.87698e-07 0)
(1.05281 -1.69983e-07 0)
(1.05281 -5.44335e-08 0)
(1.05281 2.84522e-07 0)
(1.05281 1.5698e-07 0)
(1.05281 4.95763e-08 0)
(1.05282 -6.75966e-07 0)
(1.05281 9.09201e-07 0)
(1.05281 -4.66164e-07 0)
(1.05282 3.82007e-07 0)
(1.05281 -5.02585e-07 0)
(1.05281 2.42804e-07 0)
(1.05281 2.43637e-07 0)
(1.05282 -1.79919e-07 0)
(1.05281 4.658e-08 0)
(1.05281 -2.47664e-07 0)
(1.05282 5.2466e-07 0)
(1.05281 -4.909e-07 0)
(1.05282 6.46941e-07 0)
(1.05282 -9.049e-07 0)
(1.05281 6.92022e-07 0)
(1.05282 -2.39626e-07 0)
(1.05282 -3.2224e-07 0)
(1.05281 1.44241e-06 0)
(1.05282 -2.50293e-06 0)
(1.05282 1.76875e-06 0)
(1.05281 -1.51596e-07 0)
(1.05282 -8.82188e-07 0)
(1.05281 1.25957e-06 0)
(1.05281 -1.66884e-06 0)
(1.05282 9.33674e-07 0)
(1.05282 2.38518e-07 0)
(1.05281 -6.6888e-07 0)
(1.05282 2.67285e-07 0)
(1.05281 -6.29203e-07 0)
(1.05282 8.50676e-07 0)
(1.05282 -9.58346e-07 0)
(1.05281 1.77657e-06 0)
(1.05282 -2.5084e-06 0)
(1.05281 1.27175e-06 0)
(1.05281 6.52432e-07 0)
(1.05282 -8.13538e-07 0)
(1.05281 4.89847e-07 0)
(1.05281 -2.42898e-07 0)
(1.05281 9.25727e-08 0)
(1.05281 5.74017e-07 0)
(1.05282 -1.23651e-07 0)
(1.05281 -1.29379e-07 0)
(1.05281 1.12539e-07 0)
(1.05281 3.74078e-08 0)
(1.05281 1.27058e-07 0)
(1.05281 5.71739e-08 0)
(1.05281 -2.84061e-07 0)
(1.05281 -3.32082e-07 0)
(1.05281 -4.36141e-08 0)
(1.05281 1.31189e-07 0)
(1.05282 -1.13323e-08 0)
(1.05281 -2.87255e-07 0)
(1.05281 -3.56019e-07 0)
(1.05281 -5.7719e-08 0)
(1.05281 3.57851e-07 0)
(1.05282 4.55925e-07 0)
(1.05282 1.51163e-07 0)
(1.05281 -1.79882e-07 0)
(1.05281 -1.62589e-07 0)
(1.05281 1.41688e-07 0)
(1.05282 3.40646e-07 0)
(1.05282 1.69077e-07 0)
(1.05281 -2.19522e-07 0)
(1.05281 -4.60214e-07 0)
(1.05281 -3.50905e-07 0)
(1.05281 -1.86108e-08 0)
(1.05282 2.50623e-07 0)
(1.05282 2.99821e-07 0)
(1.05282 2.10522e-07 0)
(1.05281 1.74696e-07 0)
(1.05282 3.09514e-07 0)
(1.05281 5.70248e-07 0)
(1.05283 8.91216e-07 0)
(1.0528 9.79175e-07 0)
(1.05282 1.19988e-06 0)
(0.861466 0.00832325 0)
(1.11179 0.0088473 0)
(1.00099 0.00634348 0)
(1.04381 0.00404831 0)
(1.04813 0.0023955 0)
(1.0493 0.00136848 0)
(1.05093 0.000764226 0)
(1.05182 0.000420088 0)
(1.05228 0.000229003 0)
(1.05252 0.000123889 0)
(1.05266 6.6826e-05 0)
(1.05273 3.57646e-05 0)
(1.05277 1.9392e-05 0)
(1.05279 1.05737e-05 0)
(1.0528 5.27238e-06 0)
(1.05281 3.02658e-06 0)
(1.05281 1.64145e-06 0)
(1.05281 1.09353e-06 0)
(1.05281 -2.69153e-08 0)
(1.05281 6.85176e-07 0)
(1.05281 -2.6852e-08 0)
(1.05281 -5.0878e-09 0)
(1.05281 1.34819e-07 0)
(1.05281 4.24097e-08 0)
(1.05281 2.41346e-07 0)
(1.05282 -6.68237e-07 0)
(1.05281 7.05336e-07 0)
(1.05281 -3.21747e-07 0)
(1.05282 3.6726e-07 0)
(1.05281 -5.46407e-07 0)
(1.05281 1.73553e-07 0)
(1.05281 4.48178e-07 0)
(1.05282 -2.31346e-07 0)
(1.05281 -2.76229e-07 0)
(1.05282 6.24252e-08 0)
(1.05282 6.80815e-07 0)
(1.05281 -8.30783e-07 0)
(1.05282 7.28929e-07 0)
(1.05282 -8.76606e-07 0)
(1.05281 7.18879e-07 0)
(1.05282 -3.66947e-08 0)
(1.05282 -7.5159e-07 0)
(1.05281 1.67122e-06 0)
(1.05282 -2.39094e-06 0)
(1.05282 1.47961e-06 0)
(1.05281 2.30042e-07 0)
(1.05282 -1.17006e-06 0)
(1.05281 1.17293e-06 0)
(1.05281 -1.38021e-06 0)
(1.05282 8.14629e-07 0)
(1.05282 3.11887e-07 0)
(1.05281 -8.69581e-07 0)
(1.05282 2.89157e-07 0)
(1.05281 -4.0301e-07 0)
(1.05282 8.01166e-07 0)
(1.05282 -1.16703e-06 0)
(1.05281 1.85884e-06 0)
(1.05282 -2.38187e-06 0)
(1.05281 1.13644e-06 0)
(1.05281 8.00322e-07 0)
(1.05282 -9.22453e-07 0)
(1.05281 3.77135e-07 0)
(1.05281 -8.45006e-08 0)
(1.05281 1.22929e-07 0)
(1.05281 5.19213e-07 0)
(1.05282 -1.50232e-07 0)
(1.05281 -1.65425e-07 0)
(1.05281 1.44451e-07 0)
(1.05281 1.05312e-07 0)
(1.05281 1.1095e-07 0)
(1.05281 -3.29414e-09 0)
(1.05281 -2.97534e-07 0)
(1.05281 -2.96455e-07 0)
(1.05281 -7.9436e-09 0)
(1.05281 1.28442e-07 0)
(1.05282 -4.90918e-08 0)
(1.05281 -3.12151e-07 0)
(1.05281 -3.32997e-07 0)
(1.05281 -1.40826e-08 0)
(1.05281 3.67619e-07 0)
(1.05282 4.22097e-07 0)
(1.05281 1.15353e-07 0)
(1.05281 -1.78866e-07 0)
(1.05281 -1.32623e-07 0)
(1.05281 1.62922e-07 0)
(1.05282 3.30717e-07 0)
(1.05282 1.42705e-07 0)
(1.05281 -2.33537e-07 0)
(1.05281 -4.49289e-07 0)
(1.05281 -3.28938e-07 0)
(1.05281 -6.35983e-09 0)
(1.05282 2.46213e-07 0)
(1.05282 2.88179e-07 0)
(1.05281 2.03374e-07 0)
(1.05281 1.75281e-07 0)
(1.05282 3.09501e-07 0)
(1.05281 5.53475e-07 0)
(1.05283 8.60246e-07 0)
(1.0528 9.20188e-07 0)
(1.05282 1.13911e-06 0)
(0.861256 0.00493914 0)
(1.11121 0.00529544 0)
(1.00045 0.0038156 0)
(1.04341 0.00244593 0)
(1.04786 0.00145209 0)
(1.04913 0.000831681 0)
(1.05084 0.000465377 0)
(1.05177 0.000256089 0)
(1.05225 0.000139613 0)
(1.05251 7.56293e-05 0)
(1.05265 4.08769e-05 0)
(1.05273 2.18474e-05 0)
(1.05277 1.16966e-05 0)
(1.05279 6.71777e-06 0)
(1.0528 3.04485e-06 0)
(1.05281 1.83776e-06 0)
(1.05281 1.03861e-06 0)
(1.05281 7.94182e-07 0)
(1.05281 -1.32279e-07 0)
(1.05281 3.45766e-07 0)
(1.05281 5.2414e-08 0)
(1.05281 1.1188e-07 0)
(1.05281 9.35072e-09 0)
(1.05281 -1.55533e-07 0)
(1.05281 4.33839e-07 0)
(1.05282 -5.21144e-07 0)
(1.05281 4.19982e-07 0)
(1.05281 -2.68622e-07 0)
(1.05282 4.44997e-07 0)
(1.05281 -4.96636e-07 0)
(1.05282 1.62419e-08 0)
(1.05281 5.56442e-07 0)
(1.05282 -1.45438e-07 0)
(1.05281 -5.72801e-07 0)
(1.05282 2.59255e-07 0)
(1.05282 8.83286e-07 0)
(1.05281 -1.15807e-06 0)
(1.05282 7.76506e-07 0)
(1.05282 -7.86162e-07 0)
(1.05281 7.09105e-07 0)
(1.05282 1.68623e-07 0)
(1.05282 -1.20214e-06 0)
(1.05281 1.87103e-06 0)
(1.05282 -2.15088e-06 0)
(1.05282 1.11142e-06 0)
(1.05281 5.44025e-07 0)
(1.05282 -1.3575e-06 0)
(1.05281 1.0786e-06 0)
(1.05281 -1.108e-06 0)
(1.05282 6.71555e-07 0)
(1.05282 3.76079e-07 0)
(1.05281 -1.02987e-06 0)
(1.05282 3.00582e-07 0)
(1.05281 -1.67003e-07 0)
(1.05281 7.48779e-07 0)
(1.05282 -1.4186e-06 0)
(1.05281 1.95904e-06 0)
(1.05282 -2.19548e-06 0)
(1.05281 9.61719e-07 0)
(1.05281 9.05746e-07 0)
(1.05282 -9.93733e-07 0)
(1.05281 2.75274e-07 0)
(1.05281 6.92778e-08 0)
(1.05282 1.54063e-07 0)
(1.05281 4.47633e-07 0)
(1.05281 -1.7883e-07 0)
(1.05281 -1.81601e-07 0)
(1.05281 1.81867e-07 0)
(1.05281 1.60742e-07 0)
(1.05281 8.77773e-08 0)
(1.05281 -6.13973e-08 0)
(1.05281 -3.03818e-07 0)
(1.05281 -2.57708e-07 0)
(1.05281 2.29491e-08 0)
(1.05281 1.18523e-07 0)
(1.05281 -8.62096e-08 0)
(1.05281 -3.30536e-07 0)
(1.05281 -3.06928e-07 0)
(1.05281 2.60278e-08 0)
(1.05281 3.72647e-07 0)
(1.05282 3.88283e-07 0)
(1.05281 8.3617e-08 0)
(1.05281 -1.74397e-07 0)
(1.05281 -1.02993e-07 0)
(1.05281 1.81671e-07 0)
(1.05282 3.18524e-07 0)
(1.05282 1.16855e-07 0)
(1.05281 -2.46442e-07 0)
(1.05281 -4.38599e-07 0)
(1.05281 -3.08528e-07 0)
(1.05281 4.1044e-09 0)
(1.05282 2.40545e-07 0)
(1.05282 2.76186e-07 0)
(1.05281 1.95933e-07 0)
(1.05281 1.73943e-07 0)
(1.05282 3.07326e-07 0)
(1.05281 5.35671e-07 0)
(1.05283 8.26457e-07 0)
(1.0528 8.61689e-07 0)
(1.05282 1.07916e-06 0)
(0.861154 0.00163751 0)
(1.11092 0.00176334 0)
(1.00018 0.00127297 0)
(1.04322 0.000818303 0)
(1.04773 0.000486306 0)
(1.04905 0.000278958 0)
(1.05079 0.000156268 0)
(1.05174 8.60103e-05 0)
(1.05223 4.68277e-05 0)
(1.0525 2.5375e-05 0)
(1.05265 1.38102e-05 0)
(1.05272 7.38292e-06 0)
(1.05277 3.69556e-06 0)
(1.05279 2.59033e-06 0)
(1.0528 8.01071e-07 0)
(1.05281 6.54432e-07 0)
(1.05281 3.43914e-07 0)
(1.05281 4.14468e-07 0)
(1.05281 -1.4883e-07 0)
(1.05281 4.40393e-08 0)
(1.05281 4.95169e-08 0)
(1.05281 2.18865e-07 0)
(1.05281 -3.38445e-08 0)
(1.05281 -3.72627e-07 0)
(1.05281 5.31614e-07 0)
(1.05282 -2.66646e-07 0)
(1.05281 1.59932e-07 0)
(1.05281 -3.16368e-07 0)
(1.05282 5.46817e-07 0)
(1.05281 -3.35126e-07 0)
(1.05282 -1.8703e-07 0)
(1.05281 5.27023e-07 0)
(1.05282 6.18499e-08 0)
(1.05281 -7.78963e-07 0)
(1.05282 3.01989e-07 0)
(1.05282 1.08489e-06 0)
(1.05281 -1.40647e-06 0)
(1.05282 8.06906e-07 0)
(1.05282 -6.85065e-07 0)
(1.05281 6.38603e-07 0)
(1.05282 3.98406e-07 0)
(1.05282 -1.63402e-06 0)
(1.05281 2.01733e-06 0)
(1.05282 -1.79701e-06 0)
(1.05282 6.96083e-07 0)
(1.05281 7.62191e-07 0)
(1.05282 -1.44663e-06 0)
(1.05281 9.93537e-07 0)
(1.05281 -8.62416e-07 0)
(1.05282 4.9684e-07 0)
(1.05282 4.44247e-07 0)
(1.05281 -1.13547e-06 0)
(1.05282 2.88326e-07 0)
(1.05281 6.12373e-08 0)
(1.05281 7.10149e-07 0)
(1.05282 -1.7003e-06 0)
(1.05281 2.06492e-06 0)
(1.05282 -1.95392e-06 0)
(1.05281 7.53742e-07 0)
(1.05281 9.65459e-07 0)
(1.05282 -1.02517e-06 0)
(1.05281 1.8942e-07 0)
(1.05281 2.11319e-07 0)
(1.05282 1.81795e-07 0)
(1.05281 3.64764e-07 0)
(1.05281 -2.05117e-07 0)
(1.05281 -1.79584e-07 0)
(1.05281 2.2227e-07 0)
(1.05281 2.03402e-07 0)
(1.05281 5.86609e-08 0)
(1.05281 -1.14658e-07 0)
(1.05281 -3.0292e-07 0)
(1.05281 -2.17353e-07 0)
(1.05281 4.75406e-08 0)
(1.05281 1.02272e-07 0)
(1.05281 -1.21931e-07 0)
(1.05281 -3.42674e-07 0)
(1.05281 -2.78578e-07 0)
(1.05281 6.21452e-08 0)
(1.05281 3.73354e-07 0)
(1.05282 3.5501e-07 0)
(1.05281 5.65752e-08 0)
(1.05281 -1.66631e-07 0)
(1.05281 -7.44106e-08 0)
(1.05281 1.97688e-07 0)
(1.05282 3.0495e-07 0)
(1.05282 9.18422e-08 0)
(1.05281 -2.58099e-07 0)
(1.05281 -4.28112e-07 0)
(1.05281 -2.89748e-07 0)
(1.05281 1.26478e-08 0)
(1.05282 2.33294e-07 0)
(1.05282 2.63857e-07 0)
(1.05281 1.87651e-07 0)
(1.05281 1.71593e-07 0)
(1.05282 3.03577e-07 0)
(1.05281 5.16641e-07 0)
(1.05283 7.9023e-07 0)
(1.0528 8.02745e-07 0)
(1.05282 1.01808e-06 0)
(0.861154 -0.00163699 0)
(1.11092 -0.00176206 0)
(1.00018 -0.00127438 0)
(1.04322 -0.000817653 0)
(1.04773 -0.000486907 0)
(1.04905 -0.000279058 0)
(1.05079 -0.000156262 0)
(1.05174 -8.61108e-05 0)
(1.05223 -4.70798e-05 0)
(1.0525 -2.55602e-05 0)
(1.05265 -1.36409e-05 0)
(1.05272 -7.27545e-06 0)
(1.05277 -4.34384e-06 0)
(1.05279 -1.69512e-06 0)
(1.0528 -1.43423e-06 0)
(1.05281 -4.98419e-07 0)
(1.05281 -3.87869e-07 0)
(1.05281 -3.72736e-08 0)
(1.05281 -1.2603e-07 0)
(1.05281 -1.82969e-07 0)
(1.05281 -3.25904e-08 0)
(1.05281 2.39375e-07 0)
(1.05281 1.76443e-08 0)
(1.05281 -5.26395e-07 0)
(1.05281 4.84365e-07 0)
(1.05282 1.82154e-08 0)
(1.05281 -1.31702e-08 0)
(1.05281 -4.36216e-07 0)
(1.05282 5.90805e-07 0)
(1.05281 -8.06343e-08 0)
(1.05282 -3.69735e-07 0)
(1.05281 3.48836e-07 0)
(1.05282 3.41033e-07 0)
(1.05281 -8.52788e-07 0)
(1.05282 1.96748e-07 0)
(1.05282 1.24201e-06 0)
(1.05281 -1.54625e-06 0)
(1.05282 8.35345e-07 0)
(1.05282 -5.93957e-07 0)
(1.05281 4.92804e-07 0)
(1.05281 6.70218e-07 0)
(1.05282 -1.9981e-06 0)
(1.05281 2.07321e-06 0)
(1.05282 -1.36954e-06 0)
(1.05282 2.72076e-07 0)
(1.05281 8.85e-07 0)
(1.05282 -1.45161e-06 0)
(1.05281 9.28308e-07 0)
(1.05281 -6.4777e-07 0)
(1.05282 2.83114e-07 0)
(1.05282 5.20227e-07 0)
(1.05281 -1.17252e-06 0)
(1.05282 2.39564e-07 0)
(1.05281 2.56814e-07 0)
(1.05281 6.99812e-07 0)
(1.05282 -1.9903e-06 0)
(1.05281 2.16425e-06 0)
(1.05282 -1.66625e-06 0)
(1.05281 5.2156e-07 0)
(1.05281 9.79485e-07 0)
(1.05282 -1.0172e-06 0)
(1.05281 1.23902e-07 0)
(1.05281 3.35453e-07 0)
(1.05282 2.02564e-07 0)
(1.05281 2.75972e-07 0)
(1.05281 -2.26857e-07 0)
(1.05281 -1.61958e-07 0)
(1.05281 2.62167e-07 0)
(1.05281 2.32927e-07 0)
(1.05281 2.48803e-08 0)
(1.05281 -1.6171e-07 0)
(1.05281 -2.95321e-07 0)
(1.05281 -1.76954e-07 0)
(1.05281 6.53445e-08 0)
(1.05281 8.08091e-08 0)
(1.05281 -1.55564e-07 0)
(1.05281 -3.4892e-07 0)
(1.05281 -2.4872e-07 0)
(1.05281 9.39123e-08 0)
(1.05281 3.70148e-07 0)
(1.05281 3.22821e-07 0)
(1.05281 3.42242e-08 0)
(1.05281 -1.55996e-07 0)
(1.05281 -4.67773e-08 0)
(1.05281 2.10966e-07 0)
(1.05282 2.91087e-07 0)
(1.05282 6.81032e-08 0)
(1.05281 -2.68374e-07 0)
(1.05281 -4.17843e-07 0)
(1.05281 -2.72721e-07 0)
(1.05281 1.92773e-08 0)
(1.05282 2.24805e-07 0)
(1.05282 2.51359e-07 0)
(1.05281 1.78559e-07 0)
(1.05281 1.68654e-07 0)
(1.05282 2.98585e-07 0)
(1.05281 4.9623e-07 0)
(1.05283 7.51886e-07 0)
(1.0528 7.42499e-07 0)
(1.05282 9.54088e-07 0)
(0.861256 -0.00493861 0)
(1.11121 -0.00529416 0)
(1.00045 -0.00381697 0)
(1.04341 -0.00244532 0)
(1.04786 -0.0014527 0)
(1.04913 -0.000831734 0)
(1.05084 -0.000465373 0)
(1.05177 -0.000256225 0)
(1.05225 -0.000139797 0)
(1.05251 -7.5819e-05 0)
(1.05265 -4.07394e-05 0)
(1.05273 -2.17811e-05 0)
(1.05277 -1.21788e-05 0)
(1.05279 -5.98875e-06 0)
(1.0528 -3.64634e-06 0)
(1.05281 -1.61515e-06 0)
(1.05281 -1.0894e-06 0)
(1.05281 -5.32329e-07 0)
(1.05281 -1.23265e-07 0)
(1.05281 -3.07112e-07 0)
(1.05281 -1.34941e-07 0)
(1.05281 1.42687e-07 0)
(1.05281 1.33567e-07 0)
(1.05281 -5.55426e-07 0)
(1.05281 2.9948e-07 0)
(1.05282 2.57797e-07 0)
(1.05281 -6.95384e-08 0)
(1.05281 -5.61431e-07 0)
(1.05282 5.28176e-07 0)
(1.05281 2.14131e-07 0)
(1.05282 -4.63372e-07 0)
(1.05281 4.97542e-08 0)
(1.05282 6.22406e-07 0)
(1.05281 -7.79971e-07 0)
(1.05282 -1.58641e-08 0)
(1.05281 1.322e-06 0)
(1.05281 -1.57456e-06 0)
(1.05282 8.78533e-07 0)
(1.05282 -5.1896e-07 0)
(1.05281 2.59036e-07 0)
(1.05281 9.78923e-07 0)
(1.05282 -2.25981e-06 0)
(1.05281 2.00693e-06 0)
(1.05282 -9.20139e-07 0)
(1.05282 -1.18871e-07 0)
(1.05281 9.26454e-07 0)
(1.05282 -1.39432e-06 0)
(1.05281 8.87422e-07 0)
(1.05281 -4.60056e-07 0)
(1.05282 2.72671e-08 0)
(1.05282 6.02459e-07 0)
(1.05281 -1.13155e-06 0)
(1.05282 1.52036e-07 0)
(1.05281 3.98836e-07 0)
(1.05281 7.29086e-07 0)
(1.05282 -2.2696e-06 0)
(1.05281 2.24364e-06 0)
(1.05282 -1.34728e-06 0)
(1.05282 2.75567e-07 0)
(1.05281 9.50238e-07 0)
(1.05282 -9.72412e-07 0)
(1.05281 8.0331e-08 0)
(1.05281 4.37163e-07 0)
(1.05282 2.13907e-07 0)
(1.05281 1.86267e-07 0)
(1.05281 -2.42094e-07 0)
(1.05281 -1.31578e-07 0)
(1.05281 2.99303e-07 0)
(1.05281 2.49739e-07 0)
(1.05281 -1.13943e-08 0)
(1.05281 -2.0147e-07 0)
(1.05281 -2.81729e-07 0)
(1.05281 -1.37985e-07 0)
(1.05281 7.67985e-08 0)
(1.05281 5.5592e-08 0)
(1.05281 -1.8639e-07 0)
(1.05281 -3.4978e-07 0)
(1.05281 -2.18098e-07 0)
(1.05281 1.21268e-07 0)
(1.05281 3.63091e-07 0)
(1.05281 2.92144e-07 0)
(1.05281 1.6168e-08 0)
(1.05281 -1.43037e-07 0)
(1.05281 -1.96563e-08 0)
(1.05281 2.21761e-07 0)
(1.05282 2.76574e-07 0)
(1.05282 4.55067e-08 0)
(1.05281 -2.77263e-07 0)
(1.05281 -4.07873e-07 0)
(1.05281 -2.57578e-07 0)
(1.05281 2.39217e-08 0)
(1.05282 2.1569e-07 0)
(1.05282 2.38753e-07 0)
(1.05281 1.7082e-07 0)
(1.05281 1.65679e-07 0)
(1.05282 2.92661e-07 0)
(1.05281 4.74352e-07 0)
(1.05283 7.11732e-07 0)
(1.0528 6.80141e-07 0)
(1.05282 8.85464e-07 0)
(0.861466 -0.00832275 0)
(1.11179 -0.00884602 0)
(1.00099 -0.00634479 0)
(1.04381 -0.00404777 0)
(1.04813 -0.00239611 0)
(1.0493 -0.00136843 0)
(1.05093 -0.00076432 0)
(1.05182 -0.000420331 0)
(1.05228 -0.000229001 0)
(1.05253 -0.000124057 0)
(1.05266 -6.68054e-05 0)
(1.05273 -3.57841e-05 0)
(1.05277 -1.95874e-05 0)
(1.05279 -1.01297e-05 0)
(1.0528 -5.79373e-06 0)
(1.05281 -2.69672e-06 0)
(1.05281 -1.70352e-06 0)
(1.05281 -1.02932e-06 0)
(1.05281 -1.81268e-07 0)
(1.05281 -3.42272e-07 0)
(1.05281 -2.10137e-07 0)
(1.05281 -5.23497e-08 0)
(1.05281 2.56716e-07 0)
(1.05281 -4.43604e-07 0)
(1.05281 3.12478e-08 0)
(1.05282 3.96961e-07 0)
(1.05281 -1.31333e-08 0)
(1.05281 -6.14095e-07 0)
(1.05282 3.53022e-07 0)
(1.05281 4.7511e-07 0)
(1.05282 -4.24552e-07 0)
(1.05281 -3.07766e-07 0)
(1.05282 8.32586e-07 0)
(1.05281 -5.77527e-07 0)
(1.05282 -2.7031e-07 0)
(1.05281 1.3124e-06 0)
(1.05281 -1.50778e-06 0)
(1.05282 9.46356e-07 0)
(1.05282 -4.53244e-07 0)
(1.05281 -6.80552e-08 0)
(1.05281 1.30712e-06 0)
(1.05282 -2.38897e-06 0)
(1.05281 1.81709e-06 0)
(1.05282 -4.8869e-07 0)
(1.05282 -4.46472e-07 0)
(1.05281 9.14456e-07 0)
(1.05282 -1.29936e-06 0)
(1.05282 8.6732e-07 0)
(1.05281 -2.89428e-07 0)
(1.05282 -2.57548e-07 0)
(1.05282 6.85416e-07 0)
(1.05281 -1.00959e-06 0)
(1.05282 2.97218e-08 0)
(1.05281 4.73704e-07 0)
(1.05281 8.03394e-07 0)
(1.05282 -2.52106e-06 0)
(1.05281 2.28976e-06 0)
(1.05282 -1.01303e-06 0)
(1.05282 2.67157e-08 0)
(1.05281 8.82632e-07 0)
(1.05282 -8.95443e-07 0)
(1.05281 5.80046e-08 0)
(1.05281 5.14137e-07 0)
(1.05281 2.14304e-07 0)
(1.05281 1.00302e-07 0)
(1.05281 -2.49004e-07 0)
(1.05281 -9.14683e-08 0)
(1.05281 3.3218e-07 0)
(1.05281 2.54788e-07 0)
(1.05281 -4.88048e-08 0)
(1.05281 -2.33298e-07 0)
(1.05281 -2.63079e-07 0)
(1.05281 -1.01748e-07 0)
(1.05281 8.19466e-08 0)
(1.05281 2.78741e-08 0)
(1.05281 -2.13822e-07 0)
(1.05281 -3.45923e-07 0)
(1.05281 -1.87454e-07 0)
(1.05281 1.44243e-07 0)
(1.05281 3.52679e-07 0)
(1.05281 2.63317e-07 0)
(1.05281 2.34404e-09 0)
(1.05281 -1.28016e-07 0)
(1.05281 6.40563e-09 0)
(1.05281 2.3006e-07 0)
(1.05282 2.6094e-07 0)
(1.05281 2.37938e-08 0)
(1.05281 -2.84842e-07 0)
(1.05281 -3.9833e-07 0)
(1.05281 -2.44478e-07 0)
(1.05281 2.64028e-08 0)
(1.05282 2.06002e-07 0)
(1.05282 2.26126e-07 0)
(1.05281 1.65204e-07 0)
(1.05281 1.63017e-07 0)
(1.05282 2.86153e-07 0)
(1.05281 4.50943e-07 0)
(1.05283 6.70113e-07 0)
(1.0528 6.14887e-07 0)
(1.05282 8.10439e-07 0)
(0.861794 -0.0118483 0)
(1.1127 -0.0124297 0)
(1.00181 -0.00884626 0)
(1.04441 -0.00560711 0)
(1.04853 -0.00330185 0)
(1.04954 -0.00187856 0)
(1.05108 -0.0010464 0)
(1.0519 -0.000574447 0)
(1.05232 -0.000312501 0)
(1.05255 -0.000169054 0)
(1.05267 -9.11064e-05 0)
(1.05274 -4.89014e-05 0)
(1.05277 -2.64094e-05 0)
(1.05279 -1.39568e-05 0)
(1.0528 -7.82466e-06 0)
(1.05281 -3.75347e-06 0)
(1.05281 -2.20107e-06 0)
(1.05281 -1.47917e-06 0)
(1.05281 -3.12479e-07 0)
(1.05281 -3.43155e-07 0)
(1.05281 -2.29573e-07 0)
(1.05281 -2.90602e-07 0)
(1.05281 3.29689e-07 0)
(1.05281 -2.1833e-07 0)
(1.05281 -2.42993e-07 0)
(1.05282 4.13117e-07 0)
(1.05281 9.4011e-08 0)
(1.05281 -5.50617e-07 0)
(1.05282 9.91598e-08 0)
(1.05281 6.31845e-07 0)
(1.05282 -2.51946e-07 0)
(1.05281 -6.48061e-07 0)
(1.05282 9.21232e-07 0)
(1.05281 -2.94767e-07 0)
(1.05282 -5.07761e-07 0)
(1.05281 1.21984e-06 0)
(1.05281 -1.39464e-06 0)
(1.05282 1.03855e-06 0)
(1.05282 -3.79251e-07 0)
(1.05281 -4.69638e-07 0)
(1.05281 1.63506e-06 0)
(1.05282 -2.36456e-06 0)
(1.05281 1.51918e-06 0)
(1.05282 -1.06606e-07 0)
(1.05282 -6.89568e-07 0)
(1.05281 8.73063e-07 0)
(1.05282 -1.19769e-06 0)
(1.05282 8.50521e-07 0)
(1.05281 -1.24494e-07 0)
(1.05282 -5.62689e-07 0)
(1.05282 7.58373e-07 0)
(1.05281 -8.10005e-07 0)
(1.05282 -1.18416e-07 0)
(1.05281 4.70935e-07 0)
(1.05281 9.22984e-07 0)
(1.05282 -2.72844e-06 0)
(1.05281 2.29197e-06 0)
(1.05282 -6.77963e-07 0)
(1.05282 -2.11874e-07 0)
(1.05281 7.85968e-07 0)
(1.05282 -7.9219e-07 0)
(1.05281 5.56048e-08 0)
(1.05281 5.67899e-07 0)
(1.05281 2.03995e-07 0)
(1.05281 2.14314e-08 0)
(1.05281 -2.46685e-07 0)
(1.05281 -4.48734e-08 0)
(1.05281 3.59255e-07 0)
(1.05281 2.49395e-07 0)
(1.05281 -8.62377e-08 0)
(1.05281 -2.5701e-07 0)
(1.05281 -2.40478e-07 0)
(1.05281 -6.94388e-08 0)
(1.05281 8.09547e-08 0)
(1.05281 -1.87575e-09 0)
(1.05281 -2.37647e-07 0)
(1.05281 -3.38154e-07 0)
(1.05281 -1.57633e-07 0)
(1.05281 1.62874e-07 0)
(1.05281 3.40951e-07 0)
(1.05281 2.37071e-07 0)
(1.05281 -7.26413e-09 0)
(1.05281 -1.11248e-07 0)
(1.05281 3.07048e-08 0)
(1.05281 2.35887e-07 0)
(1.05282 2.44559e-07 0)
(1.05281 3.10391e-09 0)
(1.05281 -2.91153e-07 0)
(1.05281 -3.89383e-07 0)
(1.05281 -2.33617e-07 0)
(1.05281 2.65706e-08 0)
(1.05282 1.95866e-07 0)
(1.05282 2.13875e-07 0)
(1.05281 1.5998e-07 0)
(1.05281 1.60439e-07 0)
(1.05282 2.7937e-07 0)
(1.05281 4.25914e-07 0)
(1.05283 6.27472e-07 0)
(1.0528 5.45949e-07 0)
(1.05282 7.27084e-07 0)
(0.862258 -0.0155804 0)
(1.11396 -0.0160552 0)
(1.00292 -0.011307 0)
(1.04522 -0.00710387 0)
(1.04907 -0.00415416 0)
(1.04986 -0.00235153 0)
(1.05126 -0.00130509 0)
(1.05201 -0.000714761 0)
(1.05238 -0.00038819 0)
(1.05258 -0.000209691 0)
(1.05269 -0.000112942 0)
(1.05275 -6.07636e-05 0)
(1.05278 -3.25326e-05 0)
(1.0528 -1.73331e-05 0)
(1.0528 -9.67113e-06 0)
(1.05281 -4.77288e-06 0)
(1.05281 -2.58468e-06 0)
(1.05281 -1.84216e-06 0)
(1.05281 -4.994e-07 0)
(1.05281 -3.55098e-07 0)
(1.05281 -1.92957e-07 0)
(1.05281 -5.03109e-07 0)
(1.05281 3.18744e-07 0)
(1.05281 4.64455e-08 0)
(1.05281 -4.54541e-07 0)
(1.05282 3.30001e-07 0)
(1.05281 1.77839e-07 0)
(1.05281 -3.65163e-07 0)
(1.05282 -1.69922e-07 0)
(1.05281 6.38231e-07 0)
(1.05281 1.85119e-08 0)
(1.05281 -8.97112e-07 0)
(1.05282 8.72625e-07 0)
(1.05281 -2.1314e-09 0)
(1.05282 -6.83795e-07 0)
(1.05281 1.08442e-06 0)
(1.05281 -1.28489e-06 0)
(1.05282 1.12767e-06 0)
(1.05281 -2.62519e-07 0)
(1.05281 -9.24129e-07 0)
(1.05281 1.92916e-06 0)
(1.05282 -2.18387e-06 0)
(1.05281 1.14064e-06 0)
(1.05281 2.0359e-07 0)
(1.05282 -8.37517e-07 0)
(1.05281 8.26126e-07 0)
(1.05282 -1.1118e-06 0)
(1.05282 8.17234e-07 0)
(1.05281 5.10431e-08 0)
(1.05282 -8.77584e-07 0)
(1.05282 8.07231e-07 0)
(1.05281 -5.42715e-07 0)
(1.05282 -2.74417e-07 0)
(1.05281 3.88379e-07 0)
(1.05281 1.08335e-06 0)
(1.05282 -2.87828e-06 0)
(1.05281 2.24496e-06 0)
(1.05282 -3.54153e-07 0)
(1.05282 -4.30785e-07 0)
(1.05281 6.70014e-07 0)
(1.05282 -6.69563e-07 0)
(1.05281 7.16898e-08 0)
(1.05281 5.98915e-07 0)
(1.05281 1.83564e-07 0)
(1.05281 -4.80482e-08 0)
(1.05281 -2.3498e-07 0)
(1.05281 5.32778e-09 0)
(1.05281 3.79461e-07 0)
(1.05281 2.35234e-07 0)
(1.05281 -1.21672e-07 0)
(1.05281 -2.72746e-07 0)
(1.05281 -2.15226e-07 0)
(1.05281 -4.14507e-08 0)
(1.05281 7.45437e-08 0)
(1.05281 -3.28477e-08 0)
(1.05281 -2.57728e-07 0)
(1.05281 -3.27339e-07 0)
(1.05281 -1.2948e-07 0)
(1.05281 1.77396e-07 0)
(1.05281 3.28523e-07 0)
(1.05281 2.13749e-07 0)
(1.05281 -1.27557e-08 0)
(1.05281 -9.31369e-08 0)
(1.05281 5.29888e-08 0)
(1.05281 2.39463e-07 0)
(1.05282 2.27888e-07 0)
(1.05281 -1.61066e-08 0)
(1.05281 -2.96215e-07 0)
(1.05281 -3.81244e-07 0)
(1.05281 -2.25237e-07 0)
(1.05282 2.43297e-08 0)
(1.05282 1.85183e-07 0)
(1.05282 2.02224e-07 0)
(1.05281 1.54968e-07 0)
(1.05281 1.58224e-07 0)
(1.05282 2.72703e-07 0)
(1.05281 3.99155e-07 0)
(1.05283 5.84427e-07 0)
(1.0528 4.72523e-07 0)
(1.05282 6.33191e-07 0)
(0.862884 -0.019593 0)
(1.11562 -0.01973 0)
(1.00434 -0.0137083 0)
(1.04622 -0.00851637 0)
(1.04972 -0.00493662 0)
(1.05026 -0.00277683 0)
(1.05148 -0.00153412 0)
(1.05213 -0.000837713 0)
(1.05245 -0.000454069 0)
(1.05262 -0.000244939 0)
(1.05271 -0.000131713 0)
(1.05276 -7.1022e-05 0)
(1.05278 -3.78392e-05 0)
(1.0528 -2.01847e-05 0)
(1.05281 -1.12444e-05 0)
(1.05281 -5.71636e-06 0)
(1.05281 -2.88479e-06 0)
(1.05281 -2.1011e-06 0)
(1.05281 -7.06112e-07 0)
(1.05281 -4.01531e-07 0)
(1.05281 -1.27766e-07 0)
(1.05281 -6.28601e-07 0)
(1.05281 2.26579e-07 0)
(1.05281 2.75369e-07 0)
(1.05281 -5.59263e-07 0)
(1.05282 2.11561e-07 0)
(1.05281 1.7622e-07 0)
(1.05281 -8.82525e-08 0)
(1.05282 -3.78944e-07 0)
(1.05281 4.86309e-07 0)
(1.05281 3.23676e-07 0)
(1.05281 -1.00142e-06 0)
(1.05282 7.02718e-07 0)
(1.05281 2.50385e-07 0)
(1.05282 -7.68211e-07 0)
(1.05281 9.51973e-07 0)
(1.05281 -1.19854e-06 0)
(1.05282 1.17127e-06 0)
(1.05281 -6.86459e-08 0)
(1.05281 -1.39987e-06 0)
(1.05281 2.1425e-06 0)
(1.05282 -1.86052e-06 0)
(1.05281 7.22831e-07 0)
(1.05281 4.14833e-07 0)
(1.05282 -9.00158e-07 0)
(1.05281 7.96693e-07 0)
(1.05282 -1.04829e-06 0)
(1.05282 7.53745e-07 0)
(1.05281 2.46408e-07 0)
(1.05282 -1.17606e-06 0)
(1.05282 8.21158e-07 0)
(1.05281 -2.25481e-07 0)
(1.05282 -4.24731e-07 0)
(1.05281 2.28827e-07 0)
(1.05281 1.275e-06 0)
(1.05282 -2.96092e-06 0)
(1.05281 2.14764e-06 0)
(1.05282 -4.96403e-08 0)
(1.05282 -6.2258e-07 0)
(1.05281 5.42687e-07 0)
(1.05281 -5.34643e-07 0)
(1.05281 1.01948e-07 0)
(1.05281 6.07219e-07 0)
(1.05281 1.54203e-07 0)
(1.05281 -1.05871e-07 0)
(1.05281 -2.14201e-07 0)
(1.05281 5.64594e-08 0)
(1.05281 3.92209e-07 0)
(1.05281 2.14248e-07 0)
(1.05281 -1.5379e-07 0)
(1.05281 -2.81097e-07 0)
(1.05281 -1.88656e-07 0)
(1.05281 -1.82441e-08 0)
(1.05281 6.35084e-08 0)
(1.05281 -6.37745e-08 0)
(1.05281 -2.7404e-07 0)
(1.05281 -3.14383e-07 0)
(1.05281 -1.03708e-07 0)
(1.05281 1.88202e-07 0)
(1.05281 3.14799e-07 0)
(1.05281 1.9339e-07 0)
(1.05281 -1.44391e-08 0)
(1.05281 -7.4024e-08 0)
(1.05281 7.32139e-08 0)
(1.05281 2.40976e-07 0)
(1.05281 2.11223e-07 0)
(1.05281 -3.34803e-08 0)
(1.05281 -3.00101e-07 0)
(1.05281 -3.7418e-07 0)
(1.05281 -2.19634e-07 0)
(1.05282 1.96146e-08 0)
(1.05282 1.73351e-07 0)
(1.05282 1.91273e-07 0)
(1.05281 1.51267e-07 0)
(1.05281 1.56807e-07 0)
(1.05282 2.66581e-07 0)
(1.05281 3.70523e-07 0)
(1.05283 5.4185e-07 0)
(1.0528 3.93776e-07 0)
(1.05282 5.26144e-07 0)
(0.863705 -0.0239726 0)
(1.11775 -0.0234571 0)
(1.0061 -0.0160259 0)
(1.04744 -0.00982001 0)
(1.0505 -0.00563214 0)
(1.05071 -0.00314402 0)
(1.05174 -0.00172756 0)
(1.05228 -0.000940015 0)
(1.05253 -0.00050832 0)
(1.05266 -0.000273856 0)
(1.05273 -0.000146926 0)
(1.05277 -7.93702e-05 0)
(1.05279 -4.2174e-05 0)
(1.0528 -2.24926e-05 0)
(1.05281 -1.24702e-05 0)
(1.05281 -6.5303e-06 0)
(1.05281 -3.13641e-06 0)
(1.05281 -2.25346e-06 0)
(1.05281 -8.85466e-07 0)
(1.05281 -4.90026e-07 0)
(1.05281 -7.50842e-08 0)
(1.05281 -6.37113e-07 0)
(1.05281 8.5112e-08 0)
(1.05281 4.10562e-07 0)
(1.05281 -5.52446e-07 0)
(1.05282 1.32226e-07 0)
(1.05281 5.51693e-08 0)
(1.05281 2.17613e-07 0)
(1.05282 -4.6653e-07 0)
(1.05281 2.07031e-07 0)
(1.05281 5.8905e-07 0)
(1.05281 -9.42057e-07 0)
(1.05282 4.55722e-07 0)
(1.05281 4.18094e-07 0)
(1.05282 -7.62816e-07 0)
(1.05281 8.52206e-07 0)
(1.05281 -1.14286e-06 0)
(1.05282 1.13645e-06 0)
(1.05281 2.00328e-07 0)
(1.05281 -1.84113e-06 0)
(1.05281 2.23152e-06 0)
(1.05282 -1.42796e-06 0)
(1.05281 3.14183e-07 0)
(1.05281 5.12814e-07 0)
(1.05282 -8.94573e-07 0)
(1.05281 8.00669e-07 0)
(1.05282 -1.00725e-06 0)
(1.05282 6.47125e-07 0)
(1.05281 4.63558e-07 0)
(1.05282 -1.43663e-06 0)
(1.05282 7.88657e-07 0)
(1.05281 1.16869e-07 0)
(1.05282 -5.61239e-07 0)
(1.05281 -7.20617e-10 0)
(1.05281 1.48052e-06 0)
(1.05282 -2.97294e-06 0)
(1.05281 2.00315e-06 0)
(1.05282 2.26331e-07 0)
(1.05282 -7.80043e-07 0)
(1.05281 4.11368e-07 0)
(1.05281 -3.94199e-07 0)
(1.05281 1.41127e-07 0)
(1.05281 5.9608e-07 0)
(1.05281 1.18351e-07 0)
(1.05281 -1.50836e-07 0)
(1.05281 -1.85458e-07 0)
(1.05281 1.05916e-07 0)
(1.05281 3.9735e-07 0)
(1.05281 1.88499e-07 0)
(1.05281 -1.81564e-07 0)
(1.05281 -2.8299e-07 0)
(1.05281 -1.62065e-07 0)
(1.05281 1.71471e-10 0)
(1.05281 4.86982e-08 0)
(1.05281 -9.37325e-08 0)
(1.05281 -2.86864e-07 0)
(1.05281 -3.0021e-07 0)
(1.05281 -8.09389e-08 0)
(1.05281 1.95569e-07 0)
(1.05281 3.00736e-07 0)
(1.05281 1.76462e-07 0)
(1.05281 -1.25729e-08 0)
(1.05281 -5.43281e-08 0)
(1.05281 9.12703e-08 0)
(1.05281 2.40564e-07 0)
(1.05281 1.94912e-07 0)
(1.05281 -4.89779e-08 0)
(1.05281 -3.02966e-07 0)
(1.05281 -3.68519e-07 0)
(1.05281 -2.17157e-07 0)
(1.05282 1.22697e-08 0)
(1.05282 1.60394e-07 0)
(1.05282 1.81351e-07 0)
(1.05281 1.49353e-07 0)
(1.05281 1.56412e-07 0)
(1.05282 2.6148e-07 0)
(1.05281 3.39812e-07 0)
(1.05283 5.00948e-07 0)
(1.0528 3.08825e-07 0)
(1.05282 4.02775e-07 0)
(0.864767 -0.0288222 0)
(1.12042 -0.0272339 0)
(1.00821 -0.0182275 0)
(1.04886 -0.0109865 0)
(1.05139 -0.00622285 0)
(1.05123 -0.00344282 0)
(1.05204 -0.0018799 0)
(1.05244 -0.00101873 0)
(1.05261 -0.000549376 0)
(1.05271 -0.000295597 0)
(1.05276 -0.000158191 0)
(1.05278 -8.55535e-05 0)
(1.0528 -4.53952e-05 0)
(1.05281 -2.42425e-05 0)
(1.05281 -1.33068e-05 0)
(1.05281 -7.15549e-06 0)
(1.05281 -3.35995e-06 0)
(1.05281 -2.31208e-06 0)
(1.05281 -1.00242e-06 0)
(1.05281 -6.01974e-07 0)
(1.05281 -6.45385e-08 0)
(1.05281 -5.34035e-07 0)
(1.05281 -5.70636e-08 0)
(1.05281 4.17931e-07 0)
(1.05281 -4.64905e-07 0)
(1.05282 1.40594e-07 0)
(1.05281 -1.73292e-07 0)
(1.05281 4.77114e-07 0)
(1.05282 -4.04355e-07 0)
(1.05281 -1.36206e-07 0)
(1.05281 7.5237e-07 0)
(1.05281 -7.32552e-07 0)
(1.05282 2.02246e-07 0)
(1.05281 4.68995e-07 0)
(1.05282 -6.91396e-07 0)
(1.05281 8.13666e-07 0)
(1.05281 -1.11114e-06 0)
(1.05282 9.97729e-07 0)
(1.05281 5.35544e-07 0)
(1.05281 -2.19569e-06 0)
(1.05281 2.17585e-06 0)
(1.05282 -9.42713e-07 0)
(1.05281 -4.62494e-08 0)
(1.05281 5.0924e-07 0)
(1.05282 -8.44254e-07 0)
(1.05281 8.45424e-07 0)
(1.05282 -9.83424e-07 0)
(1.05282 4.88686e-07 0)
(1.05281 6.97766e-07 0)
(1.05282 -1.64159e-06 0)
(1.05282 7.00863e-07 0)
(1.05281 4.66396e-07 0)
(1.05282 -6.67745e-07 0)
(1.05281 -2.81616e-07 0)
(1.05281 1.68725e-06 0)
(1.05282 -2.9142e-06 0)
(1.05281 1.81821e-06 0)
(1.05282 4.61807e-07 0)
(1.05282 -8.99715e-07 0)
(1.05281 2.81715e-07 0)
(1.05281 -2.56317e-07 0)
(1.05282 1.85549e-07 0)
(1.05281 5.6964e-07 0)
(1.05281 7.86491e-08 0)
(1.05281 -1.82974e-07 0)
(1.05281 -1.50383e-07 0)
(1.05282 1.51758e-07 0)
(1.05281 3.95391e-07 0)
(1.05281 1.59977e-07 0)
(1.05281 -2.04262e-07 0)
(1.05281 -2.79615e-07 0)
(1.05281 -1.36763e-07 0)
(1.05281 1.37245e-08 0)
(1.05281 3.13254e-08 0)
(1.05281 -1.21901e-07 0)
(1.05281 -2.96605e-07 0)
(1.05281 -2.85794e-07 0)
(1.05281 -6.13045e-08 0)
(1.05282 1.99981e-07 0)
(1.05281 2.87461e-07 0)
(1.05281 1.63394e-07 0)
(1.05281 -7.39034e-09 0)
(1.05281 -3.47506e-08 0)
(1.05281 1.06936e-07 0)
(1.05281 2.38333e-07 0)
(1.05281 1.79302e-07 0)
(1.05281 -6.22495e-08 0)
(1.05281 -3.04853e-07 0)
(1.05281 -3.64618e-07 0)
(1.05281 -2.18198e-07 0)
(1.05282 1.95451e-09 0)
(1.05282 1.4677e-07 0)
(1.05282 1.72823e-07 0)
(1.05281 1.49476e-07 0)
(1.05281 1.57236e-07 0)
(1.05282 2.57957e-07 0)
(1.05281 3.06706e-07 0)
(1.05283 4.63377e-07 0)
(1.0528 2.16565e-07 0)
(1.05282 2.59149e-07 0)
(0.866129 -0.034266 0)
(1.12374 -0.0310492 0)
(1.0107 -0.0202708 0)
(1.05048 -0.0119831 0)
(1.05239 -0.00669023 0)
(1.0518 -0.00366335 0)
(1.05235 -0.00198615 0)
(1.05261 -0.00107134 0)
(1.05271 -0.000575983 0)
(1.05276 -0.000309462 0)
(1.05279 -0.000165228 0)
(1.0528 -8.93806e-05 0)
(1.05281 -4.73812e-05 0)
(1.05281 -2.54095e-05 0)
(1.05281 -1.37369e-05 0)
(1.05281 -7.54408e-06 0)
(1.05281 -3.55767e-06 0)
(1.05281 -2.30802e-06 0)
(1.05281 -1.04845e-06 0)
(1.05281 -7.05779e-07 0)
(1.05281 -1.09748e-07 0)
(1.05281 -3.58577e-07 0)
(1.05281 -1.57374e-07 0)
(1.05281 3.07432e-07 0)
(1.05281 -3.51999e-07 0)
(1.05282 2.60669e-07 0)
(1.05281 -4.63333e-07 0)
(1.05281 6.28213e-07 0)
(1.05282 -2.01418e-07 0)
(1.05281 -4.68084e-07 0)
(1.05281 7.75418e-07 0)
(1.05281 -4.18057e-07 0)
(1.05282 -7.38575e-09 0)
(1.05281 4.06968e-07 0)
(1.05282 -5.94289e-07 0)
(1.05281 8.45706e-07 0)
(1.05281 -1.08834e-06 0)
(1.05282 7.39918e-07 0)
(1.05281 9.1873e-07 0)
(1.05282 -2.42231e-06 0)
(1.05281 1.97718e-06 0)
(1.05282 -4.59144e-07 0)
(1.05281 -3.31418e-07 0)
(1.05281 4.27888e-07 0)
(1.05282 -7.78457e-07 0)
(1.05281 9.31254e-07 0)
(1.05282 -9.67024e-07 0)
(1.05282 2.76736e-07 0)
(1.05281 9.38966e-07 0)
(1.05282 -1.77688e-06 0)
(1.05282 5.59313e-07 0)
(1.05281 8.02799e-07 0)
(1.05282 -7.30645e-07 0)
(1.05281 -5.93359e-07 0)
(1.05281 1.88529e-06 0)
(1.05282 -2.78778e-06 0)
(1.05281 1.60176e-06 0)
(1.05281 6.49922e-07 0)
(1.05282 -9.79788e-07 0)
(1.05281 1.60654e-07 0)
(1.05281 -1.28236e-07 0)
(1.05282 2.31558e-07 0)
(1.05281 5.32016e-07 0)
(1.05281 3.84913e-08 0)
(1.05281 -2.02771e-07 0)
(1.05281 -1.10858e-07 0)
(1.05282 1.92618e-07 0)
(1.05281 3.87383e-07 0)
(1.05281 1.30563e-07 0)
(1.05281 -2.21564e-07 0)
(1.05281 -2.72394e-07 0)
(1.05281 -1.13887e-07 0)
(1.05281 2.22023e-08 0)
(1.05281 1.27083e-08 0)
(1.05281 -1.47765e-07 0)
(1.05281 -3.03928e-07 0)
(1.05281 -2.7213e-07 0)
(1.05282 -4.49218e-08 0)
(1.05282 2.01974e-07 0)
(1.05281 2.75694e-07 0)
(1.05281 1.54526e-07 0)
(1.05281 8.32905e-10 0)
(1.05281 -1.54501e-08 0)
(1.05281 1.20102e-07 0)
(1.05281 2.3464e-07 0)
(1.05281 1.64899e-07 0)
(1.05281 -7.30377e-08 0)
(1.05281 -3.05902e-07 0)
(1.05281 -3.62879e-07 0)
(1.05281 -2.23183e-07 0)
(1.05282 -1.13462e-08 0)
(1.05282 1.32722e-07 0)
(1.05282 1.66029e-07 0)
(1.05281 1.52023e-07 0)
(1.05281 1.59485e-07 0)
(1.05282 2.56671e-07 0)
(1.05281 2.70729e-07 0)
(1.05283 4.31437e-07 0)
(1.0528 1.15704e-07 0)
(1.05282 9.02345e-08 0)
(0.86787 -0.0404561 0)
(1.12784 -0.034881 0)
(1.01362 -0.0221001 0)
(1.0523 -0.0127718 0)
(1.05348 -0.00701522 0)
(1.05241 -0.00379636 0)
(1.05268 -0.00204204 0)
(1.05279 -0.00109592 0)
(1.0528 -0.000587253 0)
(1.05281 -0.000314962 0)
(1.05281 -0.000167857 0)
(1.05281 -9.07441e-05 0)
(1.05281 -4.80316e-05 0)
(1.05281 -2.59628e-05 0)
(1.05281 -1.37671e-05 0)
(1.05282 -7.67461e-06 0)
(1.05281 -3.71258e-06 0)
(1.05281 -2.26289e-06 0)
(1.05281 -1.0329e-06 0)
(1.05281 -7.6559e-07 0)
(1.05281 -2.0512e-07 0)
(1.05281 -1.747e-07 0)
(1.05282 -1.89945e-07 0)
(1.05281 1.22488e-07 0)
(1.05281 -2.72037e-07 0)
(1.05282 4.87264e-07 0)
(1.05281 -7.603e-07 0)
(1.05281 6.31796e-07 0)
(1.05282 9.77369e-08 0)
(1.05281 -7.18249e-07 0)
(1.05281 6.52852e-07 0)
(1.05281 -7.25449e-08 0)
(1.05282 -1.44322e-07 0)
(1.05281 2.56916e-07 0)
(1.05282 -5.14219e-07 0)
(1.05281 9.40477e-07 0)
(1.05281 -1.0473e-06 0)
(1.05282 3.66036e-07 0)
(1.05281 1.31201e-06 0)
(1.05282 -2.49279e-06 0)
(1.05281 1.65162e-06 0)
(1.05282 -6.43781e-09 0)
(1.05281 -5.15148e-07 0)
(1.05281 2.99296e-07 0)
(1.05282 -7.22235e-07 0)
(1.05281 1.05136e-06 0)
(1.05282 -9.45633e-07 0)
(1.05282 1.60522e-08 0)
(1.05281 1.17739e-06 0)
(1.05282 -1.8335e-06 0)
(1.05282 3.73551e-07 0)
(1.05281 1.10069e-06 0)
(1.05282 -7.44572e-07 0)
(1.05281 -9.19614e-07 0)
(1.05281 2.05657e-06 0)
(1.05282 -2.60288e-06 0)
(1.05281 1.3649e-06 0)
(1.05281 7.89407e-07 0)
(1.05282 -1.02118e-06 0)
(1.05281 5.39048e-08 0)
(1.05281 -1.25018e-08 0)
(1.05282 2.75494e-07 0)
(1.05281 4.87327e-07 0)
(1.05281 2.02202e-10 0)
(1.05281 -2.11477e-07 0)
(1.05281 -6.98031e-08 0)
(1.05282 2.27473e-07 0)
(1.05281 3.74867e-07 0)
(1.05281 1.02694e-07 0)
(1.05281 -2.33463e-07 0)
(1.05281 -2.62932e-07 0)
(1.05281 -9.45987e-08 0)
(1.05281 2.64077e-08 0)
(1.05281 -6.22265e-09 0)
(1.05281 -1.70981e-07 0)
(1.05281 -3.09637e-07 0)
(1.05281 -2.60182e-07 0)
(1.05282 -3.21938e-08 0)
(1.05282 2.0203e-07 0)
(1.05281 2.66117e-07 0)
(1.05281 1.50196e-07 0)
(1.05281 1.17721e-08 0)
(1.05281 3.59109e-09 0)
(1.05281 1.30693e-07 0)
(1.05281 2.30116e-07 0)
(1.05281 1.5239e-07 0)
(1.05281 -8.12702e-08 0)
(1.05281 -3.06392e-07 0)
(1.05281 -3.63769e-07 0)
(1.05281 -2.32576e-07 0)
(1.05282 -2.77329e-08 0)
(1.05282 1.18335e-07 0)
(1.05282 1.61355e-07 0)
(1.05281 1.57556e-07 0)
(1.05281 1.63398e-07 0)
(1.05282 2.58389e-07 0)
(1.05281 2.31187e-07 0)
(1.05283 4.08251e-07 0)
(1.0528 5.97759e-09 0)
(1.05282 -1.09563e-07 0)
(0.870088 -0.0475793 0)
(1.13289 -0.0386918 0)
(1.01698 -0.0236428 0)
(1.05431 -0.0133089 0)
(1.05464 -0.00717854 0)
(1.05304 -0.00383356 0)
(1.05303 -0.00204413 0)
(1.05297 -0.00109115 0)
(1.0529 -0.000582668 0)
(1.05286 -0.000311868 0)
(1.05284 -0.00016599 0)
(1.05283 -8.96249e-05 0)
(1.05282 -4.73159e-05 0)
(1.05282 -2.58524e-05 0)
(1.05282 -1.34238e-05 0)
(1.05282 -7.54682e-06 0)
(1.05281 -3.7936e-06 0)
(1.05282 -2.18152e-06 0)
(1.05281 -9.7811e-07 0)
(1.05281 -7.56962e-07 0)
(1.05281 -3.2649e-07 0)
(1.05281 -2.93618e-08 0)
(1.05281 -1.46836e-07 0)
(1.05281 -7.9571e-08 0)
(1.05281 -2.59962e-07 0)
(1.05282 7.86539e-07 0)
(1.05281 -9.93527e-07 0)
(1.05281 4.85322e-07 0)
(1.05282 4.2747e-07 0)
(1.05281 -8.35441e-07 0)
(1.05281 4.11639e-07 0)
(1.05281 2.48428e-07 0)
(1.05282 -1.81186e-07 0)
(1.05281 6.66224e-08 0)
(1.05282 -4.74057e-07 0)
(1.05281 1.08311e-06 0)
(1.05281 -9.50567e-07 0)
(1.05282 -9.66432e-08 0)
(1.05281 1.68013e-06 0)
(1.05282 -2.39596e-06 0)
(1.05281 1.23145e-06 0)
(1.05282 3.8022e-07 0)
(1.05281 -5.89348e-07 0)
(1.05281 1.49157e-07 0)
(1.05282 -6.9077e-07 0)
(1.05281 1.18636e-06 0)
(1.05282 -9.05965e-07 0)
(1.05282 -2.73706e-07 0)
(1.05281 1.39697e-06 0)
(1.05282 -1.81138e-06 0)
(1.05282 1.5685e-07 0)
(1.05281 1.34371e-06 0)
(1.05282 -7.10339e-07 0)
(1.05282 -1.23868e-06 0)
(1.05281 2.18509e-06 0)
(1.05282 -2.37269e-06 0)
(1.05281 1.12008e-06 0)
(1.05281 8.80542e-07 0)
(1.05282 -1.02682e-06 0)
(1.05281 -3.97787e-08 0)
(1.05281 8.73765e-08 0)
(1.05282 3.14549e-07 0)
(1.05281 4.39967e-07 0)
(1.05281 -3.39295e-08 0)
(1.05281 -2.1143e-07 0)
(1.05281 -3.07632e-08 0)
(1.05282 2.55668e-07 0)
(1.05281 3.59825e-07 0)
(1.05281 7.86473e-08 0)
(1.05281 -2.40343e-07 0)
(1.05281 -2.52847e-07 0)
(1.05281 -8.00896e-08 0)
(1.05281 2.70896e-08 0)
(1.05281 -2.46761e-08 0)
(1.05281 -1.91315e-07 0)
(1.05281 -3.14636e-07 0)
(1.05281 -2.5099e-07 0)
(1.05282 -2.33646e-08 0)
(1.05282 2.00797e-07 0)
(1.05281 2.5953e-07 0)
(1.05281 1.50723e-07 0)
(1.05281 2.51454e-08 0)
(1.05281 2.16072e-08 0)
(1.05281 1.38458e-07 0)
(1.05281 2.24923e-07 0)
(1.05281 1.42327e-07 0)
(1.05281 -8.6598e-08 0)
(1.05281 -3.06546e-07 0)
(1.05281 -3.67824e-07 0)
(1.05281 -2.46917e-07 0)
(1.05282 -4.77429e-08 0)
(1.05282 1.03721e-07 0)
(1.05282 1.59247e-07 0)
(1.05281 1.6661e-07 0)
(1.05281 1.69219e-07 0)
(1.05282 2.6382e-07 0)
(1.05281 1.8701e-07 0)
(1.05283 3.98165e-07 0)
(1.0528 -1.13473e-07 0)
(1.05282 -3.47706e-07 0)
(0.872914 -0.0558667 0)
(1.1391 -0.0424235 0)
(1.02083 -0.0248043 0)
(1.05648 -0.0135442 0)
(1.05585 -0.00716125 0)
(1.05369 -0.00376792 0)
(1.05337 -0.00199006 0)
(1.05315 -0.0010564 0)
(1.053 -0.000562092 0)
(1.05291 -0.000300204 0)
(1.05287 -0.000159633 0)
(1.05284 -8.60787e-05 0)
(1.05283 -4.52782e-05 0)
(1.05282 -2.50232e-05 0)
(1.05282 -1.27493e-05 0)
(1.05282 -7.17783e-06 0)
(1.05281 -3.76109e-06 0)
(1.05281 -2.06856e-06 0)
(1.05281 -9.13089e-07 0)
(1.05281 -6.74258e-07 0)
(1.05281 -4.3987e-07 0)
(1.05281 4.93455e-08 0)
(1.05281 -4.4924e-08 0)
(1.05281 -2.39945e-07 0)
(1.05281 -3.27455e-07 0)
(1.05281 1.09801e-06 0)
(1.05281 -1.10522e-06 0)
(1.05281 2.21836e-07 0)
(1.05281 7.17389e-07 0)
(1.05281 -8.01653e-07 0)
(1.05281 1.05499e-07 0)
(1.05281 4.98785e-07 0)
(1.05282 -1.21252e-07 0)
(1.05281 -1.23928e-07 0)
(1.05282 -4.86301e-07 0)
(1.05281 1.23447e-06 0)
(1.05281 -7.81995e-07 0)
(1.05282 -6.05225e-07 0)
(1.05281 1.97699e-06 0)
(1.05281 -2.14373e-06 0)
(1.05281 7.61458e-07 0)
(1.05281 6.62451e-07 0)
(1.05281 -5.66481e-07 0)
(1.05281 -4.85084e-09 0)
(1.05282 -6.89165e-07 0)
(1.05281 1.31338e-06 0)
(1.05282 -8.39473e-07 0)
(1.05282 -5.72173e-07 0)
(1.05281 1.58038e-06 0)
(1.05282 -1.71801e-06 0)
(1.05282 -7.29938e-08 0)
(1.05281 1.52039e-06 0)
(1.05282 -6.35251e-07 0)
(1.05281 -1.52296e-06 0)
(1.05281 2.25944e-06 0)
(1.05282 -2.11229e-06 0)
(1.05281 8.80509e-07 0)
(1.05281 9.25753e-07 0)
(1.05281 -1.00137e-06 0)
(1.05281 -1.17235e-07 0)
(1.05281 1.67131e-07 0)
(1.05281 3.46971e-07 0)
(1.05281 3.94154e-07 0)
(1.05281 -6.10776e-08 0)
(1.05281 -2.05152e-07 0)
(1.05281 4.71281e-09 0)
(1.05281 2.77591e-07 0)
(1.05281 3.44763e-07 0)
(1.05281 5.93534e-08 0)
(1.05281 -2.43235e-07 0)
(1.05281 -2.43733e-07 0)
(1.05281 -7.1123e-08 0)
(1.05281 2.5054e-08 0)
(1.05281 -4.11228e-08 0)
(1.05281 -2.08489e-07 0)
(1.05281 -3.19888e-07 0)
(1.05281 -2.4574e-07 0)
(1.05281 -1.86844e-08 0)
(1.05281 1.99027e-07 0)
(1.05281 2.56815e-07 0)
(1.05281 1.56406e-07 0)
(1.05281 4.05378e-08 0)
(1.05281 3.77171e-08 0)
(1.05281 1.43246e-07 0)
(1.05281 2.19043e-07 0)
(1.05281 1.35225e-07 0)
(1.05281 -8.86059e-08 0)
(1.05281 -3.06574e-07 0)
(1.05281 -3.75681e-07 0)
(1.05281 -2.66868e-07 0)
(1.05281 -7.17315e-08 0)
(1.05281 8.90588e-08 0)
(1.05281 1.60221e-07 0)
(1.05281 1.79262e-07 0)
(1.05281 1.76412e-07 0)
(1.05282 2.73499e-07 0)
(1.05281 1.36593e-07 0)
(1.05283 4.06833e-07 0)
(1.0528 -2.45198e-07 0)
(1.05282 -6.34001e-07 0)
(0.87651 -0.0656078 0)
(1.14673 -0.0459908 0)
(1.0252 -0.0254617 0)
(1.05879 -0.0134202 0)
(1.05708 -0.0069457 0)
(1.05433 -0.00359413 0)
(1.0537 -0.00187878 0)
(1.05332 -0.000991774 0)
(1.05308 -0.0005258 0)
(1.05296 -0.000280216 0)
(1.05289 -0.000148882 0)
(1.05285 -8.02179e-05 0)
(1.05283 -4.20054e-05 0)
(1.05282 -2.34519e-05 0)
(1.05281 -1.1787e-05 0)
(1.05281 -6.60321e-06 0)
(1.05281 -3.58384e-06 0)
(1.05281 -1.92549e-06 0)
(1.05281 -8.57439e-07 0)
(1.05281 -5.28258e-07 0)
(1.05281 -5.13097e-07 0)
(1.05281 4.40554e-08 0)
(1.05281 8.25818e-08 0)
(1.05281 -3.1643e-07 0)
(1.05281 -4.66258e-07 0)
(1.05281 1.34858e-06 0)
(1.05281 -1.07678e-06 0)
(1.05281 -1.00783e-07 0)
(1.05281 9.1126e-07 0)
(1.05281 -6.28396e-07 0)
(1.05281 -2.09803e-07 0)
(1.05281 6.35691e-07 0)
(1.05281 7.62335e-09 0)
(1.0528 -2.78471e-07 0)
(1.05281 -5.50258e-07 0)
(1.05281 1.35118e-06 0)
(1.0528 -5.49236e-07 0)
(1.05281 -1.11e-06 0)
(1.0528 2.16099e-06 0)
(1.05281 -1.76655e-06 0)
(1.05281 2.94954e-07 0)
(1.05281 8.29453e-07 0)
(1.0528 -4.6465e-07 0)
(1.05281 -1.4148e-07 0)
(1.05281 -7.1239e-07 0)
(1.0528 1.4157e-06 0)
(1.05281 -7.47237e-07 0)
(1.05281 -8.58285e-07 0)
(1.0528 1.71187e-06 0)
(1.05281 -1.56756e-06 0)
(1.05281 -2.93757e-07 0)
(1.0528 1.62445e-06 0)
(1.05281 -5.32018e-07 0)
(1.05281 -1.74798e-06 0)
(1.0528 2.26991e-06 0)
(1.05281 -1.83662e-06 0)
(1.05281 6.59507e-07 0)
(1.05281 9.30339e-07 0)
(1.05281 -9.5049e-07 0)
(1.05281 -1.75167e-07 0)
(1.05281 2.25626e-07 0)
(1.05281 3.72478e-07 0)
(1.05281 3.53754e-07 0)
(1.05281 -7.97175e-08 0)
(1.05281 -1.95168e-07 0)
(1.05281 3.42317e-08 0)
(1.05281 2.93773e-07 0)
(1.05281 3.32272e-07 0)
(1.05281 4.59712e-08 0)
(1.05281 -2.43339e-07 0)
(1.05281 -2.37835e-07 0)
(1.05281 -6.75577e-08 0)
(1.05281 2.15745e-08 0)
(1.05281 -5.39806e-08 0)
(1.05281 -2.22386e-07 0)
(1.05281 -3.26406e-07 0)
(1.05281 -2.45647e-07 0)
(1.05281 -1.84568e-08 0)
(1.05281 1.97577e-07 0)
(1.05281 2.5895e-07 0)
(1.05281 1.67423e-07 0)
(1.05281 5.77593e-08 0)
(1.05281 5.14264e-08 0)
(1.05281 1.45037e-07 0)
(1.05281 2.12852e-07 0)
(1.05281 1.31618e-07 0)
(1.05281 -8.68571e-08 0)
(1.05281 -3.06602e-07 0)
(1.05281 -3.88055e-07 0)
(1.05281 -2.93192e-07 0)
(1.05281 -1.00082e-07 0)
(1.05281 7.42996e-08 0)
(1.05281 1.64759e-07 0)
(1.05281 1.96164e-07 0)
(1.05281 1.84248e-07 0)
(1.05281 2.88784e-07 0)
(1.0528 7.80371e-08 0)
(1.05282 4.41497e-07 0)
(1.05279 -3.91511e-07 0)
(1.05281 -9.79932e-07 0)
(0.881073 -0.0771658 0)
(1.15605 -0.049274 0)
(1.03007 -0.025457 0)
(1.06114 -0.0128727 0)
(1.05825 -0.00651683 0)
(1.05489 -0.00330929 0)
(1.05395 -0.00171083 0)
(1.05343 -0.000898238 0)
(1.05311 -0.000474536 0)
(1.05294 -0.000252368 0)
(1.05285 -0.000133945 0)
(1.0528 -7.21971e-05 0)
(1.05278 -3.76096e-05 0)
(1.05276 -2.11615e-05 0)
(1.05276 -1.05665e-05 0)
(1.05275 -5.86449e-06 0)
(1.05275 -3.25404e-06 0)
(1.05275 -1.74759e-06 0)
(1.05275 -8.13202e-07 0)
(1.05275 -3.47893e-07 0)
(1.05275 -5.29028e-07 0)
(1.05275 -3.02627e-08 0)
(1.05275 2.03185e-07 0)
(1.05275 -2.98282e-07 0)
(1.05275 -6.37162e-07 0)
(1.05275 1.48964e-06 0)
(1.05275 -9.18897e-07 0)
(1.05275 -4.19684e-07 0)
(1.05275 9.77378e-07 0)
(1.05275 -3.57151e-07 0)
(1.05275 -4.80323e-07 0)
(1.05275 6.55267e-07 0)
(1.05275 1.71145e-07 0)
(1.05274 -3.68999e-07 0)
(1.05275 -6.46781e-07 0)
(1.05275 1.41117e-06 0)
(1.05274 -2.72284e-07 0)
(1.05275 -1.55339e-06 0)
(1.05275 2.21565e-06 0)
(1.05275 -1.31496e-06 0)
(1.05275 -1.26156e-07 0)
(1.05275 8.85721e-07 0)
(1.05275 -3.1046e-07 0)
(1.05275 -2.46193e-07 0)
(1.05275 -7.48338e-07 0)
(1.05274 1.47923e-06 0)
(1.05275 -6.38701e-07 0)
(1.05275 -1.09944e-06 0)
(1.05274 1.77815e-06 0)
(1.05275 -1.38166e-06 0)
(1.05275 -4.789e-07 0)
(1.05274 1.65736e-06 0)
(1.05275 -4.1994e-07 0)
(1.05275 -1.89394e-06 0)
(1.05274 2.20927e-06 0)
(1.05275 -1.56008e-06 0)
(1.05275 4.69351e-07 0)
(1.05275 9.01783e-07 0)
(1.05275 -8.80778e-07 0)
(1.05275 -2.16937e-07 0)
(1.05275 2.62368e-07 0)
(1.05275 3.91575e-07 0)
(1.05275 3.22799e-07 0)
(1.05275 -8.88487e-08 0)
(1.05275 -1.84572e-07 0)
(1.05275 5.43209e-08 0)
(1.05275 3.04916e-07 0)
(1.05275 3.24871e-07 0)
(1.05275 4.00069e-08 0)
(1.05275 -2.42163e-07 0)
(1.05275 -2.37605e-07 0)
(1.05275 -6.96179e-08 0)
(1.05275 1.80416e-08 0)
(1.05275 -6.20395e-08 0)
(1.05275 -2.33108e-07 0)
(1.05275 -3.35433e-07 0)
(1.05275 -2.51776e-07 0)
(1.05275 -2.27059e-08 0)
(1.05275 1.97436e-07 0)
(1.05275 2.67025e-07 0)
(1.05275 1.83977e-07 0)
(1.05275 7.63791e-08 0)
(1.05275 6.21808e-08 0)
(1.05275 1.43752e-07 0)
(1.05275 2.0707e-07 0)
(1.05275 1.32053e-07 0)
(1.05275 -8.09393e-08 0)
(1.05275 -3.06762e-07 0)
(1.05275 -4.05875e-07 0)
(1.05275 -3.26986e-07 0)
(1.05275 -1.32843e-07 0)
(1.05275 5.98975e-08 0)
(1.05275 1.73678e-07 0)
(1.05275 2.19359e-07 0)
(1.05275 1.94924e-07 0)
(1.05275 3.11617e-07 0)
(1.05274 8.65935e-09 0)
(1.05276 5.12809e-07 0)
(1.05273 -5.54063e-07 0)
(1.05276 -1.39935e-06 0)
(0.886745 -0.090942 0)
(1.16714 -0.0520915 0)
(1.03513 -0.0245887 0)
(1.06315 -0.0118321 0)
(1.059 -0.00586459 0)
(1.05506 -0.00291389 0)
(1.05383 -0.00148873 0)
(1.05316 -0.000777803 0)
(1.05278 -0.000409589 0)
(1.05257 -0.000217377 0)
(1.05246 -0.000115189 0)
(1.05241 -6.22108e-05 0)
(1.05237 -3.22182e-05 0)
(1.05236 -1.82205e-05 0)
(1.05235 -9.11088e-06 0)
(1.05234 -4.99028e-06 0)
(1.05234 -2.78207e-06 0)
(1.05234 -1.52934e-06 0)
(1.05234 -7.70853e-07 0)
(1.05234 -1.65029e-07 0)
(1.05234 -4.87282e-07 0)
(1.05234 -1.3939e-07 0)
(1.05234 2.92155e-07 0)
(1.05234 -1.99674e-07 0)
(1.05234 -7.94402e-07 0)
(1.05234 1.50115e-06 0)
(1.05234 -6.65431e-07 0)
(1.05234 -6.77337e-07 0)
(1.05234 9.17091e-07 0)
(1.05234 -5.82366e-08 0)
(1.05234 -6.64063e-07 0)
(1.05234 5.73867e-07 0)
(1.05234 3.32733e-07 0)
(1.05234 -3.93273e-07 0)
(1.05234 -7.50679e-07 0)
(1.05234 1.40554e-06 0)
(1.05234 1.12123e-08 0)
(1.05234 -1.87929e-06 0)
(1.05234 2.145e-06 0)
(1.05234 -8.55459e-07 0)
(1.05234 -4.69997e-07 0)
(1.05234 8.47857e-07 0)
(1.05234 -1.37585e-07 0)
(1.05234 -3.23938e-07 0)
(1.05234 -7.76578e-07 0)
(1.05233 1.49482e-06 0)
(1.05234 -5.30544e-07 0)
(1.05234 -1.26317e-06 0)
(1.05233 1.76996e-06 0)
(1.05234 -1.19041e-06 0)
(1.05234 -6.06127e-07 0)
(1.05233 1.62548e-06 0)
(1.05234 -3.22191e-07 0)
(1.05234 -1.94051e-06 0)
(1.05233 2.07297e-06 0)
(1.05234 -1.29689e-06 0)
(1.05234 3.22206e-07 0)
(1.05234 8.47134e-07 0)
(1.05234 -7.99569e-07 0)
(1.05234 -2.46097e-07 0)
(1.05234 2.76798e-07 0)
(1.05234 4.05958e-07 0)
(1.05234 3.0555e-07 0)
(1.05234 -8.82397e-08 0)
(1.05234 -1.77246e-07 0)
(1.05234 6.28891e-08 0)
(1.05234 3.12725e-07 0)
(1.05234 3.2622e-07 0)
(1.05234 4.27342e-08 0)
(1.05234 -2.4142e-07 0)
(1.05234 -2.45227e-07 0)
(1.05234 -7.80672e-08 0)
(1.05234 1.57932e-08 0)
(1.05234 -6.36833e-08 0)
(1.05234 -2.40746e-07 0)
(1.05234 -3.48812e-07 0)
(1.05234 -2.65788e-07 0)
(1.05234 -3.14211e-08 0)
(1.05234 1.99497e-07 0)
(1.05234 2.82159e-07 0)
(1.05234 2.06799e-07 0)
(1.05234 9.54987e-08 0)
(1.05234 6.91262e-08 0)
(1.05234 1.39104e-07 0)
(1.05234 2.02428e-07 0)
(1.05234 1.37525e-07 0)
(1.05234 -7.01571e-08 0)
(1.05234 -3.07267e-07 0)
(1.05234 -4.30325e-07 0)
(1.05234 -3.69913e-07 0)
(1.05234 -1.70975e-07 0)
(1.05234 4.72915e-08 0)
(1.05234 1.88661e-07 0)
(1.05234 2.49675e-07 0)
(1.05234 2.08368e-07 0)
(1.05234 3.42793e-07 0)
(1.05233 -7.48912e-08 0)
(1.05235 6.33143e-07 0)
(1.05232 -7.32986e-07 0)
(1.05235 -1.90547e-06 0)
(0.893058 -0.107248 0)
(1.17855 -0.0541266 0)
(1.03849 -0.0226005 0)
(1.06295 -0.0102326 0)
(1.05754 -0.00498894 0)
(1.05306 -0.00241375 0)
(1.05158 -0.00121777 0)
(1.05079 -0.00063386 0)
(1.05035 -0.000332903 0)
(1.05012 -0.000176303 0)
(1.04999 -9.32198e-05 0)
(1.04993 -5.05224e-05 0)
(1.04989 -2.59844e-05 0)
(1.04987 -1.47396e-05 0)
(1.04986 -7.44294e-06 0)
(1.04986 -4.004e-06 0)
(1.04985 -2.20059e-06 0)
(1.04985 -1.26986e-06 0)
(1.04985 -7.10842e-07 0)
(1.04985 -1.53994e-10 0)
(1.04985 -3.99762e-07 0)
(1.04985 -2.47155e-07 0)
(1.04985 3.34628e-07 0)
(1.04985 -6.14374e-08 0)
(1.04985 -8.97799e-07 0)
(1.04985 1.38972e-06 0)
(1.04985 -3.80152e-07 0)
(1.04985 -8.3489e-07 0)
(1.04985 7.61579e-07 0)
(1.04985 2.17466e-07 0)
(1.04985 -7.43902e-07 0)
(1.04985 4.27982e-07 0)
(1.04985 4.64624e-07 0)
(1.04985 -3.67616e-07 0)
(1.04985 -8.32145e-07 0)
(1.04985 1.34408e-06 0)
(1.04985 2.46026e-07 0)
(1.04985 -2.04763e-06 0)
(1.04985 1.96767e-06 0)
(1.04985 -4.46467e-07 0)
(1.04985 -7.06996e-07 0)
(1.04985 7.55119e-07 0)
(1.04985 2.89459e-08 0)
(1.04985 -3.88621e-07 0)
(1.04985 -7.73144e-07 0)
(1.04985 1.4611e-06 0)
(1.04985 -4.47428e-07 0)
(1.04985 -1.32149e-06 0)
(1.04985 1.68602e-06 0)
(1.04985 -1.02628e-06 0)
(1.04985 -6.58769e-07 0)
(1.04984 1.53912e-06 0)
(1.04985 -2.62031e-07 0)
(1.04985 -1.87124e-06 0)
(1.04985 1.86049e-06 0)
(1.04985 -1.06041e-06 0)
(1.04985 2.30919e-07 0)
(1.04985 7.73728e-07 0)
(1.04985 -7.12086e-07 0)
(1.04985 -2.6821e-07 0)
(1.04985 2.69089e-07 0)
(1.04985 4.1694e-07 0)
(1.04985 3.06125e-07 0)
(1.04985 -7.71946e-08 0)
(1.04985 -1.77069e-07 0)
(1.04985 5.66582e-08 0)
(1.04985 3.17854e-07 0)
(1.04985 3.39566e-07 0)
(1.04985 5.44323e-08 0)
(1.04985 -2.40954e-07 0)
(1.04985 -2.62161e-07 0)
(1.04985 -9.22513e-08 0)
(1.04985 1.72097e-08 0)
(1.04985 -5.67534e-08 0)
(1.04985 -2.4468e-07 0)
(1.04985 -3.66703e-07 0)
(1.04985 -2.88881e-07 0)
(1.04985 -4.41247e-08 0)
(1.04985 2.03744e-07 0)
(1.04985 3.03678e-07 0)
(1.04985 2.35206e-07 0)
(1.04985 1.14889e-07 0)
(1.04985 7.15276e-08 0)
(1.04985 1.30484e-07 0)
(1.04985 1.97896e-07 0)
(1.04985 1.4885e-07 0)
(1.04985 -5.31332e-08 0)
(1.04985 -3.06953e-07 0)
(1.04985 -4.59944e-07 0)
(1.04985 -4.20646e-07 0)
(1.04985 -2.15014e-07 0)
(1.04985 3.56756e-08 0)
(1.04985 2.08914e-07 0)
(1.04985 2.85089e-07 0)
(1.04985 2.20933e-07 0)
(1.04985 3.81934e-07 0)
(1.04984 -1.76255e-07 0)
(1.04986 8.13068e-07 0)
(1.04983 -9.21822e-07 0)
(1.04986 -2.50045e-06 0)
(0.896282 -0.12648 0)
(1.18159 -0.0549136 0)
(1.03111 -0.0192145 0)
(1.0519 -0.00804091 0)
(1.04535 -0.00390658 0)
(1.04048 -0.00182313 0)
(1.0388 -0.000907171 0)
(1.03794 -0.000471568 0)
(1.03746 -0.000247201 0)
(1.03721 -0.000130636 0)
(1.03707 -6.88972e-05 0)
(1.037 -3.75141e-05 0)
(1.03696 -1.91265e-05 0)
(1.03694 -1.08683e-05 0)
(1.03693 -5.59206e-06 0)
(1.03693 -2.94015e-06 0)
(1.03692 -1.56304e-06 0)
(1.03692 -9.71713e-07 0)
(1.03692 -6.09234e-07 0)
(1.03692 1.26911e-07 0)
(1.03692 -2.91057e-07 0)
(1.03692 -3.1784e-07 0)
(1.03692 3.32646e-07 0)
(1.03692 6.09798e-08 0)
(1.03692 -9.11704e-07 0)
(1.03692 1.17273e-06 0)
(1.03692 -1.35057e-07 0)
(1.03692 -8.82505e-07 0)
(1.03692 5.55349e-07 0)
(1.03692 4.2364e-07 0)
(1.03692 -7.16196e-07 0)
(1.03692 2.62955e-07 0)
(1.03692 5.51064e-07 0)
(1.03692 -3.12143e-07 0)
(1.03692 -8.63006e-07 0)
(1.03692 1.23438e-06 0)
(1.03692 3.83542e-07 0)
(1.03692 -2.03081e-06 0)
(1.03692 1.6982e-06 0)
(1.03692 -1.41867e-07 0)
(1.03692 -8.2514e-07 0)
(1.03692 6.40166e-07 0)
(1.03692 1.72217e-07 0)
(1.03692 -4.48434e-07 0)
(1.03692 -7.17565e-07 0)
(1.03692 1.37314e-06 0)
(1.03692 -4.04861e-07 0)
(1.03692 -1.25533e-06 0)
(1.03692 1.52666e-06 0)
(1.03692 -9.01576e-07 0)
(1.03692 -6.23636e-07 0)
(1.03692 1.4024e-06 0)
(1.03692 -2.53327e-07 0)
(1.03692 -1.67615e-06 0)
(1.03692 1.57296e-06 0)
(1.03692 -8.53252e-07 0)
(1.03692 1.97023e-07 0)
(1.03692 6.83396e-07 0)
(1.03692 -6.17752e-07 0)
(1.03692 -2.82765e-07 0)
(1.03692 2.41366e-07 0)
(1.03692 4.17899e-07 0)
(1.03692 3.17436e-07 0)
(1.03692 -5.74428e-08 0)
(1.03692 -1.83439e-07 0)
(1.03692 3.35036e-08 0)
(1.03692 3.15477e-07 0)
(1.03692 3.57253e-07 0)
(1.03692 7.61723e-08 0)
(1.03692 -2.39086e-07 0)
(1.03692 -2.82462e-07 0)
(1.03692 -1.09545e-07 0)
(1.03692 2.4153e-08 0)
(1.03692 -3.97781e-08 0)
(1.03692 -2.40209e-07 0)
(1.03692 -3.80202e-07 0)
(1.03692 -3.11861e-07 0)
(1.03692 -6.05868e-08 0)
(1.03692 2.07133e-07 0)
(1.03692 3.24148e-07 0)
(1.03692 2.60492e-07 0)
(1.03692 1.30203e-07 0)
(1.03692 6.65797e-08 0)
(1.03692 1.15063e-07 0)
(1.03692 1.89935e-07 0)
(1.03692 1.62449e-07 0)
(1.03692 -3.01462e-08 0)
(1.03692 -2.99227e-07 0)
(1.03692 -4.83401e-07 0)
(1.03692 -4.65762e-07 0)
(1.03692 -2.54841e-07 0)
(1.03692 2.67514e-08 0)
(1.03692 2.291e-07 0)
(1.03692 3.17069e-07 0)
(1.03692 2.24139e-07 0)
(1.03692 4.21134e-07 0)
(1.03692 -3.00446e-07 0)
(1.03693 1.04559e-06 0)
(1.0369 -1.08564e-06 0)
(1.03693 -3.13441e-06 0)
(0.879691 -0.148168 0)
(1.14157 -0.0533775 0)
(0.979246 -0.0142411 0)
(0.997484 -0.00531684 0)
(0.990142 -0.00265233 0)
(0.985174 -0.00116724 0)
(0.983445 -0.000571275 0)
(0.982566 -0.000298121 0)
(0.982085 -0.000156093 0)
(0.981833 -8.23041e-05 0)
(0.981699 -4.32912e-05 0)
(0.981628 -2.37119e-05 0)
(0.98159 -1.1952e-05 0)
(0.98157 -6.80207e-06 0)
(0.981559 -3.59061e-06 0)
(0.981553 -1.83573e-06 0)
(0.98155 -9.22041e-07 0)
(0.981548 -6.41969e-07 0)
(0.981547 -4.47539e-07 0)
(0.981547 1.87425e-07 0)
(0.981546 -1.8452e-07 0)
(0.981547 -3.16185e-07 0)
(0.981547 2.85744e-07 0)
(0.981546 1.39468e-07 0)
(0.981547 -7.93725e-07 0)
(0.981547 8.79669e-07 0)
(0.981545 4.40694e-08 0)
(0.981547 -7.84686e-07 0)
(0.981547 3.52681e-07 0)
(0.981545 4.89037e-07 0)
(0.981547 -5.89872e-07 0)
(0.981547 1.09852e-07 0)
(0.981547 5.51879e-07 0)
(0.981544 -2.47728e-07 0)
(0.98155 -8.01003e-07 0)
(0.981546 1.06022e-06 0)
(0.981543 3.91205e-07 0)
(0.98155 -1.74821e-06 0)
(0.981545 1.33665e-06 0)
(0.981546 4.69129e-08 0)
(0.981548 -7.8172e-07 0)
(0.981547 5.05403e-07 0)
(0.981545 2.57707e-07 0)
(0.981546 -4.86571e-07 0)
(0.98155 -5.73536e-07 0)
(0.981543 1.18677e-06 0)
(0.981546 -3.93092e-07 0)
(0.98155 -1.01531e-06 0)
(0.981543 1.25601e-06 0)
(0.981547 -7.90345e-07 0)
(0.98155 -4.80672e-07 0)
(0.981543 1.18458e-06 0)
(0.981547 -2.81169e-07 0)
(0.981548 -1.30487e-06 0)
(0.981543 1.1818e-06 0)
(0.981548 -6.59899e-07 0)
(0.981546 1.94459e-07 0)
(0.981545 5.5788e-07 0)
(0.981546 -5.03704e-07 0)
(0.981546 -2.77054e-07 0)
(0.981547 1.8552e-07 0)
(0.981547 3.86516e-07 0)
(0.981546 3.13463e-07 0)
(0.981546 -3.66014e-08 0)
(0.981546 -1.88343e-07 0)
(0.981547 1.8836e-09 0)
(0.981547 2.87909e-07 0)
(0.981547 3.56071e-07 0)
(0.981546 9.02929e-08 0)
(0.981546 -2.27207e-07 0)
(0.981547 -2.8672e-07 0)
(0.981547 -1.157e-07 0)
(0.981547 3.61811e-08 0)
(0.981546 -1.35694e-08 0)
(0.981546 -2.11097e-07 0)
(0.981546 -3.63998e-07 0)
(0.981546 -3.11765e-07 0)
(0.981546 -6.80692e-08 0)
(0.981546 1.97705e-07 0)
(0.981546 3.20956e-07 0)
(0.981546 2.62551e-07 0)
(0.981546 1.26827e-07 0)
(0.981546 4.76732e-08 0)
(0.981547 8.60464e-08 0)
(0.981547 1.69713e-07 0)
(0.981547 1.67185e-07 0)
(0.981546 -4.53622e-09 0)
(0.981546 -2.65471e-07 0)
(0.981546 -4.6795e-07 0)
(0.981546 -4.72074e-07 0)
(0.981546 -2.68055e-07 0)
(0.981546 2.4011e-08 0)
(0.981546 2.33624e-07 0)
(0.981546 3.21652e-07 0)
(0.981546 1.97645e-07 0)
(0.981548 4.3359e-07 0)
(0.981542 -4.31281e-07 0)
(0.981558 1.23071e-06 0)
(0.981533 -1.08306e-06 0)
(0.981552 -3.52132e-06 0)
(0.786962 -0.155652 0)
(0.958866 -0.043978 0)
(0.792226 -0.00762755 0)
(0.810703 -0.00237334 0)
(0.803214 -0.00132781 0)
(0.798767 -0.000512041 0)
(0.797278 -0.000244751 0)
(0.796525 -0.000130383 0)
(0.796112 -6.82191e-05 0)
(0.795896 -3.58359e-05 0)
(0.795782 -1.87725e-05 0)
(0.795721 -1.03886e-05 0)
(0.795689 -5.13983e-06 0)
(0.795672 -2.94946e-06 0)
(0.795662 -1.59604e-06 0)
(0.795658 -7.76367e-07 0)
(0.795655 -3.6327e-07 0)
(0.795654 -3.11873e-07 0)
(0.795653 -2.29624e-07 0)
(0.795652 1.53942e-07 0)
(0.795652 -9.06994e-08 0)
(0.795652 -2.10137e-07 0)
(0.795652 1.89879e-07 0)
(0.795651 1.01949e-07 0)
(0.795652 -5.09391e-07 0)
(0.795652 5.40215e-07 0)
(0.795651 8.76328e-08 0)
(0.795653 -5.28917e-07 0)
(0.795652 2.02925e-07 0)
(0.795651 3.49413e-07 0)
(0.795652 -3.79415e-07 0)
(0.795652 1.64712e-08 0)
(0.795653 4.17099e-07 0)
(0.79565 -1.82867e-07 0)
(0.795654 -5.6401e-07 0)
(0.795652 7.57912e-07 0)
(0.79565 2.09417e-07 0)
(0.795655 -1.10539e-06 0)
(0.795651 8.59758e-07 0)
(0.795652 4.95519e-08 0)
(0.795653 -5.36285e-07 0)
(0.795653 3.56023e-07 0)
(0.795651 2.27598e-07 0)
(0.795652 -4.34025e-07 0)
(0.795654 -3.10494e-07 0)
(0.79565 8.10385e-07 0)
(0.795652 -3.50247e-07 0)
(0.795654 -5.60047e-07 0)
(0.795649 8.06075e-07 0)
(0.795652 -6.12553e-07 0)
(0.795654 -2.2964e-07 0)
(0.795649 7.98568e-07 0)
(0.795653 -2.78007e-07 0)
(0.795653 -7.15046e-07 0)
(0.795649 6.64779e-07 0)
(0.795653 -4.48585e-07 0)
(0.795651 1.82747e-07 0)
(0.795651 3.71657e-07 0)
(0.795652 -3.24178e-07 0)
(0.795651 -2.15582e-07 0)
(0.795651 8.15632e-08 0)
(0.795652 2.68805e-07 0)
(0.795652 2.53435e-07 0)
(0.795652 -6.19332e-10 0)
(0.795652 -1.57108e-07 0)
(0.795652 -4.56272e-08 0)
(0.795653 1.9057e-07 0)
(0.795653 2.81206e-07 0)
(0.795653 9.22715e-08 0)
(0.795653 -1.61704e-07 0)
(0.795653 -2.28176e-07 0)
(0.795653 -9.60958e-08 0)
(0.795652 4.09614e-08 0)
(0.795652 2.385e-08 0)
(0.795652 -1.29412e-07 0)
(0.795651 -2.65596e-07 0)
(0.795651 -2.43566e-07 0)
(0.795651 -6.41016e-08 0)
(0.795651 1.3969e-07 0)
(0.795651 2.41994e-07 0)
(0.795651 2.01796e-07 0)
(0.795652 9.0851e-08 0)
(0.795652 1.67401e-08 0)
(0.795652 3.91017e-08 0)
(0.795653 1.13412e-07 0)
(0.795653 1.34658e-07 0)
(0.795653 2.58421e-08 0)
(0.795652 -1.70249e-07 0)
(0.795652 -3.40615e-07 0)
(0.795651 -3.63258e-07 0)
(0.795651 -2.15692e-07 0)
(0.795651 1.22682e-08 0)
(0.795651 1.79015e-07 0)
(0.795651 2.48622e-07 0)
(0.795651 1.17622e-07 0)
(0.795653 3.55129e-07 0)
(0.795648 -4.49283e-07 0)
(0.795661 1.06404e-06 0)
(0.795644 -6.68091e-07 0)
(0.795652 -2.91066e-06 0)
(0.467886 -0.0748452 0)
(0.453031 -0.0164742 0)
(0.337108 -0.00154725 0)
(0.353974 -0.000422259 0)
(0.348312 -0.000331609 0)
(0.345857 -9.50943e-05 0)
(0.345163 -4.43993e-05 0)
(0.344797 -2.53126e-05 0)
(0.344592 -1.32314e-05 0)
(0.344485 -6.90536e-06 0)
(0.344429 -3.59184e-06 0)
(0.344399 -2.03208e-06 0)
(0.344383 -9.48009e-07 0)
(0.344375 -5.5405e-07 0)
(0.34437 -3.28195e-07 0)
(0.344368 -1.45218e-07 0)
(0.344366 -4.64522e-08 0)
(0.344366 -7.00497e-08 0)
(0.344365 -6.01352e-08 0)
(0.344365 6.67424e-08 0)
(0.344365 -2.18247e-08 0)
(0.344365 -8.05296e-08 0)
(0.344365 7.00196e-08 0)
(0.344365 5.67075e-08 0)
(0.344365 -1.73972e-07 0)
(0.344365 1.59172e-07 0)
(0.344365 5.27782e-08 0)
(0.344365 -1.76894e-07 0)
(0.344365 4.83121e-08 0)
(0.344365 1.39924e-07 0)
(0.344365 -1.14866e-07 0)
(0.344365 -2.12101e-08 0)
(0.344365 1.54015e-07 0)
(0.344365 -5.22921e-08 0)
(0.344365 -2.02838e-07 0)
(0.344365 2.66351e-07 0)
(0.344365 6.86251e-08 0)
(0.344366 -3.8062e-07 0)
(0.344364 2.8592e-07 0)
(0.344365 3.76843e-08 0)
(0.344366 -1.94978e-07 0)
(0.344365 1.026e-07 0)
(0.344365 9.00721e-08 0)
(0.344365 -1.61883e-07 0)
(0.344365 -9.43179e-08 0)
(0.344364 2.80805e-07 0)
(0.344366 -1.46225e-07 0)
(0.344365 -1.81763e-07 0)
(0.344364 2.77312e-07 0)
(0.344365 -2.17156e-07 0)
(0.344365 -5.83075e-08 0)
(0.344364 2.67274e-07 0)
(0.344366 -1.24001e-07 0)
(0.344365 -2.15076e-07 0)
(0.344363 2.18458e-07 0)
(0.344365 -1.41786e-07 0)
(0.344364 7.32699e-08 0)
(0.344364 1.08276e-07 0)
(0.344365 -1.14254e-07 0)
(0.344364 -6.36125e-08 0)
(0.344364 3.63794e-08 0)
(0.344364 9.66e-08 0)
(0.344365 8.16157e-08 0)
(0.344365 -6.78824e-09 0)
(0.344365 -5.57852e-08 0)
(0.344365 -1.36509e-08 0)
(0.344365 7.06478e-08 0)
(0.344366 9.36881e-08 0)
(0.344366 2.3127e-08 0)
(0.344366 -6.32148e-08 0)
(0.344366 -7.8343e-08 0)
(0.344365 -2.74291e-08 0)
(0.344365 1.85132e-08 0)
(0.344365 9.40252e-09 0)
(0.344365 -4.77366e-08 0)
(0.344365 -9.14665e-08 0)
(0.344364 -7.72284e-08 0)
(0.344364 -1.37008e-08 0)
(0.344364 5.44308e-08 0)
(0.344364 8.37827e-08 0)
(0.344365 6.48738e-08 0)
(0.344365 2.51258e-08 0)
(0.344365 4.90346e-10 0)
(0.344365 1.01886e-08 0)
(0.344365 3.6638e-08 0)
(0.344366 4.34662e-08 0)
(0.344366 6.92867e-09 0)
(0.344366 -6.17397e-08 0)
(0.344365 -1.1625e-07 0)
(0.344364 -1.17953e-07 0)
(0.344364 -6.29331e-08 0)
(0.344363 1.52046e-08 0)
(0.344364 6.94598e-08 0)
(0.344364 8.93455e-08 0)
(0.344364 3.0297e-08 0)
(0.344366 1.38529e-07 0)
(0.344364 -1.89266e-07 0)
(0.344369 4.12877e-07 0)
(0.344364 -2.16329e-07 0)
(0.344362 -1.14804e-06 0)
)
;

boundaryField
{
    inlet
    {
        type            fixedValue;
        value           uniform (1 0 0);
    }
    outlet
    {
        type            zeroGradient;
    }
    upperWall
    {
        type            noSlip;
    }
    lowerWall
    {
        type            noSlip;
    }
    frontAndBack
    {
        type            empty;
    }
}


// ************************************************************************* //
