/*--------------------------------*- C++ -*----------------------------------*\
| =========                 |                                                 |
| \\      /  F ield         | OpenFOAM: The Open Source CFD Toolbox           |
|  \\    /   O peration     | Version:  5.x                                   |
|   \\  /    A nd           | Web:      www.OpenFOAM.org                      |
|    \\/     M anipulation  |                                                 |
\*---------------------------------------------------------------------------*/
FoamFile
{
    version     2.0;
    format      ascii;
    class       surfaceScalarField;
    location    "0.02";
    object      phi;
}
// * * * * * * * * * * * * * * * * * * * * * * * * * * * * * * * * * * * * * //

dimensions      [0 3 -1 0 0 0 0];

internalField   nonuniform List<scalar> 
7860
(
0.00173577
0.000764227
0.00155778
0.000177997
0.00153262
2.51547e-05
0.00152424
8.37905e-06
0.00151964
4.59815e-06
0.00151748
2.1605e-06
0.0015164
1.08005e-06
0.00151585
5.54295e-07
0.00151556
2.86501e-07
0.00151541
1.54974e-07
0.00151533
7.94371e-08
0.00151528
4.53924e-08
0.00151526
2.54222e-08
0.00151524
1.44777e-08
0.00151524
4.97121e-09
0.00151523
4.60646e-09
0.00151523
1.99309e-09
0.00151523
2.01633e-09
0.00151523
3.09934e-10
0.00151523
-1.47391e-11
0.00151523
1.96518e-09
0.00151523
-3.70835e-09
0.00151523
3.07015e-09
0.00151523
1.16798e-09
0.00151523
-2.49255e-09
0.00151523
1.63639e-09
0.00151523
-6.16847e-10
0.00151523
1.94134e-09
0.00151523
9.41373e-10
0.00151523
-3.6571e-09
0.00151523
9.6757e-10
0.00151523
3.09396e-09
0.00151522
3.4315e-10
0.00151523
-4.04652e-09
0.00151523
3.21575e-09
0.00151522
1.38738e-09
0.00151523
-4.35704e-09
0.00151522
3.84403e-09
0.00151523
-1.75161e-09
0.00151523
2.34465e-10
0.00151522
4.98335e-09
0.00151523
-5.0357e-09
0.00151523
-4.96326e-09
0.00151522
9.88794e-09
0.00151523
-3.80001e-09
0.00151523
-3.26704e-09
0.00151522
4.41866e-09
0.00151523
-7.70488e-09
0.00151522
6.90415e-09
0.00151523
-2.55128e-09
0.00151524
-1.08165e-08
0.00151522
1.33036e-08
0.00151523
-6.46111e-09
0.00151523
-2.36109e-09
0.00151523
-1.11038e-09
0.00151523
2.92863e-09
0.00151523
-1.47946e-09
0.00151524
-4.22111e-09
0.00151523
7.34647e-09
0.00151523
-3.67897e-09
0.00151523
5.89493e-10
0.00151523
2.58921e-09
0.00151523
2.89643e-09
0.00151522
3.79954e-09
0.00151523
-3.74823e-09
0.00151523
7.02149e-10
0.00151522
7.27515e-09
0.00151522
8.13115e-10
0.00151522
-2.44568e-09
0.00151522
1.63317e-10
0.00151522
-2.82855e-10
0.00151522
-1.03631e-09
0.00151522
-2.05315e-09
0.00151523
-5.06528e-09
0.00151523
-4.05003e-09
0.00151523
1.26876e-09
0.00151523
1.20411e-09
0.00151524
-5.41634e-09
0.00151524
-6.73222e-09
0.00151524
2.21155e-09
0.00151523
1.13767e-08
0.00151522
9.15383e-09
0.00151522
-7.08457e-10
0.00151523
-5.79755e-09
0.00151523
-5.14492e-10
0.00151522
7.0521e-09
0.00151522
5.78717e-09
0.00151522
-3.97538e-09
0.00151523
-1.2231e-08
0.00151524
-1.04999e-08
0.00151524
-1.60497e-09
0.00151524
5.70378e-09
0.00151523
5.3891e-09
0.00151523
3.10053e-10
0.00151523
-2.9571e-09
0.00151524
-9.93582e-10
0.00151523
8.25142e-09
0.00151523
1.34167e-09
0.00151518
4.80472e-08
5.73287e-08
0.00251027
0.000753961
0.00245694
0.000231318
0.00242631
5.57887e-05
0.0024137
2.09904e-05
0.00240804
1.02558e-05
0.00240521
4.98737e-06
0.00240377
2.52305e-06
0.00240301
1.31078e-06
0.00240261
6.86463e-07
0.0024024
3.68583e-07
0.00240229
1.91116e-07
0.00240223
1.08564e-07
0.00240219
5.8529e-08
0.00240218
3.18421e-08
0.00240217
1.41606e-08
0.00240216
1.13051e-08
0.00240216
3.17997e-09
0.00240216
3.78129e-09
0.00240216
2.14721e-09
0.00240216
-2.04523e-10
0.00240215
3.48942e-09
0.00240216
-6.74331e-09
0.00240215
5.46732e-09
0.00240215
2.81716e-09
0.00240216
-5.67999e-09
0.00240215
3.01819e-09
0.00240215
9.45278e-11
0.00240215
2.07254e-09
0.00240215
8.07119e-10
0.00240216
-5.15398e-09
0.00240215
2.93363e-09
0.00240215
2.8174e-09
0.00240215
1.0289e-09
0.00240216
-6.40916e-09
0.00240215
5.13212e-09
0.00240215
3.111e-09
0.00240216
-8.7544e-09
0.00240215
6.96364e-09
0.00240215
-1.51776e-09
0.00240216
-1.81535e-09
0.00240215
8.17123e-09
0.00240215
-6.76006e-09
0.00240216
-8.96035e-09
0.00240215
1.67249e-08
0.00240215
-6.61013e-09
0.00240216
-6.59956e-09
0.00240215
1.02027e-08
0.00240216
-1.39992e-08
0.00240215
1.09334e-08
0.00240215
-2.92831e-09
0.00240216
-1.76072e-08
0.00240215
2.26453e-08
0.00240216
-1.19778e-08
0.00240216
-2.97777e-09
0.00240216
-5.81575e-10
0.00240216
4.16596e-09
0.00240216
-2.07352e-09
0.00240216
-8.1416e-09
0.00240215
1.44018e-08
0.00240216
-8.20859e-09
0.00240216
1.54653e-09
0.00240216
3.2941e-09
0.00240215
4.24889e-09
0.00240215
6.60697e-09
0.00240216
-7.65903e-09
0.00240216
5.87085e-10
0.00240215
1.21472e-08
0.00240215
9.04197e-10
0.00240215
-4.53943e-09
0.00240215
-1.85462e-10
0.00240215
-2.77937e-10
0.00240215
-6.03454e-10
0.00240215
-2.01714e-09
0.00240216
-7.36733e-09
0.00240216
-6.54282e-09
0.00240216
1.97649e-09
0.00240216
2.84911e-09
0.00240216
-6.50093e-09
0.00240216
-9.66799e-09
0.00240216
2.06772e-09
0.00240216
1.47391e-08
0.00240215
1.29362e-08
0.00240215
-4.63481e-10
0.00240215
-7.95203e-09
0.00240216
-1.56218e-09
0.00240215
8.52277e-09
0.00240215
8.00792e-09
0.00240215
-4.30939e-09
0.00240215
-1.52539e-08
0.00240216
-1.39204e-08
0.00240216
-2.72175e-09
0.00240216
6.95211e-09
0.00240216
7.3539e-09
0.00240216
1.16208e-09
0.00240216
-2.97957e-09
0.00240215
-5.38776e-10
0.00240215
1.0636e-08
0.00240215
6.35425e-09
0.00240214
5.84053e-08
6.63412e-08
0.002603
0.000650956
0.00259018
0.000244141
0.00256645
7.95167e-05
0.00255488
3.25611e-05
0.00254952
1.56142e-05
0.00254678
7.73303e-06
0.00254536
3.94644e-06
0.00254461
2.06142e-06
0.00254421
1.08589e-06
0.00254399
5.8308e-07
0.00254388
3.04645e-07
0.00254382
1.70342e-07
0.00254378
9.18352e-08
0.00254377
4.87168e-08
0.00254376
2.33934e-08
0.00254375
1.79615e-08
0.00254375
5.8396e-09
0.00254375
4.25008e-09
0.00254375
2.44169e-09
0.00254374
1.47196e-09
0.00254374
5.05722e-09
0.00254375
-9.05162e-09
0.00254375
5.1667e-09
0.00254374
5.47672e-09
0.00254374
-6.73665e-09
0.00254374
2.68205e-09
0.00254375
-9.04903e-10
0.00254374
3.35289e-09
0.00254374
2.13451e-09
0.00254375
-7.60426e-09
0.00254374
3.7936e-09
0.00254374
2.58739e-09
0.00254374
2.80737e-09
0.00254375
-8.57432e-09
0.00254375
5.03512e-09
0.00254374
6.24248e-09
0.00254375
-1.291e-08
0.00254374
9.09265e-09
0.00254374
-4.94255e-10
0.00254375
-4.42763e-09
0.00254374
9.94579e-09
0.00254374
-5.66068e-09
0.00254375
-1.32645e-08
0.00254374
2.05649e-08
0.00254374
-6.1796e-09
0.00254375
-1.09082e-08
0.00254374
1.54504e-08
0.00254375
-1.82672e-08
0.00254374
1.2376e-08
0.00254374
-4.91254e-10
0.00254375
-2.30913e-08
0.00254374
2.76704e-08
0.00254374
-1.36669e-08
0.00254375
-3.85611e-09
0.00254374
3.77534e-10
0.00254375
3.50813e-09
0.00254374
-4.30507e-10
0.00254375
-1.18522e-08
0.00254374
1.95467e-08
0.00254375
-1.20903e-08
0.00254374
2.46569e-09
0.00254374
3.89352e-09
0.00254374
4.08601e-09
0.00254374
8.30203e-09
0.00254375
-1.0412e-08
0.00254375
-4.3323e-11
0.00254374
1.53792e-08
0.00254374
9.20276e-10
0.00254374
-6.59655e-09
0.00254375
-5.77727e-10
0.00254374
2.38444e-10
0.00254374
2.85462e-10
0.00254374
-1.5709e-09
0.00254374
-8.36081e-09
0.00254375
-7.6234e-09
0.00254375
2.43378e-09
0.00254374
4.23929e-09
0.00254374
-6.21124e-09
0.00254374
-1.06021e-08
0.00254375
9.9586e-10
0.00254375
1.50669e-08
0.00254374
1.3868e-08
0.00254374
1.88314e-10
0.00254374
-8.55557e-09
0.00254375
-2.66274e-09
0.00254375
8.12595e-09
0.00254375
8.5797e-09
0.00254374
-3.28071e-09
0.00254374
-1.47924e-08
0.00254374
-1.42857e-08
0.00254374
-3.48379e-09
0.00254375
6.59618e-09
0.00254374
7.72972e-09
0.00254374
2.11289e-09
0.00254374
-2.07973e-09
0.00254374
2.14062e-10
0.00254374
1.06085e-08
0.00254374
1.07269e-08
0.00254374
5.25719e-08
5.68174e-08
0.00259544
0.000555518
0.00259502
0.000244562
0.00257902
9.55096e-05
0.00256966
4.19271e-05
0.00256496
2.03116e-05
0.00256249
1.02063e-05
0.00256118
5.25297e-06
0.00256049
2.75808e-06
0.00256011
1.45778e-06
0.00255992
7.8062e-07
0.00255981
4.13203e-07
0.00255975
2.28014e-07
0.00255972
1.22123e-07
0.0025597
6.39623e-08
0.00255969
3.40079e-08
0.00255969
2.30473e-08
0.00255969
7.36548e-09
0.00255969
5.93573e-09
0.00255968
3.26622e-09
0.00255968
1.79228e-09
0.00255968
6.0461e-09
0.00255968
-9.1753e-09
0.00255968
3.82087e-09
0.00255968
6.75856e-09
0.00255968
-6.65888e-09
0.00255968
3.27246e-09
0.00255968
-2.5325e-09
0.00255968
2.97467e-09
0.00255968
5.16293e-09
0.00255968
-9.40794e-09
0.00255968
3.50679e-09
0.00255969
9.66605e-10
0.00255968
6.75717e-09
0.00255968
-1.00174e-08
0.00255969
2.09739e-09
0.00255968
9.9056e-09
0.00255968
-1.47518e-08
0.00255968
9.72285e-09
0.00255968
6.78429e-10
0.00255969
-8.16032e-09
0.00255968
1.23879e-08
0.00255968
-2.48513e-09
0.00255969
-1.94796e-08
0.00255968
2.24495e-08
0.00255968
-1.84331e-09
0.00255969
-1.676e-08
0.00255968
1.96532e-08
0.00255968
-2.08164e-08
0.00255968
1.16267e-08
0.00255968
4.77474e-09
0.00255969
-2.89827e-08
0.00255968
2.94267e-08
0.00255968
-1.13134e-08
0.00255968
-6.25799e-09
0.00255968
1.5612e-09
0.00255968
1.34476e-09
0.00255968
3.49982e-09
0.00255968
-1.56552e-08
0.00255968
2.26971e-08
0.00255968
-1.48552e-08
0.00255968
3.2953e-09
0.00255968
5.26309e-09
0.00255968
2.7906e-09
0.00255968
9.10287e-09
0.00255968
-1.17415e-08
0.00255968
-8.09595e-10
0.00255968
1.78794e-08
0.00255968
1.09644e-09
0.00255968
-8.95794e-09
0.00255968
-9.91652e-10
0.00255968
1.78661e-09
0.00255968
9.92196e-10
0.00255968
-2.11621e-09
0.00255968
-8.95877e-09
0.00255968
-7.59616e-09
0.00255968
3.11372e-09
0.00255968
4.81202e-09
0.00255968
-6.26929e-09
0.00255968
-1.10949e-08
0.00255968
7.9085e-10
0.00255968
1.50006e-08
0.00255968
1.40555e-08
0.00255968
8.44175e-11
0.00255968
-8.80209e-09
0.00255968
-3.14807e-09
0.00255968
7.79208e-09
0.00255968
8.79511e-09
0.00255968
-2.59285e-09
0.00255968
-1.40428e-08
0.00255968
-1.40876e-08
0.00255968
-3.84934e-09
0.00255968
6.17707e-09
0.00255968
7.81797e-09
0.00255968
2.79952e-09
0.00255968
-1.22105e-09
0.00255968
9.27849e-10
0.00255968
1.03421e-08
0.00255968
1.36576e-08
0.00255969
4.53053e-08
4.67435e-08
0.00258011
0.000475405
0.00258632
0.000238354
0.00257662
0.000105209
0.00256958
4.89705e-05
0.0025657
2.4191e-05
0.00256358
1.23283e-05
0.00256243
6.40072e-06
0.00256181
3.37389e-06
0.00256148
1.78836e-06
0.0025613
9.58468e-07
0.0025612
5.13094e-07
0.00256115
2.78045e-07
0.00256113
1.48194e-07
0.00256111
7.82893e-08
0.0025611
4.56585e-08
0.0025611
2.60213e-08
0.0025611
8.0014e-09
0.0025611
7.9815e-09
0.0025611
5.04287e-09
0.0025611
1.95824e-09
0.0025611
4.50053e-09
0.00256109
-7.05179e-09
0.00256109
3.35775e-09
0.0025611
6.50704e-09
0.0025611
-7.28876e-09
0.00256109
4.61757e-09
0.00256109
-2.63541e-09
0.0025611
1.00971e-09
0.00256109
7.21194e-09
0.00256109
-9.5176e-09
0.00256109
3.50239e-09
0.0025611
-1.69209e-09
0.00256109
1.00539e-08
0.00256109
-9.4395e-09
0.0025611
-2.2295e-09
0.00256109
1.33821e-08
0.00256109
-1.5428e-08
0.0025611
9.60235e-09
0.00256109
1.5538e-09
0.0025611
-1.12512e-08
0.0025611
1.39003e-08
0.00256109
2.07068e-09
0.0025611
-2.59878e-08
0.0025611
2.21795e-08
0.00256109
5.45512e-09
0.0025611
-2.31374e-08
0.00256109
2.16795e-08
0.0025611
-2.12501e-08
0.0025611
1.00647e-08
0.00256109
1.04613e-08
0.0025611
-3.44206e-08
0.0025611
2.87788e-08
0.00256109
-6.35572e-09
0.00256109
-8.65269e-09
0.0025611
1.1466e-09
0.0025611
-8.76986e-10
0.00256109
8.65305e-09
0.0025611
-1.86988e-08
0.00256109
2.34697e-08
0.0025611
-1.68243e-08
0.0025611
4.7742e-09
0.00256109
7.23832e-09
0.0025611
3.57569e-10
0.0025611
8.94106e-09
0.0025611
-1.14459e-08
0.0025611
-1.18451e-09
0.00256109
1.92663e-08
0.00256109
1.14016e-09
0.0025611
-1.10112e-08
0.0025611
-1.11589e-09
0.00256109
3.52122e-09
0.00256109
1.3844e-09
0.0025611
-3.17248e-09
0.0025611
-9.37082e-09
0.0025611
-6.84493e-09
0.00256109
3.81005e-09
0.00256109
4.73443e-09
0.00256109
-6.69064e-09
0.00256109
-1.11687e-08
0.00256109
9.79351e-10
0.00256109
1.5097e-08
0.00256109
1.37446e-08
0.0025611
-2.37465e-10
0.0025611
-9.00794e-09
0.0025611
-3.22155e-09
0.0025611
7.71096e-09
0.0025611
8.83831e-09
0.0025611
-2.21794e-09
0.00256109
-1.35198e-08
0.00256109
-1.37936e-08
0.00256109
-3.96661e-09
0.00256109
5.90053e-09
0.00256109
7.84749e-09
0.00256109
3.29079e-09
0.00256109
-5.19578e-10
0.00256109
1.51905e-09
0.00256109
1.01531e-08
0.00256109
1.54442e-08
0.0025611
3.92056e-08
3.8871e-08
0.00256707
0.000408333
0.00257763
0.000227791
0.00257286
0.000109979
0.00256801
5.38263e-05
0.00256501
2.71879e-05
0.00256329
1.40479e-05
0.00256234
7.35708e-06
0.00256181
3.89505e-06
0.00256153
2.07127e-06
0.00256138
1.11004e-06
0.00256129
5.98675e-07
0.00256125
3.21559e-07
0.00256123
1.71142e-07
0.00256122
9.01233e-08
0.00256121
5.57042e-08
0.0025612
2.8933e-08
0.0025612
8.14526e-09
0.0025612
9.5063e-09
0.0025612
7.47438e-09
0.0025612
2.1618e-09
0.0025612
1.73708e-09
0.0025612
-4.76154e-09
0.0025612
4.17941e-09
0.0025612
6.27054e-09
0.0025612
-9.58e-09
0.0025612
5.60885e-09
0.0025612
1.48222e-10
0.0025612
-1.859e-09
0.0025612
6.91261e-09
0.0025612
-8.70606e-09
0.0025612
5.41796e-09
0.0025612
-4.74391e-09
0.0025612
1.12383e-08
0.0025612
-7.88204e-09
0.0025612
-5.78937e-09
0.0025612
1.6481e-08
0.0025612
-1.55793e-08
0.0025612
7.67045e-09
0.0025612
3.56693e-09
0.0025612
-1.28823e-08
0.0025612
1.31547e-08
0.0025612
6.6653e-09
0.0025612
-3.03937e-08
0.0025612
2.01714e-08
0.0025612
1.31681e-08
0.0025612
-2.9313e-08
0.0025612
2.25112e-08
0.0025612
-1.93309e-08
0.0025612
6.92064e-09
0.0025612
1.55529e-08
0.0025612
-3.80663e-08
0.0025612
2.66076e-08
0.0025612
-6.44393e-10
0.0025612
-1.10019e-08
0.0025612
1.74069e-11
0.0025612
-2.57538e-09
0.0025612
1.38378e-08
0.0025612
-2.11017e-08
0.0025612
2.26249e-08
0.0025612
-1.79974e-08
0.0025612
6.626e-09
0.0025612
9.52115e-09
0.0025612
-2.86248e-09
0.0025612
8.00473e-09
0.0025612
-9.71807e-09
0.0025612
-1.12469e-09
0.0025612
1.9455e-08
0.0025612
9.62803e-10
0.0025612
-1.24489e-08
0.0025612
-9.52207e-10
0.0025612
5.18292e-09
0.0025612
1.41487e-09
0.0025612
-4.52014e-09
0.0025612
-9.51119e-09
0.0025612
-5.65448e-09
0.0025612
4.42334e-09
0.0025612
4.16254e-09
0.0025612
-7.32369e-09
0.0025612
-1.09715e-08
0.0025612
1.58905e-09
0.0025612
1.52002e-08
0.0025612
1.31761e-08
0.0025612
-8.20611e-10
0.0025612
-9.08583e-09
0.0025612
-2.99331e-09
0.0025612
7.8059e-09
0.0025612
8.77081e-09
0.0025612
-2.12232e-09
0.0025612
-1.31802e-08
0.0025612
-1.34682e-08
0.0025612
-3.91693e-09
0.0025612
5.74575e-09
0.0025612
7.84602e-09
0.0025612
3.63881e-09
0.0025612
3.29697e-11
0.0025612
2.00619e-09
0.0025612
1.00218e-08
0.0025612
1.64272e-08
0.0025612
3.43079e-08
3.29639e-08
0.00255662
0.000351715
0.00257006
0.000214348
0.00256912
0.000110924
0.00256625
5.66949e-05
0.00256415
2.92866e-05
0.00256286
1.53378e-05
0.00256212
8.10048e-06
0.0025617
4.30822e-06
0.00256148
2.29966e-06
0.00256135
1.23288e-06
0.00256128
6.6675e-07
0.00256125
3.56666e-07
0.00256123
1.90884e-07
0.00256122
1.00871e-07
0.00256121
6.22651e-08
0.00256121
3.05483e-08
0.00256121
9.45942e-09
0.00256121
1.14417e-08
0.00256121
9.18054e-09
0.00256121
1.01568e-09
0.00256121
-6.83267e-10
0.00256121
-1.04798e-09
0.00256121
4.50117e-09
0.00256121
5.51635e-09
0.00256121
-1.23299e-08
0.00256121
6.3856e-09
0.0025612
5.85437e-09
0.00256121
-6.2512e-09
0.00256121
3.37659e-09
0.00256121
-5.73832e-09
0.0025612
1.06793e-08
0.00256121
-9.86985e-09
0.00256121
8.47558e-09
0.00256121
-3.64962e-09
0.00256121
-6.25413e-09
0.0025612
1.75277e-08
0.00256121
-1.77853e-08
0.00256121
5.83683e-09
0.0025612
8.35662e-09
0.0025612
-1.37035e-08
0.00256121
8.12944e-09
0.0025612
1.1672e-08
0.00256121
-3.06659e-08
0.00256121
1.64258e-08
0.0025612
1.88068e-08
0.00256121
-3.45592e-08
0.00256121
2.372e-08
0.0025612
-1.55429e-08
0.00256121
1.48151e-09
0.00256121
1.94359e-08
0.00256121
-3.87625e-08
0.00256121
2.37333e-08
0.0025612
3.99738e-09
0.00256121
-1.31534e-08
0.00256121
-9.48251e-10
0.00256121
-3.46246e-09
0.0025612
1.82062e-08
0.00256121
-2.32022e-08
0.00256121
2.10568e-08
0.00256121
-1.83386e-08
0.00256121
8.44453e-09
0.0025612
1.17875e-08
0.00256121
-6.45181e-09
0.00256121
6.5754e-09
0.00256121
-6.91779e-09
0.00256121
-6.93455e-10
0.00256121
1.85306e-08
0.00256121
5.60873e-10
0.00256121
-1.31436e-08
0.00256121
-5.03897e-10
0.00256121
6.55073e-09
0.00256121
1.09282e-09
0.00256121
-5.93347e-09
0.00256121
-9.36295e-09
0.00256121
-4.21294e-09
0.00256121
4.87647e-09
0.00256121
3.22474e-09
0.00256121
-8.04156e-09
0.00256121
-1.05121e-08
0.00256121
2.45389e-09
0.00256121
1.52712e-08
0.00256121
1.23874e-08
0.00256121
-1.51542e-09
0.00256121
-9.05138e-09
0.00256121
-2.54189e-09
0.00256121
8.00454e-09
0.00256121
8.60132e-09
0.00256121
-2.23484e-09
0.00256121
-1.29717e-08
0.00256121
-1.31182e-08
0.00256121
-3.74874e-09
0.00256121
5.67701e-09
0.00256121
7.81717e-09
0.00256121
3.87269e-09
0.00256121
4.62456e-10
0.0025612
2.40098e-09
0.00256121
9.91724e-09
0.0025612
1.68683e-08
0.00256121
3.03779e-08
2.8548e-08
0.00254826
0.000303451
0.00256355
0.000199066
0.00256556
0.000108909
0.00256446
5.78002e-05
0.00256324
3.05068e-05
0.00256239
1.6186e-05
0.00256187
8.61719e-06
0.00256157
4.6045e-06
0.00256141
2.46833e-06
0.00256131
1.32458e-06
0.00256127
7.14312e-07
0.00256124
3.82674e-07
0.00256122
2.08702e-07
0.00256121
1.09636e-07
0.00256121
6.27616e-08
0.00256121
3.19445e-08
0.00256121
1.49192e-08
0.00256121
1.19189e-08
0.00256121
6.93969e-09
0.00256121
5.92203e-10
0.00256121
7.56819e-10
0.0025612
1.99744e-09
0.00256121
7.51452e-10
0.00256121
5.81106e-09
0.00256121
-1.11625e-08
0.00256121
5.12371e-09
0.0025612
9.14118e-09
0.00256121
-8.99027e-09
0.00256121
9.99981e-10
0.00256121
-3.43811e-09
0.0025612
1.52597e-08
0.00256121
-1.41476e-08
0.00256121
4.23489e-09
0.00256121
1.69721e-09
0.0025612
-5.41756e-09
0.00256121
1.67797e-08
0.00256121
-2.02661e-08
0.00256121
4.26601e-09
0.0025612
1.43101e-08
0.0025612
-1.36136e-08
0.00256121
-2.25393e-10
0.00256121
1.65904e-08
0.0025612
-2.65942e-08
0.00256121
1.0946e-08
0.00256121
2.1756e-08
0.00256121
-3.83854e-08
0.00256121
2.57556e-08
0.0025612
-1.04045e-08
0.00256121
-6.3065e-09
0.00256121
2.18861e-08
0.0025612
-3.60609e-08
0.00256121
2.06549e-08
0.00256121
6.58493e-09
0.00256121
-1.51971e-08
0.00256121
-9.71221e-10
0.00256121
-3.42627e-09
0.0025612
2.11482e-08
0.00256121
-2.5354e-08
0.00256121
1.95763e-08
0.00256121
-1.77608e-08
0.00256121
9.78903e-09
0.0025612
1.36962e-08
0.00256121
-9.91934e-09
0.00256121
4.93547e-09
0.00256121
-3.45051e-09
0.00256121
-4.01652e-11
0.00256121
1.66857e-08
0.00256121
-4.75355e-12
0.00256121
-1.30771e-08
0.00256121
1.78445e-10
0.00256121
7.49818e-09
0.00256121
4.59196e-10
0.00256121
-7.25504e-09
0.00256121
-8.92916e-09
0.00256121
-2.66752e-09
0.00256121
5.12223e-09
0.00256121
2.0325e-09
0.00256121
-8.74575e-09
0.00256121
-9.82479e-09
0.00256121
3.46624e-09
0.00256121
1.52684e-08
0.00256121
1.14381e-08
0.00256121
-2.2554e-09
0.00256121
-8.89679e-09
0.00256121
-1.93158e-09
0.00256121
8.25233e-09
0.00256121
8.33754e-09
0.00256121
-2.49921e-09
0.00256121
-1.28512e-08
0.00256121
-1.27456e-08
0.00256121
-3.49691e-09
0.00256121
5.66592e-09
0.00256121
7.76125e-09
0.00256121
4.01362e-09
0.00256121
7.90359e-10
0.00256121
2.71506e-09
0.00256121
9.82034e-09
0.00256121
1.69521e-08
0.00256121
2.72082e-08
2.52394e-08
0.00254158
0.000261875
0.00255796
0.000182683
0.00256225
0.000104613
0.00256269
5.73679e-05
0.0025623
3.08912e-05
0.00256189
1.65939e-05
0.00256161
8.90209e-06
0.00256144
4.77917e-06
0.00256133
2.57178e-06
0.00256127
1.38264e-06
0.00256125
7.42585e-07
0.00256123
3.99251e-07
0.00256122
2.21023e-07
0.00256121
1.16461e-07
0.00256121
6.02737e-08
0.00256121
3.24714e-08
0.0025612
2.15742e-08
0.0025612
1.20961e-08
0.00256121
2.4705e-09
0.00256121
2.51729e-10
0.00256121
4.54666e-09
0.0025612
5.29735e-09
0.00256121
-6.43075e-09
0.00256121
5.77633e-09
0.0025612
-4.9775e-09
0.00256121
2.56487e-09
0.00256121
7.77384e-09
0.00256121
-9.88737e-09
0.00256121
2.79738e-09
0.00256121
-2.97983e-09
0.00256121
1.60291e-08
0.00256121
-1.6312e-08
0.00256121
2.1163e-09
0.00256121
6.24904e-09
0.00256121
-5.83446e-09
0.00256121
1.53227e-08
0.00256121
-2.08813e-08
0.00256121
2.80863e-09
0.0025612
1.88456e-08
0.0025612
-1.23456e-08
0.00256121
-9.43941e-09
0.00256121
2.08004e-08
0.0025612
-1.97385e-08
0.00256121
4.07976e-09
0.00256121
2.27714e-08
0.00256121
-4.04558e-08
0.00256121
2.7917e-08
0.0025612
-4.46614e-09
0.00256121
-1.55642e-08
0.00256121
2.29715e-08
0.0025612
-3.04411e-08
0.00256121
1.762e-08
0.00256121
6.96042e-09
0.00256121
-1.71519e-08
0.00256121
2.48874e-10
0.00256121
-2.5212e-09
0.0025612
2.24257e-08
0.00256121
-2.77936e-08
0.00256121
1.8747e-08
0.00256121
-1.6202e-08
0.00256121
1.0271e-08
0.0025612
1.50084e-08
0.00256121
-1.28614e-08
0.00256121
3.36367e-09
0.00256121
2.89477e-10
0.0025612
6.53379e-10
0.00256121
1.41655e-08
0.00256121
-6.33971e-10
0.00256121
-1.23165e-08
0.00256121
1.02368e-09
0.00256121
7.96961e-09
0.00256121
-4.29359e-10
0.00256121
-8.37565e-09
0.00256121
-8.2339e-09
0.00256121
-1.13269e-09
0.00256121
5.14045e-09
0.00256121
6.79188e-10
0.00256121
-9.36555e-09
0.00256121
-8.94781e-09
0.00256121
4.54474e-09
0.00256121
1.51653e-08
0.00256121
1.03752e-08
0.00256121
-2.98714e-09
0.00256121
-8.62493e-09
0.00256121
-1.21225e-09
0.00256121
8.50963e-09
0.00256121
7.98842e-09
0.00256121
-2.87274e-09
0.00256121
-1.27853e-08
0.00256121
-1.23523e-08
0.00256121
-3.1874e-09
0.00256121
5.69062e-09
0.00256121
7.67815e-09
0.00256121
4.07778e-09
0.00256121
1.0344e-09
0.00256121
2.96067e-09
0.00256121
9.71986e-09
0.00256121
1.68057e-08
0.00256121
2.46341e-08
2.27469e-08
0.00253621
0.000225664
0.00255318
0.000165712
0.00255923
9.85664e-05
0.00256098
5.56131e-05
0.00256138
3.04985e-05
0.0025614
1.65738e-05
0.00256134
8.95695e-06
0.00256129
4.83057e-06
0.00256126
2.60663e-06
0.00256123
1.40492e-06
0.00256122
7.53917e-07
0.00256122
4.05997e-07
0.00256121
2.24805e-07
0.00256121
1.20338e-07
0.00256121
5.91558e-08
0.00256121
3.16575e-08
0.00256121
2.55053e-08
0.00256121
1.24301e-08
0.00256121
-8.15099e-10
0.00256121
2.21009e-10
0.00256121
6.85128e-09
0.0025612
8.75259e-09
0.00256121
-1.27974e-08
0.00256121
4.3007e-09
0.0025612
2.81445e-09
0.0025612
6.94495e-10
0.00256121
3.32797e-09
0.00256121
-1.04469e-08
0.0025612
8.53165e-09
0.0025612
-3.64612e-09
0.00256121
1.2166e-08
0.00256121
-1.61846e-08
0.00256121
3.46064e-09
0.0025612
9.38025e-09
0.00256121
-8.99399e-09
0.00256121
1.35546e-08
0.00256121
-1.78394e-08
0.00256121
1.4135e-09
0.00256121
1.96893e-08
0.0025612
-9.84637e-09
0.00256121
-1.68857e-08
0.00256121
2.36607e-08
0.0025612
-1.20154e-08
0.00256121
-3.65903e-09
0.00256121
2.30088e-08
0.00256121
-4.05131e-08
0.00256121
2.9053e-08
0.0025612
1.56416e-09
0.00256121
-2.47261e-08
0.00256121
2.28551e-08
0.0025612
-2.29702e-08
0.00256121
1.46841e-08
0.00256121
5.52838e-09
0.00256121
-1.88827e-08
0.00256121
2.58965e-09
0.00256121
-9.95621e-10
0.00256121
2.21643e-08
0.00256121
-3.05786e-08
0.00256121
1.88141e-08
0.00256121
-1.3684e-08
0.00256121
9.66739e-09
0.00256121
1.55751e-08
0.00256121
-1.49681e-08
0.00256121
2.09689e-09
0.00256121
3.9045e-09
0.0025612
1.24678e-09
0.00256121
1.12281e-08
0.00256121
-1.21537e-09
0.00256121
-1.09714e-08
0.00256121
1.92846e-09
0.00256121
7.96714e-09
0.00256121
-1.49719e-09
0.00256121
-9.22664e-09
0.00256121
-7.31773e-09
0.00256121
3.04605e-10
0.00256121
4.92314e-09
0.00256121
-7.43282e-10
0.00256121
-9.85942e-09
0.00256121
-7.91885e-09
0.00256121
5.62477e-09
0.00256121
1.49479e-08
0.00256121
9.23921e-09
0.00256121
-3.67126e-09
0.00256121
-8.24323e-09
0.00256121
-4.24242e-10
0.00256121
8.74766e-09
0.00256121
7.5634e-09
0.00256121
-3.32147e-09
0.00256121
-1.27488e-08
0.00256121
-1.19399e-08
0.00256121
-2.83993e-09
0.00256121
5.73427e-09
0.00256121
7.56795e-09
0.00256121
4.07814e-09
0.00256121
1.2093e-09
0.00256121
3.14914e-09
0.00256121
9.60969e-09
0.00256121
1.65144e-08
0.00256121
2.25258e-08
2.08511e-08
0.00253191
0.000193758
0.00254912
0.0001485
0.0025565
9.11847e-05
0.00255938
5.27339e-05
0.00256048
2.93986e-05
0.0025609
1.61473e-05
0.00256107
8.78765e-06
0.00256114
4.76007e-06
0.00256118
2.57319e-06
0.00256119
1.39025e-06
0.0025612
7.48609e-07
0.0025612
4.03082e-07
0.00256121
2.19823e-07
0.00256121
1.19781e-07
0.0025612
6.10763e-08
0.00256121
3.03238e-08
0.00256121
2.44944e-08
0.00256121
1.25752e-08
0.00256121
-8.18112e-10
0.00256121
1.29428e-09
0.00256121
4.94659e-09
0.00256121
1.1236e-08
0.00256121
-1.43294e-08
0.00256121
1.50813e-09
0.0025612
7.92547e-09
0.0025612
4.47206e-10
0.00256121
-6.52555e-10
0.00256121
-1.16074e-08
0.0025612
1.49659e-08
0.0025612
-4.12034e-09
0.00256121
5.82333e-09
0.00256121
-1.4756e-08
0.00256121
7.17243e-09
0.0025612
1.12474e-08
0.00256121
-1.41978e-08
0.00256121
1.15168e-08
0.0025612
-1.13568e-08
0.00256121
3.79629e-10
0.00256121
1.60723e-08
0.00256121
-6.43083e-09
0.00256121
-2.088e-08
0.00256121
2.49906e-08
0.0025612
-5.20881e-09
0.00256121
-1.18767e-08
0.00256121
2.37759e-08
0.00256121
-3.85325e-08
0.00256121
2.81985e-08
0.0025612
6.95836e-09
0.00256121
-3.23888e-08
0.00256121
2.19576e-08
0.0025612
-1.49067e-08
0.00256121
1.17186e-08
0.00256121
3.05081e-09
0.00256121
-2.01288e-08
0.00256121
5.57168e-09
0.0025612
7.85435e-10
0.00256121
2.07683e-08
0.00256121
-3.36011e-08
0.00256121
1.974e-08
0.0025612
-1.03281e-08
0.00256121
7.93825e-09
0.00256121
1.53447e-08
0.00256121
-1.60509e-08
0.00256121
1.27393e-09
0.00256121
7.11784e-09
0.0025612
1.60504e-09
0.00256121
8.12059e-09
0.00256121
-1.64756e-09
0.00256121
-9.1819e-09
0.00256121
2.80612e-09
0.00256121
7.51986e-09
0.00256121
-2.66349e-09
0.00256121
-9.77476e-09
0.00256121
-6.22794e-09
0.00256121
1.57842e-09
0.00256121
4.48902e-09
0.00256121
-2.1769e-09
0.00256121
-1.01927e-08
0.00256121
-6.77571e-09
0.00256121
6.65626e-09
0.00256121
1.46113e-08
0.00256121
8.06554e-09
0.00256121
-4.27975e-09
0.00256121
-7.75918e-09
0.00256121
3.94346e-10
0.00256121
8.94821e-09
0.00256121
7.07212e-09
0.00256121
-3.81782e-09
0.00256121
-1.27223e-08
0.00256121
-1.151e-08
0.00256121
-2.46973e-09
0.00256121
5.78391e-09
0.00256121
7.43085e-09
0.00256121
4.02544e-09
0.00256121
1.32719e-09
0.00256121
3.29025e-09
0.00256121
9.48704e-09
0.00256121
1.61343e-08
0.00256121
2.07803e-08
1.93877e-08
0.00252845
0.000165307
0.00254568
0.000131275
0.00255407
8.27901e-05
0.0025579
4.89091e-05
0.00255963
2.76675e-05
0.00256043
1.53433e-05
0.00256081
8.40394e-06
0.002561
4.57141e-06
0.0025611
2.47496e-06
0.00256115
1.33908e-06
0.00256118
7.25171e-07
0.00256119
3.90403e-07
0.0025612
2.08779e-07
0.0025612
1.14145e-07
0.0025612
6.38778e-08
0.0025612
2.961e-08
0.00256121
1.96112e-08
0.00256121
1.18651e-08
0.00256121
1.69869e-09
0.0025612
4.33101e-09
0.00256121
-9.11888e-10
0.00256121
1.11908e-08
0.0025612
-9.95388e-09
0.00256121
-8.99226e-10
0.00256121
7.7882e-09
0.00256121
8.83104e-10
0.00256121
-8.13977e-10
0.00256121
-1.34317e-08
0.0025612
1.87958e-08
0.0025612
-3.8962e-09
0.00256121
6.0863e-11
0.00256121
-1.26409e-08
0.0025612
1.06581e-08
0.0025612
1.21942e-08
0.00256121
-1.92047e-08
0.00256121
9.00814e-09
0.0025612
-3.24297e-09
0.0025612
1.1131e-10
0.00256121
8.89991e-09
0.00256121
-2.57916e-09
0.00256121
-2.11429e-08
0.00256121
2.47797e-08
0.0025612
-2.38601e-10
0.00256121
-1.99822e-08
0.00256121
2.56212e-08
0.0025612
-3.45389e-08
0.00256121
2.46474e-08
0.0025612
1.12662e-08
0.00256121
-3.74753e-08
0.00256121
2.07431e-08
0.0025612
-7.45884e-09
0.00256121
8.50734e-09
0.00256121
3.97027e-10
0.00256121
-2.05896e-08
0.00256121
8.55162e-09
0.0025612
2.42528e-09
0.00256121
1.879e-08
0.00256121
-3.6638e-08
0.00256121
2.12838e-08
0.0025612
-6.33667e-09
0.00256121
5.19032e-09
0.00256121
1.43657e-08
0.00256121
-1.60355e-08
0.00256121
9.52077e-10
0.00256121
9.71562e-09
0.00256121
1.65155e-09
0.00256121
5.06105e-09
0.00256121
-1.85173e-09
0.00256121
-7.09301e-09
0.00256121
3.57385e-09
0.00256121
6.68576e-09
0.00256121
-3.85316e-09
0.00256121
-1.00094e-08
0.00256121
-5.02038e-09
0.00256121
2.64856e-09
0.00256121
3.85906e-09
0.00256121
-3.56525e-09
0.00256121
-1.03504e-08
0.00256121
-5.55453e-09
0.00256121
7.60116e-09
0.00256121
1.41574e-08
0.00256121
6.88477e-09
0.00256121
-4.79317e-09
0.00256121
-7.18617e-09
0.00256121
1.21865e-09
0.00256121
9.09531e-09
0.00256121
6.52462e-09
0.00256121
-4.33941e-09
0.00256121
-1.26909e-08
0.00256121
-1.10643e-08
0.00256121
-2.08888e-09
0.00256121
5.82965e-09
0.00256121
7.26723e-09
0.00256121
3.92876e-09
0.00256121
1.39773e-09
0.00256121
3.39336e-09
0.00256121
9.35056e-09
0.00256121
1.5701e-08
0.00256121
1.93154e-08
1.82336e-08
0.00252568
0.000139625
0.00254278
0.000114175
0.00255194
7.3633e-05
0.00255655
4.42975e-05
0.00255884
2.53822e-05
0.00255998
1.41964e-05
0.00256057
7.82014e-06
0.00256087
4.27038e-06
0.00256103
2.3168e-06
0.00256111
1.25348e-06
0.00256115
6.82398e-07
0.00256118
3.67661e-07
0.00256119
1.944e-07
0.0025612
1.04184e-07
0.0025612
6.44014e-08
0.0025612
2.95991e-08
0.00256121
1.37615e-08
0.00256121
1.0155e-08
0.00256121
4.25868e-09
0.0025612
9.03997e-09
0.00256121
-7.73569e-09
0.00256121
7.99451e-09
0.0025612
-2.11622e-09
0.0025612
-1.16801e-09
0.00256121
3.12292e-09
0.00256121
3.41925e-10
0.00256121
3.36128e-09
0.00256121
-1.44741e-08
0.00256121
1.80759e-08
0.00256121
-3.51437e-09
0.00256121
-2.4891e-09
0.00256121
-1.00832e-08
0.00256121
1.15468e-08
0.00256121
1.22411e-08
0.00256121
-2.16014e-08
0.00256121
6.2425e-09
0.0025612
3.81182e-09
0.0025612
9.62401e-10
0.00256121
3.61168e-11
0.00256121
1.33271e-09
0.00256121
-1.85852e-08
0.00256121
2.30674e-08
0.0025612
3.10555e-09
0.00256121
-2.75298e-08
0.00256121
2.83486e-08
0.0025612
-2.87401e-08
0.00256121
1.84471e-08
0.00256121
1.41376e-08
0.00256121
-3.94267e-08
0.00256121
1.96178e-08
0.0025612
-1.53782e-09
0.00256121
4.83321e-09
0.00256121
-1.64413e-09
0.00256121
-2.00304e-08
0.00256121
1.09849e-08
0.0025612
3.47531e-09
0.00256121
1.68151e-08
0.00256121
-3.939e-08
0.00256121
2.30745e-08
0.0025612
-1.9599e-09
0.00256121
1.64077e-09
0.00256121
1.27677e-08
0.00256121
-1.49627e-08
0.00256121
1.12395e-09
0.00256121
1.15639e-08
0.00256121
1.35785e-09
0.00256121
2.22665e-09
0.00256121
-1.77481e-09
0.00256121
-4.84728e-09
0.00256121
4.16308e-09
0.00256121
5.53738e-09
0.00256121
-4.99499e-09
0.00256121
-9.94024e-09
0.00256121
-3.75107e-09
0.00256121
3.48822e-09
0.00256121
3.06367e-09
0.00256121
-4.86312e-09
0.00256121
-1.03284e-08
0.00256121
-4.28986e-09
0.00256121
8.43164e-09
0.00256121
1.35937e-08
0.00256121
5.72329e-09
0.00256121
-5.19935e-09
0.00256121
-6.53752e-09
0.00256121
2.02669e-09
0.00256121
9.17902e-09
0.00256121
5.93055e-09
0.00256121
-4.86782e-09
0.00256121
-1.26438e-08
0.00256121
-1.06045e-08
0.00256121
-1.70716e-09
0.00256121
5.86389e-09
0.00256121
7.0779e-09
0.00256121
3.79647e-09
0.00256121
1.4291e-09
0.00256121
3.46599e-09
0.00256121
9.19991e-09
0.00256121
1.52368e-08
0.00256121
1.80651e-08
1.7297e-08
0.00252348
0.000116149
0.00254037
9.72754e-05
0.0025501
6.39072e-05
0.00255536
3.904e-05
0.00255812
2.26186e-05
0.00255957
1.27451e-05
0.00256034
7.05501e-06
0.00256074
3.86535e-06
0.00256096
2.10325e-06
0.00256107
1.13695e-06
0.00256114
6.20554e-07
0.00256117
3.34467e-07
0.00256118
1.7826e-07
0.0025612
9.17894e-08
0.0025612
6.01408e-08
0.0025612
2.92322e-08
0.00256121
9.92971e-09
0.00256121
7.99543e-09
0.00256121
4.60648e-09
0.0025612
1.38424e-08
0.00256121
-1.22238e-08
0.00256121
2.70993e-09
0.0025612
5.4191e-09
0.0025612
9.04047e-10
0.00256121
-2.88332e-09
0.00256121
-2.26048e-09
0.0025612
9.86464e-09
0.0025612
-1.34892e-08
0.00256121
1.35625e-08
0.00256121
-4.03733e-09
0.00256121
-1.312e-09
0.0025612
-6.62402e-09
0.00256121
8.79637e-09
0.00256121
1.0902e-08
0.00256121
-1.97326e-08
0.00256121
3.7855e-09
0.0025612
7.52451e-09
0.0025612
2.64676e-09
0.00256121
-8.05585e-09
0.00256121
4.91752e-09
0.0025612
-1.45923e-08
0.00256121
1.9815e-08
0.0025612
5.67364e-09
0.00256121
-3.40334e-08
0.00256121
3.11766e-08
0.0025612
-2.15737e-08
0.00256121
1.02948e-08
0.00256121
1.54725e-08
0.00256121
-3.83172e-08
0.00256121
1.88548e-08
0.0025612
2.36194e-09
0.00256121
6.51663e-10
0.00256121
-2.64564e-09
0.00256121
-1.82385e-08
0.00256121
1.24275e-08
0.00256121
3.57058e-09
0.00256121
1.5343e-08
0.00256121
-4.15191e-08
0.00256121
2.47177e-08
0.0025612
2.46682e-09
0.00256121
-2.37443e-09
0.00256121
1.07178e-08
0.00256121
-1.29523e-08
0.00256121
1.7114e-09
0.00256121
1.26118e-08
0.00256121
7.36216e-10
0.00256121
-2.41528e-10
0.00256121
-1.39769e-09
0.00256121
-2.57502e-09
0.00256121
4.52361e-09
0.00256121
4.15491e-09
0.00256121
-6.02724e-09
0.00256121
-9.59146e-09
0.00256121
-2.47444e-09
0.00256121
4.08422e-09
0.00256121
2.13792e-09
0.00256121
-6.03462e-09
0.00256121
-1.01317e-08
0.00256121
-3.01375e-09
0.00256121
9.12843e-09
0.00256121
1.29319e-08
0.00256121
4.60355e-09
0.00256121
-5.49172e-09
0.00256121
-5.8272e-09
0.00256121
2.80005e-09
0.00256121
9.19384e-09
0.00256121
5.2992e-09
0.00256121
-5.38789e-09
0.00256121
-1.25732e-08
0.00256121
-1.0133e-08
0.00256121
-1.33261e-09
0.00256121
5.88085e-09
0.00256121
6.86407e-09
0.00256121
3.63611e-09
0.00256121
1.43481e-09
0.00256121
3.50232e-09
0.00256121
9.04134e-09
0.00256121
1.47536e-08
0.00256121
1.6976e-08
1.65087e-08
0.00252173
9.44174e-05
0.0025384
8.06067e-05
0.00254855
5.37623e-05
0.00255432
3.3261e-05
0.00255749
1.94505e-05
0.00255921
1.10299e-05
0.00256013
6.13076e-06
0.00256063
3.36755e-06
0.00256089
1.83862e-06
0.00256104
9.93343e-07
0.00256112
5.41856e-07
0.00256116
2.91564e-07
0.00256118
1.59199e-07
0.00256119
7.91848e-08
0.0025612
5.0872e-08
0.0025612
2.73041e-08
0.0025612
8.94885e-09
0.00256121
6.45062e-09
0.00256121
2.07115e-09
0.0025612
1.66832e-08
0.00256121
-1.24617e-08
0.00256121
-2.39266e-09
0.00256121
9.33442e-09
0.0025612
4.05072e-09
0.00256121
-6.67581e-09
0.00256121
-6.57981e-09
0.00256121
1.55146e-08
0.0025612
-1.01383e-08
0.00256121
7.59979e-09
0.00256121
-5.99587e-09
0.00256121
2.13917e-09
0.0025612
-1.83704e-09
0.00256121
3.16221e-09
0.00256121
7.66675e-09
0.0025612
-1.36128e-08
0.00256121
2.42809e-09
0.00256121
6.83756e-09
0.0025612
4.66923e-09
0.00256121
-1.37472e-08
0.00256121
8.19526e-09
0.0025612
-1.06025e-08
0.00256121
1.50093e-08
0.00256121
8.41153e-09
0.00256121
-3.89092e-08
0.00256121
3.30635e-08
0.0025612
-1.36238e-08
0.00256121
1.21989e-09
0.00256121
1.54551e-08
0.00256121
-3.47287e-08
0.00256121
1.84439e-08
0.0025612
4.39851e-09
0.00256121
-4.10048e-09
0.00256121
-2.42632e-09
0.00256121
-1.51659e-08
0.00256121
1.26508e-08
0.00256121
2.44509e-09
0.00256121
1.47584e-08
0.00256121
-4.27316e-08
0.00256121
2.58508e-08
0.0025612
6.631e-09
0.00256121
-6.52794e-09
0.00256121
8.42685e-09
0.00256121
-1.01926e-08
0.00256121
2.60995e-09
0.00256121
1.28661e-08
0.00256121
-1.69438e-10
0.00256121
-2.232e-09
0.00256121
-7.38829e-10
0.00256121
-3.87985e-10
0.00256121
4.62473e-09
0.00256121
2.62059e-09
0.00256121
-6.90021e-09
0.00256121
-8.9975e-09
0.00256121
-1.24226e-09
0.00256121
4.43704e-09
0.00256121
1.11832e-09
0.00256121
-7.05247e-09
0.00256121
-9.77293e-09
0.00256121
-1.75527e-09
0.00256121
9.67961e-09
0.00256121
1.21866e-08
0.00256121
3.54432e-09
0.00256121
-5.66846e-09
0.00256121
-5.06965e-09
0.00256121
3.52403e-09
0.00256121
9.13746e-09
0.00256121
4.6416e-09
0.00256121
-5.89066e-09
0.00256121
-1.24719e-08
0.00256121
-9.65242e-09
0.00256121
-9.71772e-10
0.00256121
5.87628e-09
0.00256121
6.62752e-09
0.00256121
3.4542e-09
0.00256121
1.41767e-09
0.00256121
3.516e-09
0.00256121
8.86998e-09
0.00256121
1.42573e-08
0.00256121
1.60047e-08
1.5817e-08
0.00252038
7.40402e-05
0.00253682
6.41668e-05
0.00254727
4.33129e-05
0.00255346
2.70706e-05
0.00255696
1.59498e-05
0.00255889
9.09271e-06
0.00255995
5.07159e-06
0.00256053
2.79058e-06
0.00256084
1.52826e-06
0.00256101
8.26283e-07
0.0025611
4.49494e-07
0.00256115
2.40698e-07
0.00256118
1.35383e-07
0.00256119
6.73286e-08
0.0025612
3.84088e-08
0.0025612
2.30908e-08
0.0025612
9.85563e-09
0.0025612
6.13665e-09
0.00256121
-2.1876e-09
0.00256121
1.61133e-08
0.0025612
-8.91063e-09
0.00256121
-4.94491e-09
0.00256121
8.52632e-09
0.00256121
6.14861e-09
0.00256121
-6.20807e-09
0.00256121
-1.08624e-08
0.00256121
1.75201e-08
0.0025612
-5.31748e-09
0.00256121
2.92374e-09
0.00256121
-9.06848e-09
0.00256121
5.58799e-09
0.0025612
4.0486e-09
0.00256121
-3.35627e-09
0.00256121
2.41995e-09
0.0025612
-4.67911e-09
0.0025612
2.79444e-09
0.00256121
2.02588e-09
0.00256121
6.45038e-09
0.00256121
-1.62988e-08
0.00256121
1.12838e-08
0.0025612
-7.56932e-09
0.00256121
8.6192e-09
0.00256121
1.2047e-08
0.00256121
-4.16327e-08
0.00256121
3.31452e-08
0.0025612
-5.70486e-09
0.00256121
-7.52039e-09
0.00256121
1.4414e-08
0.00256121
-2.9538e-08
0.00256121
1.82503e-08
0.0025612
4.90789e-09
0.00256121
-9.14841e-09
0.00256121
-1.16773e-09
0.0025612
-1.09269e-08
0.00256121
1.16654e-08
0.00256121
-3.28925e-11
0.00256121
1.52767e-08
0.00256121
-4.28035e-08
0.00256121
2.61626e-08
0.0025612
1.02604e-08
0.00256121
-1.04651e-08
0.00256121
6.08895e-09
0.00256121
-6.9122e-09
0.00256121
3.69155e-09
0.00256121
1.23971e-08
0.00256121
-1.29212e-09
0.00256121
-3.69508e-09
0.00256121
1.80814e-10
0.00256121
1.60411e-09
0.00256121
4.46648e-09
0.00256121
1.01264e-09
0.00256121
-7.57687e-09
0.00256121
-8.20018e-09
0.00256121
-9.85183e-11
0.00256121
4.55265e-09
0.00256121
4.5115e-11
0.00256121
-7.8979e-09
0.00256121
-9.27024e-09
0.00256121
-5.40647e-10
0.00256121
1.00797e-08
0.00256121
1.13748e-08
0.00256121
2.56095e-09
0.00256121
-5.73161e-09
0.00256121
-4.27941e-09
0.00256121
4.1872e-09
0.00256121
9.01045e-09
0.00256121
3.96511e-09
0.00256121
-6.36312e-09
0.00256121
-1.23382e-08
0.00256121
-9.16575e-09
0.00256121
-6.30089e-10
0.00256121
5.84724e-09
0.00256121
6.37108e-09
0.00256121
3.25246e-09
0.00256121
1.38874e-09
0.00256121
3.51087e-09
0.00256121
8.68403e-09
0.00256121
1.37495e-08
0.00256121
1.51155e-08
1.51827e-08
0.00251935
5.46862e-05
0.00253559
4.79314e-05
0.00254625
3.26476e-05
0.00255276
2.05665e-05
0.00255652
1.21867e-05
0.00255864
6.97655e-06
0.00255981
3.90264e-06
0.00256045
2.14961e-06
0.0025608
1.17931e-06
0.00256098
6.39111e-07
0.00256109
3.46904e-07
0.00256114
1.8413e-07
0.00256117
1.05826e-07
0.00256118
5.56782e-08
0.0025612
2.50528e-08
0.0025612
1.7159e-08
0.0025612
1.06084e-08
0.0025612
6.79064e-09
0.00256121
-5.97286e-09
0.00256121
1.20653e-08
0.0025612
-3.68732e-09
0.0025612
-3.95881e-09
0.00256121
4.33244e-09
0.00256121
5.47586e-09
0.0025612
-1.70553e-09
0.00256121
-1.30556e-08
0.00256121
1.4883e-08
0.0025612
-8.73083e-10
0.00256121
1.51063e-09
0.00256121
-1.20248e-08
0.00256121
6.8069e-09
0.0025612
1.00746e-08
0.00256121
-8.26213e-09
0.00256121
-4.37626e-09
0.0025612
4.72171e-09
0.0025612
5.059e-09
0.00256121
-5.45919e-09
0.00256121
7.58852e-09
0.00256121
-1.60326e-08
0.00256121
1.424e-08
0.0025612
-5.69547e-09
0.00256121
7.52275e-10
0.00256121
1.67943e-08
0.00256121
-4.18009e-08
0.00256121
3.08747e-08
0.0025612
1.37486e-09
0.00256121
-1.48459e-08
0.00256121
1.28559e-08
0.0025612
-2.37148e-08
0.0025612
1.79809e-08
0.00256121
4.50512e-09
0.00256121
-1.41884e-08
0.00256121
7.28411e-10
0.0025612
-5.71105e-09
0.00256121
9.65235e-09
0.00256121
-3.83992e-09
0.00256121
1.69252e-08
0.00256121
-4.16051e-08
0.00256121
2.54603e-08
0.0025612
1.31378e-08
0.00256121
-1.39053e-08
0.00256121
3.90917e-09
0.00256121
-3.35282e-09
0.00256121
4.81565e-09
0.00256121
1.12989e-08
0.00256121
-2.51901e-09
0.00256121
-4.63081e-09
0.00256121
1.31541e-09
0.00256121
3.3336e-09
0.00256121
4.05174e-09
0.00256121
-5.93503e-10
0.00256121
-8.03495e-09
0.00256121
-7.24652e-09
0.00256121
9.21189e-10
0.00256121
4.44071e-09
0.00256121
-1.03517e-09
0.00256121
-8.56448e-09
0.00256121
-8.63906e-09
0.00256121
5.96521e-10
0.00256121
1.03343e-08
0.00256121
1.05143e-08
0.00256121
1.66557e-09
0.00256121
-5.68631e-09
0.00256121
-3.47075e-09
0.00256121
4.78089e-09
0.00256121
8.81549e-09
0.00256121
3.2789e-09
0.00256121
-6.79798e-09
0.00256121
-1.21702e-08
0.00256121
-8.6764e-09
0.00256121
-3.12057e-10
0.00256121
5.79171e-09
0.00256121
6.09693e-09
0.00256121
3.04679e-09
0.00256121
1.33453e-09
0.00256121
3.49878e-09
0.00256121
8.48271e-09
0.00256121
1.32292e-08
0.00256121
1.42789e-08
1.45758e-08
0.00251862
3.60656e-05
0.00253469
3.18608e-05
0.0025455
2.18358e-05
0.00255223
1.38355e-05
0.00255619
8.22965e-06
0.00255844
4.7256e-06
0.00255969
2.64981e-06
0.00256038
1.46035e-06
0.00256076
8.00818e-07
0.00256097
4.35586e-07
0.00256108
2.36786e-07
0.00256114
1.24309e-07
0.00256117
7.08567e-08
0.00256118
4.28008e-08
0.0025612
1.29748e-08
0.0025612
1.05331e-08
0.0025612
9.54087e-09
0.0025612
7.47444e-09
0.0025612
-7.58287e-09
0.00256121
5.87306e-09
0.00256121
8.944e-10
0.0025612
-1.77669e-10
0.00256121
-6.85782e-10
0.00256121
1.67827e-09
0.0025612
4.75985e-09
0.0025612
-1.18366e-08
0.00256121
8.7343e-09
0.00256121
1.29627e-09
0.00256121
3.55367e-09
0.00256121
-1.32476e-08
0.00256121
4.78973e-09
0.0025612
1.47848e-08
0.00256121
-9.82772e-09
0.00256121
-1.14341e-08
0.00256121
1.21478e-08
0.0025612
8.79059e-09
0.00256121
-1.35498e-08
0.00256121
7.99172e-09
0.00256121
-1.39655e-08
0.0025612
1.68359e-08
0.0025612
-4.4984e-09
0.00256121
-8.17207e-09
0.00256121
2.22219e-08
0.0025612
-3.92477e-08
0.00256121
2.61978e-08
0.0025612
6.97405e-09
0.00256121
-2.00572e-08
0.00256121
1.13237e-08
0.0025612
-1.81035e-08
0.00256121
1.72623e-08
0.00256121
3.81662e-09
0.00256121
-1.88077e-08
0.00256121
2.8242e-09
0.0025612
3.71116e-11
0.00256121
7.01173e-09
0.00256121
-8.82308e-09
0.00256121
1.95703e-08
0.00256121
-3.91133e-08
0.00256121
2.36677e-08
0.0025612
1.51202e-08
0.00256121
-1.66299e-08
0.00256121
2.05372e-09
0.00256121
2.56766e-10
0.0025612
5.84764e-09
0.00256121
9.70278e-09
0.00256121
-3.75325e-09
0.00256121
-5.0458e-09
0.00256121
2.58467e-09
0.00256121
4.75394e-09
0.00256121
3.4058e-09
0.00256121
-2.12918e-09
0.00256121
-8.26611e-09
0.00256121
-6.18397e-09
0.00256121
1.786e-09
0.00256121
4.12884e-09
0.00256121
-2.09772e-09
0.00256121
-9.04312e-09
0.00256121
-7.90742e-09
0.00256121
1.64574e-09
0.00256121
1.04439e-08
0.00256121
9.62351e-09
0.00256121
8.67189e-10
0.00256121
-5.54003e-09
0.00256121
-2.65741e-09
0.00256121
5.29874e-09
0.00256121
8.55733e-09
0.00256121
2.59124e-09
0.00256121
-7.18943e-09
0.00256121
-1.1968e-08
0.00256121
-8.18804e-09
0.00256121
-2.14272e-11
0.00256121
5.70909e-09
0.00256121
5.80787e-09
0.00256121
2.83245e-09
0.00256121
1.2789e-09
0.00256121
3.47217e-09
0.00256121
8.26601e-09
0.00256121
1.26938e-08
0.00256121
1.34697e-08
1.39723e-08
0.00251815
1.79184e-05
0.0025341
1.59051e-05
0.00254501
1.09335e-05
0.00255188
6.95716e-06
0.00255597
4.14486e-06
0.00255831
2.38474e-06
0.00255962
1.33995e-06
0.00256034
7.38535e-07
0.00256074
4.03056e-07
0.00256095
2.20355e-07
0.00256107
1.21262e-07
0.00256113
6.29098e-08
0.00256117
3.26361e-08
0.00256118
2.73206e-08
0.00256119
2.80054e-09
0.0025612
4.61993e-09
0.0025612
5.95941e-09
0.0025612
7.09618e-09
0.0025612
-6.28711e-09
0.00256121
-4.53329e-10
0.00256121
3.02778e-09
0.0025612
4.57793e-09
0.00256121
-4.02784e-09
0.00256121
-4.0614e-09
0.00256121
1.03143e-08
0.0025612
-7.19022e-09
0.00256121
1.41442e-09
0.00256121
3.48129e-10
0.00256121
7.67411e-09
0.0025612
-1.15469e-08
0.00256121
-1.40184e-11
0.00256121
1.66767e-08
0.0025612
-7.35352e-09
0.00256121
-1.73352e-08
0.00256121
1.59736e-08
0.0025612
1.30672e-08
0.00256121
-2.0357e-08
0.00256121
7.96232e-09
0.00256121
-1.13565e-08
0.0025612
1.86428e-08
0.0025612
-3.11929e-09
0.00256121
-1.7535e-08
0.00256121
2.7516e-08
0.0025612
-3.41609e-08
0.00256121
1.9556e-08
0.00256121
1.07173e-08
0.00256121
-2.29002e-08
0.00256121
1.02903e-08
0.0025612
-1.33407e-08
0.00256121
1.57342e-08
0.00256121
3.40514e-09
0.00256121
-2.25226e-08
0.00256121
4.57492e-09
0.0025612
5.84264e-09
0.00256121
4.18782e-09
0.00256121
-1.46447e-08
0.00256121
2.29163e-08
0.0025612
-3.54078e-08
0.00256121
2.08234e-08
0.00256121
1.61402e-08
0.00256121
-1.85e-08
0.00256121
6.6731e-10
0.00256121
3.6887e-09
0.0025612
6.68081e-09
0.00256121
7.75259e-09
0.00256121
-4.90311e-09
0.00256121
-4.97835e-09
0.00256121
3.91439e-09
0.00256121
5.83445e-09
0.00256121
2.56724e-09
0.00256121
-3.53971e-09
0.00256121
-8.27206e-09
0.00256121
-5.06079e-09
0.00256121
2.47633e-09
0.00256121
3.64259e-09
0.00256121
-3.11132e-09
0.00256121
-9.337e-09
0.00256121
-7.09848e-09
0.00256121
2.59053e-09
0.00256121
1.04183e-08
0.00256121
8.72034e-09
0.00256121
1.72009e-10
0.00256121
-5.30225e-09
0.00256121
-1.85167e-09
0.00256121
5.73685e-09
0.00256121
8.24087e-09
0.00256121
1.91029e-09
0.00256121
-7.53299e-09
0.00256121
-1.17329e-08
0.00256121
-7.70549e-09
0.00256121
2.40117e-10
0.00256121
5.59868e-09
0.00256121
5.50603e-09
0.00256121
2.61811e-09
0.00256121
1.22081e-09
0.00256121
3.43596e-09
0.00256121
8.03303e-09
0.00256121
1.21397e-08
0.00256121
1.26663e-08
1.33527e-08
0.00251792
3.41578e-09
0.00253381
8.14232e-09
0.00254476
-1.18056e-08
0.00255171
5.88646e-09
0.00255586
-3.1181e-09
0.00255824
-7.2724e-10
0.00255958
9.11186e-10
0.00256032
-3.43951e-11
0.00256073
-3.49838e-09
0.00256095
-1.05394e-09
0.00256107
2.47034e-09
0.00256113
7.49512e-10
0.00256117
-5.9508e-09
0.00256119
8.80958e-09
0.00256119
-5.99784e-09
0.0025612
1.9365e-10
0.0025612
5.24692e-10
0.00256121
4.93007e-09
0.0025612
-2.88688e-09
0.00256121
-4.87299e-09
0.00256121
2.45279e-09
0.0025612
7.92657e-09
0.0025612
-4.29097e-09
0.00256121
-9.61741e-09
0.00256121
1.2678e-08
0.0025612
-5.07635e-10
0.00256121
-4.39387e-09
0.00256121
-3.41312e-09
0.00256121
1.16792e-08
0.0025612
-6.59472e-09
0.00256121
-6.06327e-09
0.00256121
1.48936e-08
0.0025612
-1.57017e-09
0.00256121
-2.06746e-08
0.00256121
1.56223e-08
0.0025612
1.67472e-08
0.00256121
-2.45769e-08
0.00256121
8.12573e-09
0.00256121
-9.39792e-09
0.00256121
1.91358e-08
0.0025612
-7.44704e-10
0.00256121
-2.647e-08
0.00256121
3.16864e-08
0.0025612
-2.70438e-08
0.00256121
1.17577e-08
0.00256121
1.25033e-08
0.00256121
-2.35325e-08
0.00256121
1.00612e-08
0.0025612
-9.75027e-09
0.00256121
1.31091e-08
0.00256121
3.68664e-09
0.00256121
-2.49419e-08
0.00256121
5.55721e-09
0.0025612
1.12246e-08
0.00256121
1.64209e-09
0.00256121
-2.09506e-08
0.00256121
2.6621e-08
0.0025612
-3.06621e-08
0.00256121
1.70641e-08
0.00256121
1.62066e-08
0.00256121
-1.94404e-08
0.00256121
-1.89748e-10
0.00256121
6.78252e-09
0.0025612
7.22422e-09
0.00256121
5.59258e-09
0.00256121
-5.88317e-09
0.00256121
-4.49077e-09
0.00256121
5.23507e-09
0.00256121
6.56107e-09
0.00256121
1.58208e-09
0.00256121
-4.77961e-09
0.00256121
-8.06564e-09
0.00256121
-3.92698e-09
0.00256121
2.98702e-09
0.00256121
3.00869e-09
0.00256121
-4.05015e-09
0.00256121
-9.45394e-09
0.00256121
-6.23693e-09
0.00256121
3.41997e-09
0.00256121
1.02692e-08
0.00256121
7.82355e-09
0.00256121
-4.18951e-10
0.00256121
-4.98301e-09
0.00256121
-1.06347e-09
0.00256121
6.09507e-09
0.00256121
7.86714e-09
0.00256121
1.24615e-09
0.00256121
-7.8258e-09
0.00256121
-1.14675e-08
0.00256121
-7.23249e-09
0.00256121
4.68925e-10
0.00256121
5.46157e-09
0.00256121
5.19374e-09
0.00256121
2.41034e-09
0.00256121
1.16285e-09
0.00256121
3.39255e-09
0.00256121
7.78323e-09
0.00256121
1.15631e-08
0.00256121
1.18496e-08
1.27e-08
0.00251791
-1.79116e-05
0.00253381
-1.58889e-05
0.00254476
-1.09567e-05
0.00255171
-6.94611e-06
0.00255586
-4.15086e-06
0.00255824
-2.38535e-06
0.00255958
-1.33893e-06
0.00256032
-7.39427e-07
0.00256073
-4.08506e-07
0.00256095
-2.22417e-07
0.00256107
-1.17536e-07
0.00256113
-6.16044e-08
0.00256117
-4.23356e-08
0.00256119
-1.20063e-08
0.00256119
-1.43705e-08
0.0025612
-2.92967e-09
0.0025612
-5.28971e-09
0.00256121
9.65373e-10
0.0025612
1.14111e-09
0.00256121
-6.48821e-09
0.00256121
1.4369e-10
0.00256121
8.28904e-09
0.0025612
-1.64153e-09
0.00256121
-1.28614e-08
0.00256121
1.09605e-08
0.0025612
6.086e-09
0.00256121
-6.90662e-09
0.00256121
-8.44916e-09
0.00256121
1.35011e-08
0.0025612
6.75377e-10
0.00256121
-1.11846e-08
0.00256121
9.43568e-09
0.0025612
5.87818e-09
0.0025612
-2.06641e-08
0.00256121
1.16835e-08
0.00256121
1.8832e-08
0.00256121
-2.57746e-08
0.00256121
9.11044e-09
0.00256121
-8.76809e-09
0.00256121
1.77219e-08
0.0025612
3.23349e-09
0.00256121
-3.40405e-08
0.00256121
3.38559e-08
0.0025612
-1.86891e-08
0.00256121
3.79302e-09
0.00256121
1.25357e-08
0.00256121
-2.24541e-08
0.00256121
1.07239e-08
0.0025612
-7.33387e-09
0.00256121
9.25562e-09
0.00256121
4.81537e-09
0.00256121
-2.5738e-08
0.00256121
5.48418e-09
0.0025612
1.57011e-08
0.00256121
-2.0576e-10
0.00256121
-2.73241e-08
0.00256121
3.0298e-08
0.0025612
-2.51169e-08
0.00256121
1.25983e-08
0.00256121
1.53972e-08
0.00256121
-1.94501e-08
0.00256121
-5.01036e-10
0.00256121
9.40847e-09
0.00256121
7.42369e-09
0.00256121
3.36006e-09
0.00256121
-6.62371e-09
0.00256121
-3.65698e-09
0.00256121
6.47758e-09
0.00256121
6.93856e-09
0.00256121
5.0139e-10
0.00256121
-5.81508e-09
0.00256121
-7.66841e-09
0.00256121
-2.8224e-09
0.00256121
3.30773e-09
0.00256121
2.26281e-09
0.00256121
-4.89383e-09
0.00256121
-9.40649e-09
0.00256121
-5.34698e-09
0.00256121
4.12722e-09
0.00256121
1.00105e-08
0.00256121
6.94759e-09
0.00256121
-9.01e-10
0.00256121
-4.592e-09
0.00256121
-3.09607e-10
0.00256121
6.37659e-09
0.00256121
7.44325e-09
0.00256121
6.05522e-10
0.00256121
-8.06621e-09
0.00256121
-1.11753e-08
0.00256121
-6.77341e-09
0.00256121
6.63469e-10
0.00256121
5.29746e-09
0.00256121
4.87555e-09
0.00256121
2.21183e-09
0.00256121
1.10982e-09
0.00256121
3.34423e-09
0.00256121
7.51613e-09
0.00256121
1.09603e-08
0.00256121
1.10018e-08
1.19981e-08
0.00251815
-3.60586e-05
0.0025341
-3.1845e-05
0.002545
-2.18582e-05
0.00255188
-1.38259e-05
0.00255597
-8.23527e-06
0.00255831
-4.72441e-06
0.00255962
-2.65036e-06
0.00256034
-1.46281e-06
0.00256074
-8.03336e-07
0.00256095
-4.37561e-07
0.00256107
-2.35427e-07
0.00256113
-1.2364e-07
0.00256117
-7.52454e-08
0.00256119
-3.33619e-08
0.0025612
-2.32208e-08
0.0025612
-5.5986e-09
0.0025612
-9.91214e-09
0.00256121
-4.10232e-09
0.00256121
4.14543e-09
0.0025612
-5.44107e-09
0.00256121
-2.36791e-09
0.00256121
5.2906e-09
0.00256121
2.60164e-09
0.0025612
-1.25075e-08
0.00256121
5.84214e-09
0.00256121
1.05288e-08
0.0025612
-5.70141e-09
0.00256121
-1.27214e-08
0.00256121
1.19189e-08
0.0025612
8.59316e-09
0.0025612
-1.3617e-08
0.00256121
1.36468e-09
0.00256121
1.29226e-08
0.0025612
-1.72774e-08
0.00256121
5.52556e-09
0.00256121
1.87996e-08
0.00256121
-2.43835e-08
0.0025612
1.1333e-08
0.00256121
-9.47704e-09
0.00256121
1.39197e-08
0.0025612
9.01457e-09
0.00256121
-3.93755e-08
0.00256121
3.34313e-08
0.0025612
-1.00392e-08
0.00256121
-3.3763e-09
0.00256121
1.12349e-08
0.00256121
-2.0328e-08
0.00256121
1.21432e-08
0.0025612
-5.82662e-09
0.00256121
4.19786e-09
0.00256121
6.73877e-09
0.00256121
-2.47282e-08
0.00256121
4.23552e-09
0.0025612
1.88703e-08
0.00256121
-1.03923e-09
0.00256121
-3.33465e-08
0.00256121
3.35781e-08
0.0025612
-1.90606e-08
0.00256121
7.68084e-09
0.00256121
1.38442e-08
0.00256121
-1.85918e-08
0.00256121
-2.93982e-10
0.00256121
1.1482e-08
0.00256121
7.25526e-09
0.00256121
1.17945e-09
0.00256121
-7.07489e-09
0.00256121
-2.55828e-09
0.00256121
7.57971e-09
0.00256121
6.98748e-09
0.00256121
-6.22455e-10
0.00256121
-6.62388e-09
0.00256121
-7.10832e-09
0.00256121
-1.78555e-09
0.00256121
3.44127e-09
0.00256121
1.4381e-09
0.00256121
-5.62659e-09
0.00256121
-9.2113e-09
0.00256121
-4.45148e-09
0.00256121
4.70872e-09
0.00256121
9.6586e-09
0.00256121
6.10656e-09
0.00256121
-1.27408e-09
0.00256121
-4.14032e-09
0.00256121
3.99069e-10
0.00256121
6.58183e-09
0.00256121
6.97969e-09
0.00256121
-4.57478e-12
0.00256121
-8.25551e-09
0.00256121
-1.08606e-08
0.00256121
-6.33316e-09
0.00256121
8.23028e-10
0.00256121
5.10546e-09
0.00256121
4.56305e-09
0.00256121
2.01377e-09
0.00256121
1.07185e-09
0.00256121
3.29328e-09
0.00256121
7.23158e-09
0.00256121
1.03282e-08
0.00256121
1.01058e-08
1.1231e-08
0.00251862
-5.46791e-05
0.00253469
-4.79161e-05
0.0025455
-3.26692e-05
0.00255223
-2.0558e-05
0.00255619
-1.21923e-05
0.00255844
-6.97342e-06
0.0025597
-3.90476e-06
0.00256039
-2.15337e-06
0.00256076
-1.17926e-06
0.00256097
-6.41076e-07
0.00256108
-3.47545e-07
0.00256114
-1.84299e-07
0.00256117
-1.04572e-07
0.00256119
-5.3203e-08
0.0025612
-3.28662e-08
0.0025612
-8.82314e-09
0.0025612
-1.2401e-08
0.00256121
-9.18397e-09
0.00256121
5.0951e-09
0.0025612
-2.82116e-09
0.00256121
-3.74366e-09
0.00256121
-6.79894e-11
0.00256121
6.56507e-09
0.0025612
-8.57455e-09
0.00256121
-8.62722e-10
0.00256121
1.16247e-08
0.0025612
-1.76265e-09
0.00256121
-1.4437e-08
0.00256121
7.04613e-09
0.0025612
1.50758e-08
0.0025612
-1.23892e-08
0.00256121
-7.59171e-09
0.00256121
1.77556e-08
0.0025612
-1.12837e-08
0.00256121
-1.14413e-09
0.00256121
1.67276e-08
0.00256121
-2.14269e-08
0.0025612
1.47872e-08
0.00256121
-1.09284e-08
0.00256121
7.63845e-09
0.0025612
1.6126e-08
0.00256121
-4.17302e-08
0.00256121
3.02301e-08
0.0025612
-2.07249e-09
0.00256121
-8.94827e-09
0.00256121
9.17711e-09
0.00256121
-1.78662e-08
0.00256121
1.40119e-08
0.0025612
-4.80525e-09
0.00256121
-1.85213e-09
0.00256121
9.18118e-09
0.0025612
-2.18737e-08
0.00256121
1.86771e-09
0.00256121
2.04409e-08
0.00256121
-6.72398e-10
0.00256121
-3.8632e-08
0.00256121
3.61472e-08
0.0025612
-1.28103e-08
0.00256121
2.59004e-09
0.00256121
1.17155e-08
0.00256121
-1.69741e-08
0.00256121
3.69862e-10
0.00256121
1.29503e-08
0.00256121
6.7314e-09
0.00256121
-8.42684e-10
0.00256121
-7.20888e-09
0.00256121
-1.27851e-09
0.00256121
8.49032e-09
0.00256121
6.7403e-09
0.00256121
-1.73724e-09
0.00256121
-7.19603e-09
0.00256121
-6.41847e-09
0.00256121
-8.49123e-10
0.00256121
3.39802e-09
0.00256121
5.66157e-10
0.00256121
-6.23739e-09
0.00256121
-8.8884e-09
0.00256121
-3.57115e-09
0.00256121
5.16507e-09
0.00256121
9.22892e-09
0.00256121
5.31416e-09
0.00256121
-1.54064e-09
0.00256121
-3.64244e-09
0.00256121
1.06058e-09
0.00256121
6.71049e-09
0.00256121
6.48568e-09
0.00256121
-5.79126e-10
0.00256121
-8.39471e-09
0.00256121
-1.05285e-08
0.00256121
-5.91678e-09
0.00256121
9.45295e-10
0.00256121
4.88836e-09
0.00256121
4.25484e-09
0.00256121
1.82999e-09
0.00256121
1.04785e-09
0.00256121
3.24249e-09
0.00256121
6.92986e-09
0.00256121
9.66418e-09
0.00256121
9.14422e-09
1.03813e-08
0.00251935
-7.40331e-05
0.00253559
-6.4152e-05
0.00254625
-4.3334e-05
0.00255276
-2.70622e-05
0.00255652
-1.5956e-05
0.00255864
-9.0883e-06
0.00255981
-5.07434e-06
0.00256045
-2.79463e-06
0.0025608
-1.52758e-06
0.00256098
-8.28409e-07
0.00256109
-4.50323e-07
0.00256114
-2.41689e-07
0.00256117
-1.30981e-07
0.00256119
-7.00606e-08
0.0025612
-4.27745e-08
0.0025612
-1.33304e-08
0.0025612
-1.26682e-08
0.00256121
-1.32641e-08
0.00256121
3.83999e-09
0.0025612
-3.30117e-11
0.0025612
-3.38956e-09
0.00256121
-6.02672e-09
0.00256121
8.78759e-09
0.0025612
-2.35964e-09
0.00256121
-6.95332e-09
0.00256121
9.36659e-09
0.00256121
2.9862e-09
0.0025612
-1.25806e-08
0.00256121
1.29033e-10
0.00256121
1.83492e-08
0.0025612
-7.64696e-09
0.00256121
-1.5436e-08
0.00256121
1.92811e-08
0.0025612
-4.10976e-09
0.00256121
-6.63685e-09
0.00256121
1.31419e-08
0.00256121
-1.80638e-08
0.0025612
1.89813e-08
0.0025612
-1.21323e-08
0.00256121
-8.66691e-10
0.00256121
2.3709e-08
0.0025612
-4.07303e-08
0.00256121
2.46089e-08
0.0025612
4.27808e-09
0.00256121
-1.24657e-08
0.00256121
7.05526e-09
0.00256121
-1.56923e-08
0.00256121
1.58951e-08
0.0025612
-3.79525e-09
0.00256121
-8.53879e-09
0.00256121
1.17626e-08
0.0025612
-1.7326e-08
0.00256121
-1.38493e-09
0.00256121
2.02435e-08
0.00256121
9.43549e-10
0.00256121
-4.28565e-08
0.00256121
3.77624e-08
0.0025612
-6.6741e-09
0.00256121
-2.40237e-09
0.00256121
9.19934e-09
0.00256121
-1.47366e-08
0.00256121
1.39852e-09
0.00256121
1.37958e-08
0.00256121
5.89493e-09
0.00256121
-2.62157e-09
0.00256121
-7.01886e-09
0.00256121
9.98153e-11
0.00256121
9.17133e-09
0.00256121
6.23991e-09
0.00256121
-2.79579e-09
0.00256121
-7.5319e-09
0.00256121
-5.63554e-09
0.00256121
-3.77625e-11
0.00256121
3.18902e-09
0.00256121
-3.15712e-10
0.00256121
-6.72399e-09
0.00256121
-8.45995e-09
0.00256121
-2.72504e-09
0.00256121
5.50438e-09
0.00256121
8.73043e-09
0.00256121
4.58619e-09
0.00256121
-1.70517e-09
0.00256121
-3.10883e-09
0.00256121
1.66732e-09
0.00256121
6.76714e-09
0.00256121
5.97021e-09
0.00256121
-1.11424e-09
0.00256121
-8.48537e-09
0.00256121
-1.01846e-08
0.00256121
-5.52992e-09
0.00256121
1.0295e-09
0.00256121
4.64633e-09
0.00256121
3.95419e-09
0.00256121
1.66991e-09
0.00256121
1.03894e-09
0.00256121
3.19457e-09
0.00256121
6.61214e-09
0.00256121
8.96728e-09
0.00256121
8.09873e-09
9.42879e-09
0.00252038
-9.44104e-05
0.00253682
-8.05924e-05
0.00254727
-5.37831e-05
0.00255346
-3.32514e-05
0.00255696
-1.94581e-05
0.0025589
-1.10253e-05
0.00255995
-6.13252e-06
0.00256053
-3.37101e-06
0.00256084
-1.83964e-06
0.00256101
-9.95757e-07
0.0025611
-5.40524e-07
0.00256115
-2.93756e-07
0.00256118
-1.54811e-07
0.00256119
-8.354e-08
0.0025612
-5.19298e-08
0.0025612
-1.91471e-08
0.0025612
-1.1456e-08
0.0025612
-1.56772e-08
0.00256121
1.117e-09
0.00256121
1.56952e-09
0.0025612
-1.52364e-09
0.00256121
-1.06263e-08
0.00256121
8.52478e-09
0.0025612
4.22167e-09
0.00256121
-1.07151e-08
0.00256121
4.9205e-09
0.00256121
6.41865e-09
0.0025612
-7.26116e-09
0.00256121
-6.90548e-09
0.00256121
1.75001e-08
0.0025612
-5.96286e-10
0.00256121
-2.04384e-08
0.00256121
1.73294e-08
0.0025612
2.72273e-09
0.00256121
-9.95051e-09
0.00256121
9.02723e-09
0.00256121
-1.5392e-08
0.0025612
2.31893e-08
0.0025612
-1.21772e-08
0.00256121
-1.08362e-08
0.00256121
3.06569e-08
0.0025612
-3.64369e-08
0.00256121
1.72259e-08
0.00256121
8.52029e-09
0.00256121
-1.39031e-08
0.00256121
5.48021e-09
0.00256121
-1.42345e-08
0.00256121
1.73172e-08
0.0025612
-2.38553e-09
0.00256121
-1.53858e-08
0.00256121
1.40461e-08
0.0025612
-1.13436e-08
0.00256121
-5.24426e-09
0.00256121
1.82825e-08
0.00256121
3.73514e-09
0.00256121
-4.57876e-08
0.00256121
3.82789e-08
0.0025612
-9.57097e-10
0.00256121
-7.03521e-09
0.00256121
6.49279e-09
0.00256121
-1.2047e-08
0.00256121
2.67394e-09
0.00256121
1.40627e-08
0.00256121
4.79491e-09
0.00256121
-4.09404e-09
0.00256121
-6.518e-09
0.00256121
1.49543e-09
0.00256121
9.60191e-09
0.00256121
5.53587e-09
0.00256121
-3.75668e-09
0.00256121
-7.64247e-09
0.00256121
-4.79369e-09
0.00256121
6.24049e-10
0.00256121
2.83951e-09
0.00256121
-1.18438e-09
0.00256121
-7.08336e-09
0.00256121
-7.94959e-09
0.00256121
-1.93011e-09
0.00256121
5.72804e-09
0.00256121
8.1915e-09
0.00256121
3.92719e-09
0.00256121
-1.77269e-09
0.00256121
-2.55101e-09
0.00256121
2.21461e-09
0.00256121
6.756e-09
0.00256121
5.44324e-09
0.00256121
-1.60721e-09
0.00256121
-8.52939e-09
0.00256121
-9.8355e-09
0.00256121
-5.17857e-09
0.00256121
1.07165e-09
0.00256121
4.38624e-09
0.00256121
3.66458e-09
0.00256121
1.53651e-09
0.00256121
1.04974e-09
0.00256121
3.15252e-09
0.00256121
6.28064e-09
0.00256121
8.2385e-09
0.00256121
6.94885e-09
8.34907e-09
0.00252173
-0.000116143
0.0025384
-9.72618e-05
0.00254855
-6.39278e-05
0.00255432
-3.90289e-05
0.00255749
-2.2628e-05
0.00255921
-1.27411e-05
0.00256013
-7.05442e-06
0.00256063
-3.86816e-06
0.0025609
-2.10715e-06
0.00256104
-1.13962e-06
0.00256111
-6.15713e-07
0.00256116
-3.3842e-07
0.00256118
-1.75963e-07
0.00256119
-9.40082e-08
0.0025612
-5.9283e-08
0.00256121
-2.56116e-08
0.0025612
-9.92957e-09
0.0025612
-1.63021e-08
0.00256121
-1.95183e-09
0.00256121
1.38813e-09
0.0025612
9.5279e-10
0.00256121
-1.25108e-08
0.00256121
6.08432e-09
0.0025612
9.10792e-09
0.0025612
-1.12766e-08
0.00256121
8.19697e-11
0.00256121
6.9941e-09
0.0025612
2.74033e-10
0.00256121
-1.20195e-08
0.00256121
1.26261e-08
0.0025612
7.00389e-09
0.00256121
-2.15811e-08
0.00256121
1.26778e-08
0.0025612
7.6887e-09
0.00256121
-1.07008e-08
0.00256121
5.56074e-09
0.00256121
-1.416e-08
0.0025612
2.64353e-08
0.0025612
-1.02949e-08
0.00256121
-2.12224e-08
0.00256121
3.58876e-08
0.0025612
-2.93476e-08
0.00256121
9.04218e-09
0.00256121
1.03932e-08
0.00256121
-1.35326e-08
0.00256121
4.93047e-09
0.00256121
-1.36902e-08
0.00256121
1.78201e-08
0.0025612
-2.59242e-10
0.00256121
-2.18791e-08
0.00256121
1.56166e-08
0.0025612
-4.35837e-09
0.00256121
-9.25244e-09
0.00256121
1.46548e-08
0.00256121
7.48934e-09
0.00256121
-4.72805e-08
0.00256121
3.76562e-08
0.0025612
4.06949e-09
0.00256121
-1.10834e-08
0.00256121
3.78388e-09
0.00256121
-9.08038e-09
0.00256121
4.07853e-09
0.00256121
1.38049e-08
0.00256121
3.50628e-09
0.00256121
-5.22096e-09
0.00256121
-5.74076e-09
0.00256121
2.84162e-09
0.00256121
9.77312e-09
0.00256121
4.68213e-09
0.00256121
-4.58606e-09
0.00256121
-7.54772e-09
0.00256121
-3.93438e-09
0.00256121
1.1346e-09
0.00256121
2.36691e-09
0.00256121
-2.01334e-09
0.00256121
-7.3208e-09
0.00256121
-7.38128e-09
0.00256121
-1.20146e-09
0.00256121
5.84533e-09
0.00256121
7.63096e-09
0.00256121
3.34566e-09
0.00256121
-1.74988e-09
0.00256121
-1.98013e-09
0.00256121
2.69883e-09
0.00256121
6.68225e-09
0.00256121
4.91351e-09
0.00256121
-2.0534e-09
0.00256121
-8.53027e-09
0.00256121
-9.48886e-09
0.00256121
-4.86943e-09
0.00256121
1.06956e-09
0.00256121
4.11234e-09
0.00256121
3.39034e-09
0.00256121
1.43421e-09
0.00256121
1.08451e-09
0.00256121
3.11988e-09
0.00256121
5.93842e-09
0.00256121
7.48191e-09
0.00256121
5.67112e-09
7.11135e-09
0.00252348
-0.000139618
0.00254038
-0.000114162
0.0025501
-7.36528e-05
0.00255536
-4.42857e-05
0.00255812
-2.5393e-05
0.00255957
-1.41928e-05
0.00256034
-7.81713e-06
0.00256074
-4.2732e-06
0.00256096
-2.32282e-06
0.00256107
-1.2564e-06
0.00256113
-6.74486e-07
0.00256117
-3.73882e-07
0.00256119
-1.93702e-07
0.00256119
-1.02344e-07
0.0025612
-6.39753e-08
0.00256121
-3.1696e-08
0.0025612
-9.2305e-09
0.0025612
-1.54488e-08
0.00256121
-4.31681e-09
0.00256121
-4.23824e-10
0.00256121
2.92828e-09
0.0025612
-1.12475e-08
0.00256121
2.44964e-09
0.00256121
1.09543e-08
0.0025612
-8.9597e-09
0.00256121
-3.18518e-09
0.00256121
4.06799e-09
0.0025612
8.20136e-09
0.0025612
-1.37869e-08
0.00256121
4.85076e-09
0.00256121
1.32782e-08
0.0025612
-1.87219e-08
0.00256121
6.60363e-09
0.00256121
9.9215e-09
0.00256121
-9.2763e-09
0.00256121
3.72431e-09
0.00256121
-1.45113e-08
0.00256121
2.77079e-08
0.0025612
-6.09001e-09
0.00256121
-3.08362e-08
0.00256121
3.8534e-08
0.0025612
-2.02995e-08
0.00256121
1.10052e-09
0.00256121
9.974e-09
0.00256121
-1.18819e-08
0.00256121
5.66883e-09
0.00256121
-1.40097e-08
0.00256121
1.70533e-08
0.0025612
2.7207e-09
0.00256121
-2.75113e-08
0.00256121
1.61445e-08
0.0025612
3.15568e-09
0.00256121
-1.3005e-08
0.00256121
9.59091e-09
0.00256121
1.19467e-08
0.00256121
-4.73158e-08
0.00256121
3.59012e-08
0.0025612
8.28684e-09
0.00256121
-1.44259e-08
0.00256121
1.25087e-09
0.00256121
-6.01617e-09
0.00256121
5.50055e-09
0.00256121
1.30957e-08
0.00256121
2.11323e-09
0.00256121
-5.98585e-09
0.00256121
-4.73435e-09
0.00256121
4.079e-09
0.00256121
9.69265e-09
0.00256121
3.73402e-09
0.00256121
-5.259e-09
0.00256121
-7.27538e-09
0.00256121
-3.09247e-09
0.00256121
1.48982e-09
0.00256121
1.7999e-09
0.00256121
-2.78632e-09
0.00256121
-7.4429e-09
0.00256121
-6.77976e-09
0.00256121
-5.50758e-10
0.00256121
5.86691e-09
0.00256121
7.0671e-09
0.00256121
2.84926e-09
0.00256121
-1.64418e-09
0.00256121
-1.40698e-09
0.00256121
3.11718e-09
0.00256121
6.5522e-09
0.00256121
4.38945e-09
0.00256121
-2.44797e-09
0.00256121
-8.49226e-09
0.00256121
-9.1532e-09
0.00256121
-4.60981e-09
0.00256121
1.02155e-09
0.00256121
3.82752e-09
0.00256121
3.13668e-09
0.00256121
1.36817e-09
0.00256121
1.14772e-09
0.00256121
3.10078e-09
0.00256121
5.58911e-09
0.00256121
6.70567e-09
0.00256121
4.23795e-09
5.67638e-09
0.00252568
-0.000165301
0.00254278
-0.000131263
0.00255194
-8.28087e-05
0.00255655
-4.88979e-05
0.00255884
-2.76787e-05
0.00255998
-1.53391e-05
0.00256057
-8.40001e-06
0.00256087
-4.57502e-06
0.00256103
-2.48077e-06
0.00256111
-1.34243e-06
0.00256115
-7.16276e-07
0.00256118
-3.98911e-07
0.00256119
-2.0674e-07
0.0025612
-1.0953e-07
0.0025612
-6.55711e-08
0.00256121
-3.6414e-08
0.00256121
-1.00044e-08
0.0025612
-1.3747e-08
0.00256121
-5.28835e-09
0.00256121
-3.18265e-09
0.00256121
3.60619e-09
0.0025612
-7.43256e-09
0.00256121
-1.07725e-09
0.00256121
9.36596e-09
0.0025612
-4.87717e-09
0.00256121
-3.56541e-09
0.00256121
-1.80568e-09
0.0025612
1.45237e-08
0.0025612
-1.16699e-08
0.00256121
-4.0666e-09
0.00256121
1.67747e-08
0.0025612
-1.25703e-08
0.00256121
5.78191e-10
0.00256121
9.18018e-09
0.00256121
-6.53069e-09
0.00256121
4.07066e-09
0.00256121
-1.60255e-08
0.00256121
2.62307e-08
0.0025612
3.07034e-10
0.00256121
-3.8478e-08
0.00256121
3.80595e-08
0.0025612
-1.03331e-08
0.00256121
-5.64589e-09
0.00256121
7.63965e-09
0.00256121
-9.60326e-09
0.00256121
7.70512e-09
0.00256121
-1.49312e-08
0.00256121
1.47922e-08
0.0025612
6.55448e-09
0.00256121
-3.18675e-08
0.00256121
1.54743e-08
0.0025612
1.06054e-08
0.00256121
-1.60855e-08
0.00256121
3.45131e-09
0.00256121
1.67155e-08
0.00256121
-4.59293e-08
0.00256121
3.31327e-08
0.0025612
1.15815e-08
0.00256121
-1.69705e-08
0.00256121
-9.55659e-10
0.00256121
-3.01489e-09
0.00256121
6.8229e-09
0.00256121
1.20332e-08
0.00256121
7.01059e-10
0.00256121
-6.39293e-09
0.00256121
-3.55796e-09
0.00256121
5.16124e-09
0.00256121
9.38196e-09
0.00256121
2.74602e-09
0.00256121
-5.7602e-09
0.00256121
-6.85895e-09
0.00256121
-2.30092e-09
0.00256121
1.69373e-09
0.00256121
1.16669e-09
0.00256121
-3.48763e-09
0.00256121
-7.46255e-09
0.00256121
-6.16641e-09
0.00256121
7.87776e-12
0.00256121
5.80719e-09
0.00256121
6.51825e-09
0.00256121
2.44492e-09
0.00256121
-1.46463e-09
0.00256121
-8.40914e-10
0.00256121
3.46668e-09
0.00256121
6.37333e-09
0.00256121
3.88177e-09
0.00256121
-2.79002e-09
0.00256121
-8.41841e-09
0.00256121
-8.83792e-09
0.00256121
-4.40774e-09
0.00256121
9.25467e-10
0.00256121
3.53491e-09
0.00256121
2.9095e-09
0.00256121
1.34391e-09
0.00256121
1.24421e-09
0.00256121
3.09994e-09
0.00256121
5.23692e-09
0.00256121
5.92364e-09
0.00256121
2.61649e-09
3.9934e-09
0.00252845
-0.000193751
0.00254568
-0.00014849
0.00255407
-9.12018e-05
0.0025579
-5.27241e-05
0.00255963
-2.94096e-05
0.00256043
-1.61413e-05
0.00256081
-8.78477e-06
0.002561
-4.76468e-06
0.0025611
-2.57658e-06
0.00256115
-1.39447e-06
0.00256118
-7.40902e-07
0.00256119
-4.12808e-07
0.0025612
-2.14052e-07
0.0025612
-1.15832e-07
0.0025612
-6.42826e-08
0.00256121
-3.90745e-08
0.00256121
-1.22705e-08
0.00256121
-1.18036e-08
0.00256121
-4.88455e-09
0.00256121
-5.82233e-09
0.00256121
2.6502e-09
0.0025612
-2.32287e-09
0.00256121
-3.38079e-09
0.00256121
4.96947e-09
0.00256121
-5.8807e-10
0.0025612
-5.59344e-10
0.00256121
-9.30879e-09
0.00256121
1.77378e-08
0.0025612
-6.17683e-09
0.00256121
-1.21367e-08
0.00256121
1.6755e-08
0.0025612
-4.53635e-09
0.00256121
-3.9792e-09
0.00256121
5.82694e-09
0.00256121
-3.54891e-09
0.0025612
6.65679e-09
0.00256121
-1.79067e-08
0.00256121
2.16053e-08
0.0025612
8.34164e-09
0.00256121
-4.31913e-08
0.00256121
3.44009e-08
0.0025612
-5.75392e-10
0.00256121
-1.04988e-08
0.00256121
4.01093e-09
0.00256121
-7.34673e-09
0.0025612
1.08095e-08
0.00256121
-1.60577e-08
0.00256121
1.10383e-08
0.0025612
1.09937e-08
0.00256121
-3.46005e-08
0.00256121
1.35315e-08
0.0025612
1.75309e-08
0.0025612
-1.82126e-08
0.00256121
-3.36331e-09
0.00256121
2.14449e-08
0.0025612
-4.32723e-08
0.00256121
2.95294e-08
0.00256121
1.39164e-08
0.00256121
-1.86621e-08
0.00256121
-2.77243e-09
0.00256121
-1.98658e-10
0.00256121
7.95831e-09
0.00256121
1.072e-08
0.00256121
-6.48708e-10
0.00256121
-6.46567e-09
0.00256121
-2.27822e-09
0.00256121
6.05593e-09
0.00256121
8.87526e-09
0.00256121
1.76922e-09
0.00256121
-6.08441e-09
0.00256121
-6.33636e-09
0.00256121
-1.58903e-09
0.00256121
1.75693e-09
0.00256121
4.96563e-10
0.00256121
-4.10533e-09
0.00256121
-7.39654e-09
0.00256121
-5.56574e-09
0.00256121
4.69317e-10
0.00256121
5.67884e-09
0.00256121
6.00246e-09
0.00256121
2.13881e-09
0.00256121
-1.21728e-09
0.00256121
-2.97814e-10
0.00256121
3.74868e-09
0.00256121
6.15311e-09
0.00256121
3.39957e-09
0.00256121
-3.07369e-09
0.00256121
-8.31556e-09
0.00256121
-8.55276e-09
0.00256121
-4.27206e-09
0.00256121
7.7826e-10
0.00256121
3.23803e-09
0.00256121
2.71571e-09
0.00256121
1.36759e-09
0.00256121
1.37871e-09
0.00256121
3.1224e-09
0.00256121
4.88676e-09
0.00256121
5.15772e-09
0.00256121
7.66698e-10
1.99625e-09
0.00253191
-0.000225658
0.00254912
-0.000165702
0.0025565
-9.85819e-05
0.00255938
-5.56045e-05
0.00256048
-3.05095e-05
0.0025609
-1.65653e-05
0.00256107
-8.95601e-06
0.00256115
-4.83582e-06
0.00256118
-2.60727e-06
0.00256119
-1.4103e-06
0.0025612
-7.48114e-07
0.0025612
-4.15474e-07
0.0025612
-2.15088e-07
0.00256121
-1.20735e-07
0.0025612
-6.08285e-08
0.00256121
-3.94591e-08
0.00256121
-1.53836e-08
0.00256121
-1.01981e-08
0.00256121
-3.55974e-09
0.00256121
-7.41723e-09
0.00256121
3.60564e-10
0.0025612
2.54753e-09
0.0025612
-3.85017e-09
0.00256121
-8.41085e-10
0.00256121
2.39873e-09
0.0025612
5.29894e-09
0.00256121
-1.65367e-08
0.00256121
1.70753e-08
0.0025612
1.37063e-09
0.00256121
-1.76946e-08
0.00256121
1.33461e-08
0.0025612
3.796e-09
0.00256121
-6.31622e-09
0.00256121
8.31747e-10
0.00256121
-1.29998e-09
0.0025612
1.09566e-08
0.0025612
-1.91907e-08
0.00256121
1.40112e-08
0.0025612
1.69867e-08
0.0025612
-4.43473e-08
0.00256121
2.8043e-08
0.0025612
7.78467e-09
0.00256121
-1.30008e-08
0.00256121
-1.80749e-10
0.00256121
-5.67195e-09
0.0025612
1.45929e-08
0.00256121
-1.69598e-08
0.00256121
5.97093e-09
0.00256121
1.56857e-08
0.00256121
-3.55301e-08
0.00256121
1.04261e-08
0.0025612
2.34783e-08
0.0025612
-1.92083e-08
0.00256121
-1.03625e-08
0.00256121
2.57586e-08
0.0025612
-3.95563e-08
0.00256121
2.53175e-08
0.00256121
1.53137e-08
0.00256121
-1.95137e-08
0.00256121
-4.1352e-09
0.00256121
2.29363e-09
0.00256121
8.86009e-09
0.00256121
9.25765e-09
0.00256121
-1.85726e-09
0.00256121
-6.24881e-09
0.00256121
-9.62912e-10
0.00256121
6.7434e-09
0.00256121
8.21878e-09
0.00256121
8.48684e-10
0.00256121
-6.23599e-09
0.00256121
-5.74871e-09
0.00256121
-9.80796e-10
0.00256121
1.69287e-09
0.00256121
-1.76725e-10
0.00256121
-4.63333e-09
0.00256121
-7.26514e-09
0.00256121
-5.00203e-09
0.00256121
8.31055e-10
0.00256121
5.49634e-09
0.00256121
5.53711e-09
0.00256121
1.93609e-09
0.00256121
-9.10943e-10
0.00256121
2.11342e-10
0.00256121
3.96262e-09
0.00256121
5.89968e-09
0.00256121
2.95475e-09
0.00256121
-3.29657e-09
0.00256121
-8.1901e-09
0.00256121
-8.30828e-09
0.00256121
-4.21214e-09
0.00256121
5.7579e-10
0.00256121
2.94042e-09
0.00256121
2.56378e-09
0.00256121
1.4464e-09
0.00256121
1.55547e-09
0.00256121
3.17298e-09
0.00256121
4.54426e-09
0.00256121
4.4432e-09
0.00256121
-1.36364e-09
-4.00642e-10
0.00253621
-0.00026187
0.00255318
-0.000182674
0.00255923
-0.000104626
0.00256098
-5.73599e-05
0.00256138
-3.09039e-05
0.0025614
-1.65825e-05
0.00256134
-8.90213e-06
0.00256129
-4.7847e-06
0.00256125
-2.57134e-06
0.00256123
-1.38912e-06
0.00256122
-7.37346e-07
0.00256121
-4.07381e-07
0.00256121
-2.098e-07
0.00256121
-1.23216e-07
0.00256121
-5.61445e-08
0.00256121
-3.78132e-08
0.00256121
-1.8337e-08
0.00256121
-9.22261e-09
0.00256121
-2.08273e-09
0.00256121
-7.39287e-09
0.00256121
-2.53739e-09
0.00256121
5.84456e-09
0.0025612
-2.48087e-09
0.00256121
-6.40378e-09
0.00256121
3.15329e-09
0.0025612
1.26913e-08
0.00256121
-2.18132e-08
0.00256121
1.28017e-08
0.0025612
9.20913e-09
0.00256121
-1.97127e-08
0.00256121
7.46144e-09
0.0025612
1.07885e-08
0.0025612
-6.16364e-09
0.00256121
-4.5572e-09
0.00256121
-5.13361e-10
0.0025612
1.61115e-08
0.0025612
-1.90594e-08
0.00256121
4.15117e-09
0.00256121
2.50611e-08
0.0025612
-4.17992e-08
0.00256121
1.9706e-08
0.0025612
1.40895e-08
0.00256121
-1.32371e-08
0.00256121
-4.14575e-09
0.00256121
-4.98409e-09
0.0025612
1.85726e-08
0.0025612
-1.72675e-08
0.00256121
-5.35232e-11
0.00256121
2.02066e-08
0.00256121
-3.46446e-08
0.00256121
6.40736e-09
0.0025612
2.80884e-08
0.0025612
-1.89958e-08
0.00256121
-1.70955e-08
0.00256121
2.93363e-08
0.0025612
-3.50404e-08
0.00256121
2.07559e-08
0.00256121
1.58446e-08
0.00256121
-1.95858e-08
0.00256121
-5.03548e-09
0.00256121
4.39109e-09
0.00256121
9.4803e-09
0.00256121
7.75422e-09
0.00256121
-2.86627e-09
0.00256121
-5.79191e-09
0.00256121
3.14003e-10
0.00256121
7.21908e-09
0.00256121
7.46679e-09
0.00256121
2.69568e-11
0.00256121
-6.23089e-09
0.00256121
-5.13941e-09
0.00256121
-4.94002e-10
0.00256121
1.52101e-09
0.00256121
-8.23307e-10
0.00256121
-5.06718e-09
0.00256121
-7.09124e-09
0.00256121
-4.49925e-09
0.00256121
1.09117e-09
0.00256121
5.277e-09
0.00256121
5.13972e-09
0.00256121
1.84048e-09
0.00256121
-5.56532e-10
0.00256121
6.79042e-10
0.00256121
4.10517e-09
0.00256121
5.62557e-09
0.00256121
2.55761e-09
0.00256121
-3.45553e-09
0.00256121
-8.04949e-09
0.00256121
-8.11629e-09
0.00256121
-4.23828e-09
0.00256121
3.1322e-10
0.00256121
2.6456e-09
0.00256121
2.46374e-09
0.00256121
1.58893e-09
0.00256121
1.7776e-09
0.00256121
3.25629e-09
0.00256121
4.2153e-09
0.00256121
3.82988e-09
0.00256121
-3.83418e-09
-3.3131e-09
0.00254158
-0.000303446
0.00255796
-0.000199058
0.00256225
-0.00010892
0.00256269
-5.77921e-05
0.00256231
-3.05231e-05
0.00256189
-1.61716e-05
0.00256161
-8.61663e-06
0.00256143
-4.61018e-06
0.00256133
-2.46901e-06
0.00256127
-1.33156e-06
0.00256125
-7.07885e-07
0.00256123
-3.89396e-07
0.00256122
-1.98612e-07
0.00256121
-1.22065e-07
0.00256121
-5.11207e-08
0.00256121
-3.46705e-08
0.00256121
-2.0153e-08
0.00256121
-8.86415e-09
0.00256121
-1.15764e-09
0.00256121
-5.72429e-09
0.00256121
-5.18709e-09
0.00256121
6.8814e-09
0.0025612
1.45364e-10
0.00256121
-1.02563e-08
0.00256121
1.46176e-09
0.0025612
1.99049e-08
0.0025612
-2.39537e-08
0.00256121
5.98425e-09
0.00256121
1.56095e-08
0.0025612
-1.79985e-08
0.00256121
4.14922e-10
0.00256121
1.53688e-08
0.0025612
-3.91807e-09
0.00256121
-9.17283e-09
0.00256121
-1.38936e-09
0.0025612
2.1054e-08
0.0025612
-1.69878e-08
0.00256121
-6.92061e-09
0.00256121
3.15174e-08
0.0025612
-3.59499e-08
0.00256121
1.04467e-08
0.00256121
1.78534e-08
0.0025612
-1.14773e-08
0.00256121
-7.33081e-09
0.00256121
-5.38243e-09
0.0025612
2.22069e-08
0.0025612
-1.67141e-08
0.00256121
-6.53101e-09
0.00256121
2.4104e-08
0.0025612
-3.21005e-08
0.00256121
1.84352e-09
0.00256121
3.11187e-08
0.0025612
-1.76278e-08
0.00256121
-2.31378e-08
0.00256121
3.19151e-08
0.0025612
-3.00149e-08
0.00256121
1.61222e-08
0.00256121
1.56177e-08
0.00256121
-1.8968e-08
0.00256121
-5.50763e-09
0.00256121
6.03839e-09
0.00256121
9.81027e-09
0.00256121
6.31042e-09
0.00256121
-3.62646e-09
0.00256121
-5.15942e-09
0.00256121
1.47423e-09
0.00256121
7.49748e-09
0.00256121
6.67732e-09
0.00256121
-6.53562e-10
0.00256121
-6.09661e-09
0.00256121
-4.55478e-09
0.00256121
-1.39026e-10
0.00256121
1.26585e-09
0.00256121
-1.41742e-09
0.00256121
-5.40405e-09
0.00256121
-6.89994e-09
0.00256121
-4.08162e-09
0.00256121
1.24891e-09
0.00256121
5.04039e-09
0.00256121
4.82872e-09
0.00256121
1.85341e-09
0.00256121
-1.63674e-10
0.00256121
1.09523e-09
0.00256121
4.17717e-09
0.00256121
5.34006e-09
0.00256121
2.22001e-09
0.00256121
-3.54614e-09
0.00256121
-7.90118e-09
0.00256121
-7.99091e-09
0.00256121
-4.36281e-09
0.00256121
-1.42095e-11
0.00256121
2.35814e-09
0.00256121
2.42604e-09
0.00256121
1.80511e-09
0.00256121
2.04741e-09
0.00256121
3.37729e-09
0.00256121
3.90428e-09
0.00256121
3.39148e-09
0.00256121
-6.72021e-09
-6.89483e-09
0.00254826
-0.000351711
0.00256355
-0.000214341
0.00256556
-0.000110932
0.00256445
-5.6687e-05
0.00256324
-2.93068e-05
0.00256239
-1.53202e-05
0.00256187
-8.09913e-06
0.00256157
-4.31389e-06
0.00256141
-2.30236e-06
0.00256131
-1.23929e-06
0.00256127
-6.59465e-07
0.00256124
-3.62431e-07
0.00256122
-1.82224e-07
0.00256122
-1.16364e-07
0.00256121
-4.63857e-08
0.00256121
-3.06002e-08
0.00256121
-2.01906e-08
0.00256121
-8.87323e-09
0.00256121
-1.19693e-09
0.00256121
-2.84187e-09
0.00256121
-6.89755e-09
0.00256121
5.62832e-09
0.00256121
3.217e-09
0.00256121
-1.15549e-08
0.00256121
-2.1623e-09
0.0025612
2.53465e-08
0.0025612
-2.25912e-08
0.00256121
-1.83412e-09
0.00256121
1.93188e-08
0.0025612
-1.31954e-08
0.00256121
-6.30073e-09
0.00256121
1.70188e-08
0.0025612
-3.94487e-10
0.00256121
-1.21043e-08
0.00256121
-3.67178e-09
0.00256121
2.47411e-08
0.0025612
-1.28982e-08
0.00256121
-1.78672e-08
0.00256121
3.55154e-08
0.0025612
-2.76243e-08
0.00256121
1.37449e-09
0.00256121
1.90195e-08
0.0025612
-8.31415e-09
0.00256121
-9.32346e-09
0.00256121
-6.72899e-09
0.00256121
2.49813e-08
0.0025612
-1.52e-08
0.00256121
-1.285e-08
0.00256121
2.69537e-08
0.0025612
-2.82169e-08
0.00256121
-2.80133e-09
0.00256121
3.24498e-08
0.0025612
-1.53045e-08
0.00256121
-2.80635e-08
0.00256121
3.32722e-08
0.0025612
-2.47785e-08
0.00256121
1.16989e-08
0.00256121
1.47649e-08
0.00256121
-1.77844e-08
0.00256121
-5.60776e-09
0.00256121
7.20272e-09
0.00256121
9.86832e-09
0.00256121
5.01968e-09
0.00256121
-4.10857e-09
0.00256121
-4.42984e-09
0.00256121
2.46284e-09
0.00256121
7.59465e-09
0.00256121
5.92023e-09
0.00256121
-1.16891e-09
0.00256121
-5.86442e-09
0.00256121
-4.03357e-09
0.00256121
6.59362e-11
0.00256121
9.61154e-10
0.00256121
-1.93123e-09
0.00256121
-5.64629e-09
0.00256121
-6.71885e-09
0.00256121
-3.77323e-09
0.00256121
1.3048e-09
0.00256121
4.80764e-09
0.00256121
4.62344e-09
0.00256121
1.97784e-09
0.00256121
2.52244e-10
0.00256121
1.45293e-09
0.00256121
4.18019e-09
0.00256121
5.05205e-09
0.00256121
1.95351e-09
0.00256121
-3.56211e-09
0.00256121
-7.75159e-09
0.00256121
-7.94906e-09
0.00256121
-4.60153e-09
0.00256121
-4.1138e-10
0.00256121
2.08622e-09
0.00256121
2.46198e-09
0.00256121
2.10084e-09
0.00256121
2.37359e-09
0.00256121
3.53384e-09
0.00256121
3.61639e-09
0.00256121
3.23585e-09
0.00256121
-1.01214e-08
-1.1347e-08
0.00255662
-0.000408331
0.00257006
-0.000227786
0.00256912
-0.000109984
0.00256625
-5.38199e-05
0.00256415
-2.72105e-05
0.00256286
-1.4027e-05
0.00256212
-7.35589e-06
0.0025617
-3.90071e-06
0.00256148
-2.07533e-06
0.00256135
-1.11471e-06
0.00256128
-5.92827e-07
0.00256125
-3.2718e-07
0.00256123
-1.61409e-07
0.00256122
-1.05873e-07
0.00256121
-4.20917e-08
0.00256121
-2.60792e-08
0.00256121
-1.83127e-08
0.00256121
-8.91285e-09
0.00256121
-2.16488e-09
0.00256121
5.39437e-10
0.00256121
-7.35287e-09
0.00256121
2.75134e-09
0.00256121
5.79158e-09
0.0025612
-1.01323e-08
0.00256121
-6.73726e-09
0.00256121
2.79255e-08
0.0025612
-1.82466e-08
0.00256121
-8.92487e-09
0.00256121
1.9756e-08
0.0025612
-6.50868e-09
0.00256121
-1.14642e-08
0.00256121
1.58914e-08
0.0025612
3.42587e-09
0.00256121
-1.29306e-08
0.00256121
-6.71418e-09
0.00256121
2.64024e-08
0.0025612
-7.22546e-09
0.00256121
-2.7288e-08
0.00256121
3.65853e-08
0.0025612
-1.79685e-08
0.00256121
-6.47458e-09
0.00256121
1.78915e-08
0.0025612
-4.47451e-09
0.00256121
-9.9971e-09
0.00256121
-8.63552e-09
0.00256121
2.6482e-08
0.0025612
-1.28251e-08
0.00256121
-1.83523e-08
0.00256121
2.84087e-08
0.0025612
-2.34311e-08
0.00256121
-7.03575e-09
0.00256121
3.20942e-08
0.0025612
-1.23328e-08
0.00256121
-3.1492e-08
0.00256121
3.3241e-08
0.0025612
-1.9621e-08
0.00256121
7.7619e-09
0.00256121
1.34315e-08
0.00256121
-1.61782e-08
0.00256121
-5.41912e-09
0.00256121
7.87635e-09
0.00256121
9.69808e-09
0.00256121
3.96533e-09
0.00256121
-4.30057e-09
0.00256121
-3.68215e-09
0.00256121
3.21996e-09
0.00256121
7.54374e-09
0.00256121
5.26528e-09
0.00256121
-1.49405e-09
0.00256121
-5.5734e-09
0.00256121
-3.62808e-09
0.00256121
1.22854e-10
0.00256121
6.38468e-10
0.00256121
-2.33533e-09
0.00256121
-5.80051e-09
0.00256121
-6.57937e-09
0.00256121
-3.59788e-09
0.00256121
1.26161e-09
0.00256121
4.60098e-09
0.00256121
4.54315e-09
0.00256121
2.21424e-09
0.00256121
6.81464e-10
0.00256121
1.74136e-09
0.00256121
4.11604e-09
0.00256121
4.77047e-09
0.00256121
1.77068e-09
0.00256121
-3.49566e-09
0.00256121
-7.60675e-09
0.00256121
-8.01022e-09
0.00256121
-4.97192e-09
0.00256121
-8.86251e-10
0.00256121
1.84092e-09
0.00256121
2.5886e-09
0.00256121
2.48199e-09
0.00256121
2.74503e-09
0.00256121
3.74513e-09
0.00256121
3.35165e-09
0.00256121
3.50482e-09
0.00256121
-1.41609e-08
-1.69345e-08
0.00256707
-0.000475405
0.00257764
-0.00023835
0.00257286
-0.000105209
0.00256801
-4.89675e-05
0.00256501
-2.42139e-05
0.00256329
-1.23048e-05
0.00256234
-6.40027e-06
0.00256181
-3.37936e-06
0.00256153
-1.79334e-06
0.00256138
-9.60852e-07
0.0025613
-5.09836e-07
0.00256125
-2.84062e-07
0.00256123
-1.36983e-07
0.00256121
-9.10949e-08
0.00256121
-3.78355e-08
0.0025612
-2.14813e-08
0.0025612
-1.48938e-08
0.0025612
-8.63609e-09
0.0025612
-3.60266e-09
0.0025612
3.57124e-09
0.0025612
-6.60635e-09
0.0025612
-7.6428e-10
0.0025612
7.27681e-09
0.0025612
-6.72488e-09
0.0025612
-1.08823e-08
0.0025612
2.72215e-08
0.0025612
-1.20701e-08
0.0025612
-1.39756e-08
0.0025612
1.7205e-08
0.0025612
5.65199e-10
0.0025612
-1.43337e-08
0.0025612
1.27223e-08
0.0025612
6.59774e-09
0.0025612
-1.17884e-08
0.0025612
-9.61787e-09
0.0025612
2.57168e-08
0.0025612
-8.99448e-10
0.0025612
-3.39028e-08
0.0025612
3.47185e-08
0.00256119
-8.31716e-09
0.0025612
-1.22864e-08
0.0025612
1.5089e-08
0.0025612
-7.11056e-10
0.0025612
-9.51753e-09
0.0025612
-1.05241e-08
0.0025612
2.64553e-08
0.0025612
-9.91872e-09
0.0025612
-2.23441e-08
0.0025612
2.8216e-08
0.0025612
-1.83289e-08
0.0025612
-1.02612e-08
0.0025612
3.01564e-08
0.0025612
-9.16106e-09
0.0025612
-3.30549e-08
0.0025612
3.16964e-08
0.0025612
-1.48076e-08
0.0025612
4.5738e-09
0.0025612
1.17629e-08
0.0025612
-1.43047e-08
0.0025612
-5.04337e-09
0.0025612
8.07167e-09
0.0025612
9.36308e-09
0.0025612
3.22449e-09
0.0025612
-4.20691e-09
0.0025612
-3.0032e-09
0.0025612
3.69388e-09
0.0025612
7.38746e-09
0.0025612
4.78553e-09
0.0025612
-1.60837e-09
0.0025612
-5.2695e-09
0.0025612
-3.39017e-09
0.0025612
3.0265e-11
0.0025612
3.39153e-10
0.0025612
-2.59838e-09
0.0025612
-5.87749e-09
0.0025612
-6.51798e-09
0.0025612
-3.57874e-09
0.0025612
1.12516e-09
0.0025612
4.44354e-09
0.0025612
4.60533e-09
0.0025612
2.56493e-09
0.0025612
1.11568e-09
0.0025612
1.94744e-09
0.0025612
3.98338e-09
0.0025612
4.50643e-09
0.0025612
1.68824e-09
0.0025612
-3.33942e-09
0.0025612
-7.47429e-09
0.0025612
-8.19505e-09
0.0025612
-5.49589e-09
0.0025612
-1.4378e-09
0.0025612
1.62129e-09
0.0025612
2.81901e-09
0.0025612
2.96229e-09
0.0025612
3.17183e-09
0.0025612
4.00735e-09
0.0025612
3.10034e-09
0.0025612
4.41446e-09
0.0025612
-1.90052e-08
-2.40044e-08
0.00258011
-0.000555518
0.00258632
-0.000244559
0.00257662
-9.55066e-05
0.00256958
-4.19274e-05
0.0025657
-2.03326e-05
0.00256358
-1.01827e-05
0.00256243
-5.25327e-06
0.00256181
-2.76254e-06
0.00256148
-1.46302e-06
0.0025613
-7.81532e-07
0.00256121
-4.13252e-07
0.00256116
-2.33392e-07
0.00256113
-1.0974e-07
0.00256111
-7.30963e-08
0.00256111
-3.29363e-08
0.0025611
-1.69266e-08
0.0025611
-1.066e-08
0.0025611
-7.85843e-09
0.0025611
-4.84226e-09
0.0025611
5.63152e-09
0.00256109
-5.11939e-09
0.0025611
-3.79617e-09
0.0025611
7.43631e-09
0.00256109
-2.52296e-09
0.0025611
-1.34791e-08
0.0025611
2.3686e-08
0.00256109
-5.60069e-09
0.00256109
-1.623e-08
0.0025611
1.27157e-08
0.00256109
6.41216e-09
0.00256109
-1.46665e-08
0.0025611
8.55662e-09
0.0025611
8.51788e-09
0.00256109
-9.31141e-09
0.0025611
-1.15556e-08
0.0025611
2.29455e-08
0.00256109
4.81212e-09
0.00256109
-3.67411e-08
0.0025611
3.04109e-08
0.00256109
-1.1607e-10
0.00256109
-1.54978e-08
0.0025611
1.14346e-08
0.00256109
2.30221e-09
0.00256109
-8.32163e-09
0.00256109
-1.16862e-08
0.0025611
2.48121e-08
0.00256109
-6.99291e-09
0.0025611
-2.41444e-08
0.0025611
2.62267e-08
0.00256109
-1.35496e-08
0.00256109
-1.19158e-08
0.0025611
2.68532e-08
0.00256109
-6.32597e-09
0.00256109
-3.23951e-08
0.0025611
2.85321e-08
0.00256109
-1.05597e-08
0.0025611
2.37535e-09
0.0025611
9.89186e-09
0.0025611
-1.23203e-08
0.00256109
-4.58521e-09
0.00256109
7.79838e-09
0.0025611
8.95282e-09
0.0025611
2.86512e-09
0.0025611
-3.84762e-09
0.00256109
-2.48523e-09
0.00256109
3.83658e-09
0.00256109
7.17907e-09
0.0025611
4.55756e-09
0.00256109
-1.497e-09
0.00256109
-5.01069e-09
0.00256109
-3.36237e-09
0.00256109
-2.16934e-10
0.0025611
1.13309e-10
0.0025611
-2.686e-09
0.0025611
-5.89013e-09
0.0025611
-6.57428e-09
0.0025611
-3.73799e-09
0.0025611
9.04909e-10
0.0025611
4.35715e-09
0.0025611
4.82636e-09
0.0025611
3.03252e-09
0.00256109
1.54493e-09
0.00256109
2.05588e-09
0.00256109
3.77466e-09
0.00256109
4.27605e-09
0.00256109
1.72575e-09
0.00256109
-3.08483e-09
0.00256109
-7.36344e-09
0.00256109
-8.52289e-09
0.0025611
-6.19075e-09
0.0025611
-2.07892e-09
0.0025611
1.44195e-09
0.0025611
3.17018e-09
0.0025611
3.55509e-09
0.0025611
3.64508e-09
0.00256109
4.31643e-09
0.00256109
2.84408e-09
0.00256109
6.25966e-09
0.0025611
-2.48484e-08
-3.2982e-08
0.00259544
-0.00065096
0.00259502
-0.000244136
0.00257902
-7.95101e-05
0.00256966
-3.25662e-05
0.00256496
-1.56332e-05
0.00256249
-7.70953e-06
0.00256118
-3.94471e-06
0.00256049
-2.06709e-06
0.00256011
-1.09256e-06
0.00255991
-5.81536e-07
0.00255981
-3.06296e-07
0.00255975
-1.75777e-07
0.00255972
-8.04309e-08
0.0025597
-5.3225e-08
0.00255969
-2.66446e-08
0.00255969
-1.24012e-08
0.00255969
-6.40711e-09
0.00255968
-6.56318e-09
0.00255968
-5.25637e-09
0.00255968
6.37952e-09
0.00255968
-3.42265e-09
0.00255968
-5.54715e-09
0.00255969
6.45897e-09
0.00255968
1.12743e-09
0.00255968
-1.38239e-08
0.00255969
1.84274e-08
0.00255968
-3.64688e-10
0.00255968
-1.56789e-08
0.00255969
7.71181e-09
0.00255968
9.92254e-09
0.00255968
-1.28909e-08
0.00255969
4.57532e-09
0.00255968
8.97455e-09
0.00255968
-6.52698e-09
0.00255968
-1.18566e-08
0.00255969
1.89553e-08
0.00255968
8.29612e-09
0.00255968
-3.5122e-08
0.00255969
2.4487e-08
0.00255968
5.34607e-09
0.00255968
-1.58923e-08
0.00255969
7.86637e-09
0.00255968
4.05835e-09
0.00255968
-7.09509e-09
0.00255968
-1.13175e-08
0.00255969
2.16367e-08
0.00255968
-4.78787e-09
0.00255968
-2.30143e-08
0.00255969
2.23639e-08
0.00255968
-9.78419e-09
0.00255968
-1.14126e-08
0.00255969
2.24436e-08
0.00255968
-4.44921e-09
0.00255968
-2.90795e-08
0.00255969
2.35905e-08
0.00255968
-7.02321e-09
0.00255968
1.3677e-09
0.00255969
7.92744e-09
0.00255968
-1.03586e-08
0.00255968
-4.15945e-09
0.00255968
7.07054e-09
0.00255968
8.5473e-09
0.00255968
2.93608e-09
0.00255968
-3.25356e-09
0.00255968
-2.22654e-09
0.00255968
3.59454e-09
0.00255968
6.9619e-09
0.00255968
4.65286e-09
0.00255968
-1.16248e-09
0.00255968
-4.83351e-09
0.00255968
-3.60536e-09
0.00255968
-5.65445e-10
0.00255968
-1.2777e-12
0.00255968
-2.56021e-09
0.00255968
-5.83126e-09
0.00255968
-6.76179e-09
0.00255968
-4.08515e-09
0.00255968
6.0954e-10
0.00255968
4.35044e-09
0.00255968
5.20396e-09
0.00255968
3.60773e-09
0.00255968
1.932e-09
0.00255968
2.05254e-09
0.00255968
3.47586e-09
0.00255968
4.08215e-09
0.00255968
1.89517e-09
0.00255968
-2.71263e-09
0.00255968
-7.26072e-09
0.00255968
-8.98022e-09
0.00255968
-7.04714e-09
0.00255968
-2.79815e-09
0.00255968
1.3073e-09
0.00255968
3.64814e-09
0.00255968
4.24891e-09
0.00255968
4.13077e-09
0.00255968
4.63772e-09
0.00255968
2.55161e-09
0.00255968
9.33718e-09
0.00255969
-3.1675e-08
-4.40683e-08
0.00260301
-0.000753965
0.00259018
-0.000231314
0.00256645
-5.57812e-05
0.00255488
-2.09968e-05
0.00254952
-1.02707e-05
0.00254678
-4.96821e-06
0.00254536
-2.51908e-06
0.0025446
-1.31611e-06
0.00254421
-6.93667e-07
0.00254399
-3.67404e-07
0.00254388
-1.92741e-07
0.00254381
-1.12696e-07
0.00254378
-4.98863e-08
0.00254376
-3.28426e-08
0.00254376
-1.85437e-08
0.00254375
-7.68721e-09
0.00254375
-2.95468e-09
0.00254375
-4.80419e-09
0.00254375
-4.41935e-09
0.00254375
5.73754e-09
0.00254374
-2.04478e-09
0.00254374
-5.49997e-09
0.00254375
4.97913e-09
0.00254374
2.59867e-09
0.00254374
-1.14265e-08
0.00254375
1.2882e-08
0.00254374
2.17675e-09
0.00254374
-1.28479e-08
0.00254375
3.98698e-09
0.00254375
1.0081e-08
0.00254374
-9.70832e-09
0.00254375
1.86964e-09
0.00254375
8.10426e-09
0.00254374
-4.62856e-09
0.00254374
-1.00657e-08
0.00254375
1.48889e-08
0.00254375
7.83488e-09
0.00254374
-2.84932e-08
0.00254375
1.79406e-08
0.00254375
6.76348e-09
0.00254374
-1.33943e-08
0.00254375
5.36385e-09
0.00254375
4.1182e-09
0.00254374
-6.46609e-09
0.00254374
-8.63356e-09
0.00254375
1.70017e-08
0.00254375
-4.0173e-09
0.00254374
-1.81518e-08
0.00254375
1.65858e-08
0.00254374
-7.56781e-09
0.00254374
-8.24018e-09
0.00254375
1.70416e-08
0.00254375
-4.00014e-09
0.00254374
-2.25072e-08
0.00254375
1.67145e-08
0.00254374
-4.40168e-09
0.00254374
1.7786e-09
0.00254375
5.7829e-09
0.00254374
-8.34842e-09
0.00254374
-3.80531e-09
0.00254374
5.8195e-09
0.00254375
7.96213e-09
0.00254374
3.37868e-09
0.00254374
-2.45414e-09
0.00254374
-2.26479e-09
0.00254374
2.89009e-09
0.00254375
6.59e-09
0.00254374
4.9407e-09
0.00254374
-5.93815e-10
0.00254374
-4.66234e-09
0.00254374
-3.96511e-09
0.00254374
-9.90721e-10
0.00254374
9.91871e-11
0.00254374
-2.16079e-09
0.00254374
-5.54521e-09
0.00254374
-6.84472e-09
0.00254374
-4.45846e-09
0.00254374
2.40854e-10
0.00254374
4.3094e-09
0.00254374
5.52835e-09
0.00254374
4.08624e-09
0.00254374
2.19425e-09
0.00254374
1.863e-09
0.00254374
3.03783e-09
0.00254374
3.80242e-09
0.00254374
2.13853e-09
0.00254374
-2.1804e-09
0.00254374
-6.95632e-09
0.00254374
-9.24301e-09
0.00254374
-7.75868e-09
0.00254375
-3.43476e-09
0.00254375
1.2133e-09
0.00254375
4.09076e-09
0.00254374
4.81454e-09
0.00254374
4.41403e-09
0.00254374
4.76791e-09
0.00254374
2.08042e-09
0.00254374
1.33541e-08
0.00254375
-3.75968e-08
-5.4735e-08
0.00251027
-0.000764232
0.00245694
-0.000177992
0.00242631
-2.51483e-05
0.0024137
-8.38545e-06
0.00240804
-4.60759e-06
0.00240522
-2.14753e-06
0.00240377
-1.07414e-06
0.00240302
-5.59493e-07
0.00240261
-2.93094e-07
0.0024024
-1.53847e-07
0.00240229
-8.02695e-08
0.00240222
-4.82389e-08
0.00240219
-2.02132e-08
0.00240218
-1.33864e-08
0.00240217
-8.91842e-09
0.00240216
-3.14533e-09
0.00240216
-5.35037e-10
0.00240216
-2.58381e-09
0.00240215
-2.40938e-09
0.00240216
3.56718e-09
0.00240216
-9.78356e-10
0.00240215
-3.57922e-09
0.00240216
2.86721e-09
0.00240216
2.1243e-09
0.00240215
-6.62941e-09
0.00240216
6.7903e-09
0.00240216
2.25159e-09
0.00240215
-7.72718e-09
0.00240215
1.5751e-09
0.00240216
6.69493e-09
0.00240215
-5.26085e-09
0.00240216
3.26077e-10
0.00240216
5.437e-09
0.00240216
-2.92953e-09
0.00240215
-6.11978e-09
0.00240216
9.44627e-09
0.00240216
4.17981e-09
0.00240215
-1.64391e-08
0.00240216
9.96348e-09
0.00240216
4.60739e-09
0.00240215
-7.89212e-09
0.00240216
3.05011e-09
0.00240216
2.73288e-09
0.00240216
-5.07509e-09
0.00240215
-4.16174e-09
0.00240216
1.00696e-08
0.00240216
-3.41134e-09
0.00240215
-9.72506e-09
0.00240216
8.78286e-09
0.00240215
-5.20942e-09
0.00240215
-3.50455e-09
0.00240216
9.81699e-09
0.00240216
-3.57708e-09
0.00240215
-1.22614e-08
0.00240216
8.10602e-09
0.00240215
-2.07292e-09
0.00240215
2.04524e-09
0.00240216
3.20733e-09
0.00240215
-5.3636e-09
0.00240215
-2.78406e-09
0.00240215
3.59064e-09
0.00240216
5.85731e-09
0.00240216
2.98746e-09
0.00240216
-1.41663e-09
0.00240215
-1.89859e-09
0.00240216
1.65659e-09
0.00240216
4.91108e-09
0.00240216
4.13574e-09
0.00240216
-8.99627e-11
0.00240216
-3.54569e-09
0.00240216
-3.36255e-09
0.00240216
-9.77591e-10
0.00240216
1.94947e-10
0.00240216
-1.31065e-09
0.00240215
-4.08825e-09
0.00240215
-5.40393e-09
0.00240215
-3.73118e-09
0.00240215
-2.57345e-11
0.00240215
3.32389e-09
0.00240215
4.4933e-09
0.00240215
3.43932e-09
0.00240215
1.81151e-09
0.00240216
1.28927e-09
0.00240216
2.09076e-09
0.00240216
2.8475e-09
0.00240216
1.84192e-09
0.00240216
-1.33938e-09
0.00240216
-5.22366e-09
0.00240215
-7.37684e-09
0.00240215
-6.45909e-09
0.00240215
-2.99526e-09
0.00240215
9.57057e-10
0.00240215
3.44936e-09
0.00240215
4.01559e-09
0.00240215
3.45786e-09
0.00240216
3.68933e-09
0.00240216
1.2995e-09
0.00240216
1.36781e-08
0.00240215
-3.19007e-08
-4.8826e-08
0.00173577
0.00155778
0.00153263
0.00152424
0.00151963
0.00151749
0.00151641
0.00151585
0.00151556
0.00151541
0.00151533
0.00151528
0.00151526
0.00151524
0.00151524
0.00151523
0.00151523
0.00151523
0.00151523
0.00151523
0.00151523
0.00151523
0.00151523
0.00151523
0.00151522
0.00151523
0.00151523
0.00151523
0.00151523
0.00151523
0.00151523
0.00151523
0.00151523
0.00151523
0.00151522
0.00151523
0.00151524
0.00151522
0.00151523
0.00151524
0.00151523
0.00151523
0.00151523
0.00151523
0.00151523
0.00151524
0.00151523
0.00151522
0.00151523
0.00151523
0.00151522
0.00151523
0.00151523
0.00151522
0.00151522
0.00151522
0.00151522
0.00151523
0.00151522
0.00151522
0.00151522
0.00151523
0.00151523
0.00151523
0.00151523
0.00151523
0.00151524
0.00151524
0.00151524
0.00151524
0.00151523
0.00151523
0.00151523
0.00151523
0.00151523
0.00151522
0.00151522
0.00151522
0.00151522
0.00151522
0.00151523
0.00151523
0.00151523
0.00151523
0.00151524
0.00151524
0.00151524
0.00151523
0.00151522
0.00151522
0.00151521
0.00151522
0.00151522
0.00151522
0.00151523
0.00151523
0.00151523
0.00151525
0.00151521
)
;

boundaryField
{
    inlet
    {
        type            calculated;
        value           nonuniform List<scalar> 
40
(
-0.0025
-0.0025
-0.0025
-0.0025
-0.0025
-0.0025
-0.0025
-0.0025
-0.0025
-0.0025
-0.0025
-0.0025
-0.0025
-0.0025
-0.0025
-0.0025
-0.0025
-0.0025
-0.0025
-0.0025
-0.0025
-0.0025
-0.0025
-0.0025
-0.0025
-0.0025
-0.0025
-0.0025
-0.0025
-0.0025
-0.0025
-0.0025
-0.0025
-0.0025
-0.0025
-0.0025
-0.0025
-0.0025
-0.0025
-0.0025
)
;
    }
    outlet
    {
        type            calculated;
        value           nonuniform List<scalar> 
40
(
0.00151512
0.00240213
0.00254375
0.0025597
0.00256111
0.00256121
0.00256121
0.00256121
0.00256121
0.00256121
0.00256121
0.00256121
0.00256121
0.00256121
0.00256121
0.00256121
0.00256121
0.00256121
0.00256121
0.00256121
0.00256121
0.00256121
0.00256121
0.00256121
0.00256121
0.00256121
0.00256121
0.00256121
0.00256121
0.00256121
0.00256121
0.00256121
0.00256122
0.00256122
0.00256121
0.00256111
0.0025597
0.00254376
0.00240214
0.00151516
)
;
    }
    upperWall
    {
        type            calculated;
        value           uniform 0;
    }
    lowerWall
    {
        type            calculated;
        value           uniform 0;
    }
    frontAndBack
    {
        type            empty;
        value           nonuniform 0();
    }
}


// ************************************************************************* //
