/*--------------------------------*- C++ -*----------------------------------*\
| =========                 |                                                 |
| \\      /  F ield         | OpenFOAM: The Open Source CFD Toolbox           |
|  \\    /   O peration     | Version:  5.x                                   |
|   \\  /    A nd           | Web:      www.OpenFOAM.org                      |
|    \\/     M anipulation  |                                                 |
\*---------------------------------------------------------------------------*/
FoamFile
{
    version     2.0;
    format      ascii;
    class       volVectorField;
    location    "0.02";
    object      U;
}
// * * * * * * * * * * * * * * * * * * * * * * * * * * * * * * * * * * * * * //

dimensions      [0 1 -1 0 0 0 0];

internalField   nonuniform List<vector> 
4000
(
(0.283951 0.0951162 0)
(0.210045 0.0158126 0)
(0.120471 0.00340194 0)
(0.103855 0.00151317 0)
(0.0927157 0.00053887 0)
(0.0891161 0.000249568 0)
(0.087273 8.24595e-05 0)
(0.0867249 2.96281e-05 0)
(0.0865191 4.3522e-06 0)
(0.0865002 -1.28465e-06 0)
(0.0865131 -2.97965e-06 0)
(0.0865376 -2.28182e-06 0)
(0.0865551 -1.61884e-06 0)
(0.0865675 -9.61624e-07 0)
(0.0865748 -5.84817e-07 0)
(0.0865792 -3.23916e-07 0)
(0.0865815 -1.62758e-07 0)
(0.0865827 -7.22267e-08 0)
(0.0865833 -2.65594e-08 0)
(0.0865835 -6.47785e-09 0)
(0.0865835 -3.65958e-09 0)
(0.0865835 4.98842e-09 0)
(0.0865835 6.25414e-09 0)
(0.0865835 1.32821e-09 0)
(0.0865836 -1.52224e-08 0)
(0.0865837 -2.44285e-08 0)
(0.0865839 -1.04308e-08 0)
(0.086584 -1.53774e-08 0)
(0.0865842 -2.13051e-08 0)
(0.0865842 -7.61604e-09 0)
(0.0865842 1.10602e-08 0)
(0.0865839 2.98077e-08 0)
(0.0865836 3.7989e-08 0)
(0.0865832 3.45919e-08 0)
(0.0865826 3.84465e-08 0)
(0.0865821 4.69403e-08 0)
(0.0865816 4.18462e-08 0)
(0.0865811 3.62377e-08 0)
(0.0865807 2.75438e-08 0)
(0.0865805 1.71026e-08 0)
(0.0865803 1.27388e-08 0)
(0.0865803 -7.50767e-10 0)
(0.0865803 -8.24248e-09 0)
(0.0865804 -2.56427e-09 0)
(0.0865806 -9.74093e-09 0)
(0.0865808 -1.65106e-08 0)
(0.086581 -2.02622e-08 0)
(0.0865813 -2.28244e-08 0)
(0.0865816 -1.94467e-08 0)
(0.0865819 -3.30604e-08 0)
(0.0865823 -3.36333e-08 0)
(0.0865828 -4.72248e-08 0)
(0.0865833 -4.12653e-08 0)
(0.0865839 -4.69396e-08 0)
(0.0865846 -5.46154e-08 0)
(0.0865853 -5.66874e-08 0)
(0.0865859 -5.31358e-08 0)
(0.0865865 -3.6571e-08 0)
(0.0865869 -2.93012e-08 0)
(0.0865872 -2.44123e-08 0)
(0.0865872 1.30486e-08 0)
(0.086587 4.26223e-08 0)
(0.0865865 3.58498e-08 0)
(0.0865858 5.0335e-08 0)
(0.086585 8.0812e-08 0)
(0.0865841 9.24279e-08 0)
(0.0865829 9.58625e-08 0)
(0.0865818 9.59037e-08 0)
(0.0865807 8.06019e-08 0)
(0.0865798 5.54592e-08 0)
(0.0865793 3.21288e-08 0)
(0.086579 7.72911e-09 0)
(0.0865791 -2.01389e-08 0)
(0.0865796 -4.84644e-08 0)
(0.0865803 -7.38906e-08 0)
(0.0865814 -9.65701e-08 0)
(0.0865827 -1.15072e-07 0)
(0.0865841 -1.22307e-07 0)
(0.0865855 -1.09697e-07 0)
(0.0865866 -7.45413e-08 0)
(0.0865872 -2.78714e-08 0)
(0.0865872 1.39634e-08 0)
(0.0865869 4.31215e-08 0)
(0.0865862 6.40183e-08 0)
(0.0865854 8.1625e-08 0)
(0.0865844 8.65944e-08 0)
(0.0865835 6.7204e-08 0)
(0.086583 1.76445e-08 0)
(0.0865832 -3.97731e-08 0)
(0.086584 -8.2333e-08 0)
(0.086585 -8.65424e-08 0)
(0.0865859 -6.21764e-08 0)
(0.0865864 -1.93989e-08 0)
(0.0865862 3.14823e-08 0)
(0.0865856 8.02844e-08 0)
(0.0865839 1.70776e-07 0)
(0.0865819 2.15754e-07 0)
(0.0865771 4.5147e-07 0)
(0.0865741 3.83437e-07 0)
(0.0865602 1.34526e-06 0)
(0.624301 0.240971 0)
(0.522016 0.056514 0)
(0.34332 0.0181067 0)
(0.29803 0.00807377 0)
(0.268694 0.00332163 0)
(0.258183 0.00149563 0)
(0.252903 0.000567683 0)
(0.251134 0.000211204 0)
(0.25044 5.4814e-05 0)
(0.250302 6.33829e-06 0)
(0.250295 -8.98116e-06 0)
(0.250338 -9.38532e-06 0)
(0.250375 -7.31187e-06 0)
(0.250403 -4.68978e-06 0)
(0.25042 -2.87883e-06 0)
(0.250431 -1.62282e-06 0)
(0.250437 -8.76693e-07 0)
(0.25044 -4.30742e-07 0)
(0.250441 -1.92537e-07 0)
(0.250442 -4.12264e-08 0)
(0.250442 8.03191e-09 0)
(0.250442 1.97417e-08 0)
(0.250442 3.56996e-09 0)
(0.250442 -2.52656e-08 0)
(0.250442 -4.03232e-08 0)
(0.250442 -7.96296e-08 0)
(0.250443 -8.04246e-08 0)
(0.250443 -6.77609e-08 0)
(0.250444 -4.25302e-08 0)
(0.250444 1.01582e-08 0)
(0.250444 7.41567e-08 0)
(0.250443 1.38398e-07 0)
(0.250442 2.03174e-07 0)
(0.250441 2.48988e-07 0)
(0.250439 2.64821e-07 0)
(0.250438 2.69572e-07 0)
(0.250436 2.48425e-07 0)
(0.250435 2.13361e-07 0)
(0.250434 1.73692e-07 0)
(0.250433 1.04788e-07 0)
(0.250432 4.44029e-08 0)
(0.250432 -3.66622e-09 0)
(0.250432 -5.2023e-08 0)
(0.250433 -6.75248e-08 0)
(0.250433 -9.31255e-08 0)
(0.250434 -1.11144e-07 0)
(0.250434 -1.22495e-07 0)
(0.250435 -1.45926e-07 0)
(0.250436 -1.61979e-07 0)
(0.250437 -1.97252e-07 0)
(0.250438 -2.14053e-07 0)
(0.25044 -2.55674e-07 0)
(0.250441 -2.98833e-07 0)
(0.250443 -3.36643e-07 0)
(0.250445 -3.51584e-07 0)
(0.250447 -3.30151e-07 0)
(0.250449 -3.0095e-07 0)
(0.25045 -2.56036e-07 0)
(0.250452 -1.70841e-07 0)
(0.250452 -7.55288e-08 0)
(0.250452 4.79593e-08 0)
(0.250452 1.96826e-07 0)
(0.25045 2.93731e-07 0)
(0.250448 3.69846e-07 0)
(0.250446 4.54044e-07 0)
(0.250443 5.31891e-07 0)
(0.25044 5.86476e-07 0)
(0.250437 5.79154e-07 0)
(0.250434 4.92165e-07 0)
(0.250431 3.59329e-07 0)
(0.25043 2.09461e-07 0)
(0.250429 4.04876e-08 0)
(0.250429 -1.42149e-07 0)
(0.250431 -3.15529e-07 0)
(0.250433 -4.6283e-07 0)
(0.250436 -5.86564e-07 0)
(0.250439 -6.86484e-07 0)
(0.250443 -7.23668e-07 0)
(0.250447 -6.40441e-07 0)
(0.250451 -4.25386e-07 0)
(0.250452 -1.50726e-07 0)
(0.250452 8.56187e-08 0)
(0.250451 2.46492e-07 0)
(0.25045 3.61687e-07 0)
(0.250447 4.57244e-07 0)
(0.250445 4.79339e-07 0)
(0.250442 3.57148e-07 0)
(0.250441 7.45184e-08 0)
(0.250441 -2.4597e-07 0)
(0.250443 -4.67033e-07 0)
(0.250446 -4.80837e-07 0)
(0.250449 -3.29704e-07 0)
(0.25045 -7.59005e-08 0)
(0.250449 2.23713e-07 0)
(0.250447 5.56078e-07 0)
(0.250442 1.04712e-06 0)
(0.250436 1.49927e-06 0)
(0.250423 2.51452e-06 0)
(0.250413 2.97781e-06 0)
(0.250377 5.83662e-06 0)
(0.829405 0.312041 0)
(0.748242 0.105832 0)
(0.539834 0.0449503 0)
(0.475331 0.02059 0)
(0.432727 0.00915249 0)
(0.416393 0.00410972 0)
(0.408146 0.00165877 0)
(0.405189 0.000631433 0)
(0.403989 0.000191815 0)
(0.403685 3.83115e-05 0)
(0.403627 -1.17779e-05 0)
(0.403666 -1.95015e-05 0)
(0.403708 -1.66094e-05 0)
(0.403745 -1.123e-05 0)
(0.403768 -7.04491e-06 0)
(0.403783 -4.06912e-06 0)
(0.403791 -2.2145e-06 0)
(0.403795 -1.08369e-06 0)
(0.403797 -4.72201e-07 0)
(0.403798 -1.19968e-07 0)
(0.403798 1.07301e-08 0)
(0.403798 5.07874e-08 0)
(0.403798 1.11106e-08 0)
(0.403798 -8.04497e-08 0)
(0.403798 -1.46166e-07 0)
(0.403799 -2.33563e-07 0)
(0.403799 -2.27217e-07 0)
(0.4038 -1.95928e-07 0)
(0.403801 -1.25651e-07 0)
(0.403801 2.94001e-08 0)
(0.4038 2.21086e-07 0)
(0.403799 4.05319e-07 0)
(0.403798 5.68561e-07 0)
(0.403796 6.87273e-07 0)
(0.403793 7.47671e-07 0)
(0.403791 7.61286e-07 0)
(0.403789 6.96114e-07 0)
(0.403786 6.02369e-07 0)
(0.403785 4.92465e-07 0)
(0.403783 3.13243e-07 0)
(0.403783 1.42037e-07 0)
(0.403782 -9.08773e-10 0)
(0.403783 -1.1793e-07 0)
(0.403783 -1.70382e-07 0)
(0.403784 -2.48171e-07 0)
(0.403785 -3.12056e-07 0)
(0.403786 -3.55648e-07 0)
(0.403787 -4.15138e-07 0)
(0.403789 -4.72127e-07 0)
(0.40379 -5.65074e-07 0)
(0.403792 -6.23317e-07 0)
(0.403794 -7.37717e-07 0)
(0.403797 -8.45376e-07 0)
(0.4038 -9.4654e-07 0)
(0.403803 -9.83021e-07 0)
(0.403806 -9.32986e-07 0)
(0.403809 -8.42088e-07 0)
(0.403811 -6.97153e-07 0)
(0.403813 -4.81038e-07 0)
(0.403814 -2.06481e-07 0)
(0.403815 1.65469e-07 0)
(0.403813 5.64495e-07 0)
(0.403811 8.28589e-07 0)
(0.403808 1.04821e-06 0)
(0.403804 1.28883e-06 0)
(0.4038 1.50109e-06 0)
(0.403795 1.63699e-06 0)
(0.403789 1.60637e-06 0)
(0.403785 1.36354e-06 0)
(0.403781 9.87879e-07 0)
(0.403778 5.63727e-07 0)
(0.403777 9.50712e-08 0)
(0.403778 -4.09152e-07 0)
(0.40378 -8.91824e-07 0)
(0.403784 -1.3052e-06 0)
(0.403788 -1.65064e-06 0)
(0.403794 -1.91855e-06 0)
(0.4038 -2.00313e-06 0)
(0.403807 -1.75904e-06 0)
(0.403811 -1.16752e-06 0)
(0.403814 -4.21122e-07 0)
(0.403814 2.27367e-07 0)
(0.403812 6.79187e-07 0)
(0.40381 1.00469e-06 0)
(0.403806 1.25522e-06 0)
(0.403802 1.2952e-06 0)
(0.403798 9.43356e-07 0)
(0.403797 1.8365e-07 0)
(0.403797 -6.70698e-07 0)
(0.403801 -1.24409e-06 0)
(0.403805 -1.27409e-06 0)
(0.403808 -8.52711e-07 0)
(0.40381 -1.45529e-07 0)
(0.403809 6.89648e-07 0)
(0.403805 1.66697e-06 0)
(0.403797 2.95745e-06 0)
(0.403787 4.41005e-06 0)
(0.403767 6.70121e-06 0)
(0.403751 9.00658e-06 0)
(0.403698 1.33623e-05 0)
(0.951331 0.336539 0)
(0.908625 0.150581 0)
(0.706589 0.0764915 0)
(0.633306 0.0365745 0)
(0.582785 0.0171114 0)
(0.562245 0.00776882 0)
(0.551701 0.0032506 0)
(0.54772 0.00126517 0)
(0.546052 0.00041577 0)
(0.545567 0.000100787 0)
(0.545439 -5.58581e-06 0)
(0.545459 -2.85023e-05 0)
(0.545498 -2.69137e-05 0)
(0.545536 -1.90907e-05 0)
(0.545561 -1.22153e-05 0)
(0.545578 -7.17453e-06 0)
(0.545588 -3.96616e-06 0)
(0.545593 -1.96405e-06 0)
(0.545595 -8.51436e-07 0)
(0.545596 -2.27609e-07 0)
(0.545596 7.05692e-09 0)
(0.545596 8.19672e-08 0)
(0.545596 1.52489e-08 0)
(0.545596 -1.70701e-07 0)
(0.545596 -2.90268e-07 0)
(0.545597 -4.23758e-07 0)
(0.545598 -4.29578e-07 0)
(0.545599 -3.60463e-07 0)
(0.5456 -2.02898e-07 0)
(0.5456 8.59739e-08 0)
(0.545599 4.38899e-07 0)
(0.545598 7.82535e-07 0)
(0.545596 1.09455e-06 0)
(0.545593 1.32717e-06 0)
(0.54559 1.44084e-06 0)
(0.545587 1.46412e-06 0)
(0.545584 1.35049e-06 0)
(0.545581 1.1596e-06 0)
(0.545578 9.42581e-07 0)
(0.545577 6.17103e-07 0)
(0.545576 2.87108e-07 0)
(0.545575 1.13847e-08 0)
(0.545576 -2.18446e-07 0)
(0.545576 -3.42063e-07 0)
(0.545577 -4.8269e-07 0)
(0.545578 -6.0783e-07 0)
(0.54558 -7.02829e-07 0)
(0.545582 -8.1895e-07 0)
(0.545583 -9.4289e-07 0)
(0.545586 -1.10237e-06 0)
(0.545588 -1.23008e-06 0)
(0.545591 -1.43455e-06 0)
(0.545595 -1.65742e-06 0)
(0.545599 -1.8455e-06 0)
(0.545603 -1.90456e-06 0)
(0.545607 -1.80612e-06 0)
(0.545611 -1.62358e-06 0)
(0.545614 -1.34733e-06 0)
(0.545616 -9.22469e-07 0)
(0.545618 -3.70115e-07 0)
(0.545618 3.21185e-07 0)
(0.545616 1.06879e-06 0)
(0.545613 1.62455e-06 0)
(0.545609 2.05417e-06 0)
(0.545604 2.48838e-06 0)
(0.545598 2.89189e-06 0)
(0.545592 3.14489e-06 0)
(0.545585 3.07083e-06 0)
(0.545579 2.61094e-06 0)
(0.545574 1.90305e-06 0)
(0.54557 1.08575e-06 0)
(0.545569 1.77211e-07 0)
(0.54557 -7.97469e-07 0)
(0.545572 -1.73078e-06 0)
(0.545577 -2.52985e-06 0)
(0.545583 -3.18909e-06 0)
(0.545591 -3.68569e-06 0)
(0.545599 -3.82545e-06 0)
(0.545607 -3.34536e-06 0)
(0.545613 -2.22032e-06 0)
(0.545617 -8.0915e-07 0)
(0.545617 4.21575e-07 0)
(0.545615 1.28594e-06 0)
(0.545612 1.90376e-06 0)
(0.545607 2.35905e-06 0)
(0.545602 2.41129e-06 0)
(0.545597 1.7348e-06 0)
(0.545595 3.21588e-07 0)
(0.545596 -1.26167e-06 0)
(0.5456 -2.31237e-06 0)
(0.545605 -2.36374e-06 0)
(0.54561 -1.55987e-06 0)
(0.545611 -2.07588e-07 0)
(0.54561 1.39834e-06 0)
(0.545605 3.31897e-06 0)
(0.545595 5.72949e-06 0)
(0.545581 8.6699e-06 0)
(0.545555 1.25702e-05 0)
(0.545534 1.76425e-05 0)
(0.54547 2.27216e-05 0)
(1.02078 0.334742 0)
(1.01859 0.185165 0)
(0.843498 0.10678 0)
(0.770777 0.0536247 0)
(0.71749 0.026151 0)
(0.694625 0.0120808 0)
(0.682593 0.00519485 0)
(0.677849 0.00206739 0)
(0.675797 0.00071642 0)
(0.675143 0.000195159 0)
(0.674941 1.31096e-05 0)
(0.674932 -3.32755e-05 0)
(0.67496 -3.60888e-05 0)
(0.674995 -2.69162e-05 0)
(0.67502 -1.76248e-05 0)
(0.675037 -1.05137e-05 0)
(0.675047 -5.87173e-06 0)
(0.675052 -2.94726e-06 0)
(0.675055 -1.28803e-06 0)
(0.675056 -3.45042e-07 0)
(0.675056 1.24978e-08 0)
(0.675056 9.91858e-08 0)
(0.675055 9.93285e-10 0)
(0.675056 -2.7098e-07 0)
(0.675056 -4.66252e-07 0)
(0.675057 -6.58804e-07 0)
(0.675058 -6.70868e-07 0)
(0.675059 -5.49745e-07 0)
(0.67506 -2.85959e-07 0)
(0.67506 1.65586e-07 0)
(0.675059 7.22118e-07 0)
(0.675057 1.26441e-06 0)
(0.675055 1.75245e-06 0)
(0.675052 2.12434e-06 0)
(0.675048 2.30508e-06 0)
(0.675044 2.33239e-06 0)
(0.675041 2.16247e-06 0)
(0.675037 1.86414e-06 0)
(0.675034 1.51291e-06 0)
(0.675032 1.00475e-06 0)
(0.675031 4.79495e-07 0)
(0.675031 4.13994e-08 0)
(0.675031 -3.25162e-07 0)
(0.675032 -5.47491e-07 0)
(0.675033 -7.73718e-07 0)
(0.675034 -9.79592e-07 0)
(0.675036 -1.14407e-06 0)
(0.675038 -1.33133e-06 0)
(0.67504 -1.53865e-06 0)
(0.675043 -1.78442e-06 0)
(0.675046 -2.00251e-06 0)
(0.67505 -2.31685e-06 0)
(0.675054 -2.66819e-06 0)
(0.675059 -2.96078e-06 0)
(0.675064 -3.04938e-06 0)
(0.675068 -2.89508e-06 0)
(0.675073 -2.59383e-06 0)
(0.675077 -2.14648e-06 0)
(0.67508 -1.46828e-06 0)
(0.675081 -5.72763e-07 0)
(0.675082 5.23458e-07 0)
(0.67508 1.69455e-06 0)
(0.675076 2.60642e-06 0)
(0.675071 3.3102e-06 0)
(0.675065 3.99384e-06 0)
(0.675058 4.62557e-06 0)
(0.675051 5.00818e-06 0)
(0.675042 4.87456e-06 0)
(0.675035 4.15208e-06 0)
(0.675029 3.04122e-06 0)
(0.675025 1.7405e-06 0)
(0.675023 2.86537e-07 0)
(0.675024 -1.27268e-06 0)
(0.675028 -2.76813e-06 0)
(0.675033 -4.04977e-06 0)
(0.675041 -5.09689e-06 0)
(0.675049 -5.86488e-06 0)
(0.675059 -6.05846e-06 0)
(0.675069 -5.28534e-06 0)
(0.675076 -3.51722e-06 0)
(0.67508 -1.30396e-06 0)
(0.67508 6.39993e-07 0)
(0.675078 2.01801e-06 0)
(0.675074 2.99405e-06 0)
(0.675069 3.68422e-06 0)
(0.675063 3.73603e-06 0)
(0.675058 2.66761e-06 0)
(0.675055 4.87019e-07 0)
(0.675056 -1.95235e-06 0)
(0.675061 -3.56694e-06 0)
(0.675067 -3.64956e-06 0)
(0.675071 -2.38623e-06 0)
(0.675073 -2.44046e-07 0)
(0.675072 2.31966e-06 0)
(0.675066 5.41419e-06 0)
(0.675053 9.18194e-06 0)
(0.675037 1.39427e-05 0)
(0.675006 1.96514e-05 0)
(0.674981 2.79632e-05 0)
(0.674911 3.31009e-05 0)
(1.05706 0.317395 0)
(1.09045 0.208658 0)
(0.952406 0.132715 0)
(0.887611 0.0700082 0)
(0.8361 0.0354075 0)
(0.812849 0.0166888 0)
(0.800207 0.00734607 0)
(0.79503 0.00298681 0)
(0.792718 0.00107761 0)
(0.791929 0.000318463 0)
(0.791658 4.5034e-05 0)
(0.791617 -3.23603e-05 0)
(0.79163 -4.29262e-05 0)
(0.791658 -3.38504e-05 0)
(0.791681 -2.27406e-05 0)
(0.791697 -1.38064e-05 0)
(0.791706 -7.79319e-06 0)
(0.791711 -3.93585e-06 0)
(0.791714 -1.72631e-06 0)
(0.791715 -4.79738e-07 0)
(0.791715 1.24209e-08 0)
(0.791715 1.24064e-07 0)
(0.791715 -1.28659e-08 0)
(0.791715 -3.88999e-07 0)
(0.791716 -6.73174e-07 0)
(0.791717 -9.1391e-07 0)
(0.791718 -9.28616e-07 0)
(0.791719 -7.52898e-07 0)
(0.791719 -3.62177e-07 0)
(0.791719 2.75522e-07 0)
(0.791718 1.05888e-06 0)
(0.791717 1.82761e-06 0)
(0.791714 2.51404e-06 0)
(0.79171 3.03952e-06 0)
(0.791706 3.29629e-06 0)
(0.791702 3.33289e-06 0)
(0.791698 3.10612e-06 0)
(0.791694 2.68042e-06 0)
(0.791691 2.16747e-06 0)
(0.791688 1.4605e-06 0)
(0.791687 7.20006e-07 0)
(0.791686 8.97778e-08 0)
(0.791687 -4.4261e-07 0)
(0.791687 -7.85741e-07 0)
(0.791688 -1.11034e-06 0)
(0.79169 -1.41333e-06 0)
(0.791692 -1.66608e-06 0)
(0.791695 -1.93802e-06 0)
(0.791697 -2.23939e-06 0)
(0.791701 -2.58516e-06 0)
(0.791704 -2.91191e-06 0)
(0.791708 -3.35005e-06 0)
(0.791713 -3.83986e-06 0)
(0.791718 -4.24624e-06 0)
(0.791724 -4.36707e-06 0)
(0.791729 -4.14974e-06 0)
(0.791734 -3.70903e-06 0)
(0.791738 -3.06246e-06 0)
(0.791742 -2.09442e-06 0)
(0.791744 -8.06357e-07 0)
(0.791744 7.51585e-07 0)
(0.791742 2.40062e-06 0)
(0.791738 3.72567e-06 0)
(0.791732 4.75743e-06 0)
(0.791726 5.7321e-06 0)
(0.791718 6.61875e-06 0)
(0.791709 7.1396e-06 0)
(0.7917 6.93632e-06 0)
(0.791692 5.92304e-06 0)
(0.791685 4.36117e-06 0)
(0.791681 2.50844e-06 0)
(0.791679 4.25262e-07 0)
(0.79168 -1.80825e-06 0)
(0.791683 -3.95238e-06 0)
(0.791689 -5.79119e-06 0)
(0.791698 -7.28086e-06 0)
(0.791708 -8.34815e-06 0)
(0.791718 -8.59185e-06 0)
(0.791729 -7.48763e-06 0)
(0.791737 -5.00602e-06 0)
(0.791741 -1.89796e-06 0)
(0.791742 8.55637e-07 0)
(0.79174 2.82697e-06 0)
(0.791735 4.211e-06 0)
(0.79173 5.15268e-06 0)
(0.791723 5.19099e-06 0)
(0.791718 3.69009e-06 0)
(0.791715 6.79258e-07 0)
(0.791716 -2.69003e-06 0)
(0.791721 -4.92639e-06 0)
(0.791727 -5.0566e-06 0)
(0.791732 -3.28897e-06 0)
(0.791734 -2.5527e-07 0)
(0.791732 3.40755e-06 0)
(0.791725 7.84488e-06 0)
(0.791712 1.31346e-05 0)
(0.791693 1.99176e-05 0)
(0.79166 2.75284e-05 0)
(0.791633 3.92491e-05 0)
(0.79156 4.3982e-05 0)
(1.07279 0.291148 0)
(1.13411 0.221723 0)
(1.03624 0.152779 0)
(0.984512 0.0844406 0)
(0.938483 0.044139 0)
(0.916669 0.021244 0)
(0.904305 0.00955007 0)
(0.899063 0.00396199 0)
(0.896641 0.0014767 0)
(0.895767 0.000463806 0)
(0.895444 8.88229e-05 0)
(0.895372 -2.53788e-05 0)
(0.895369 -4.67579e-05 0)
(0.895389 -3.93524e-05 0)
(0.895407 -2.71977e-05 0)
(0.895421 -1.68e-05 0)
(0.895429 -9.57786e-06 0)
(0.895434 -4.8753e-06 0)
(0.895436 -2.15203e-06 0)
(0.895437 -6.05528e-07 0)
(0.895437 2.9458e-08 0)
(0.895437 1.4838e-07 0)
(0.895437 -4.54289e-08 0)
(0.895437 -5.16964e-07 0)
(0.895438 -8.89052e-07 0)
(0.895439 -1.18224e-06 0)
(0.89544 -1.19949e-06 0)
(0.895441 -9.57704e-07 0)
(0.895442 -4.20104e-07 0)
(0.895442 4.169e-07 0)
(0.895441 1.43659e-06 0)
(0.895439 2.44759e-06 0)
(0.895435 3.34954e-06 0)
(0.895432 4.04363e-06 0)
(0.895427 4.38373e-06 0)
(0.895423 4.42685e-06 0)
(0.895418 4.14204e-06 0)
(0.895414 3.58235e-06 0)
(0.895411 2.89117e-06 0)
(0.895408 1.97043e-06 0)
(0.895407 9.9911e-07 0)
(0.895406 1.59338e-07 0)
(0.895406 -5.58956e-07 0)
(0.895407 -1.04563e-06 0)
(0.895408 -1.48384e-06 0)
(0.89541 -1.8953e-06 0)
(0.895412 -2.24883e-06 0)
(0.895415 -2.61895e-06 0)
(0.895418 -3.02494e-06 0)
(0.895421 -3.47982e-06 0)
(0.895425 -3.92648e-06 0)
(0.89543 -4.49681e-06 0)
(0.895435 -5.13111e-06 0)
(0.89544 -5.65365e-06 0)
(0.895446 -5.80615e-06 0)
(0.895452 -5.52038e-06 0)
(0.895457 -4.92646e-06 0)
(0.895462 -4.06135e-06 0)
(0.895466 -2.7775e-06 0)
(0.895468 -1.06427e-06 0)
(0.895468 9.91072e-07 0)
(0.895466 3.15359e-06 0)
(0.895462 4.9346e-06 0)
(0.895456 6.33809e-06 0)
(0.895449 7.63648e-06 0)
(0.89544 8.79474e-06 0)
(0.895431 9.45663e-06 0)
(0.895421 9.17842e-06 0)
(0.895413 7.86124e-06 0)
(0.895405 5.82042e-06 0)
(0.895401 3.36871e-06 0)
(0.895398 5.9558e-07 0)
(0.895399 -2.37748e-06 0)
(0.895403 -5.23296e-06 0)
(0.895409 -7.68291e-06 0)
(0.895418 -9.65279e-06 0)
(0.895429 -1.1035e-05 0)
(0.89544 -1.13235e-05 0)
(0.895451 -9.86688e-06 0)
(0.89546 -6.6358e-06 0)
(0.895464 -2.58039e-06 0)
(0.895465 1.04728e-06 0)
(0.895463 3.67151e-06 0)
(0.895459 5.49929e-06 0)
(0.895453 6.69851e-06 0)
(0.895446 6.71089e-06 0)
(0.895441 4.75948e-06 0)
(0.895438 8.98139e-07 0)
(0.895439 -3.42997e-06 0)
(0.895443 -6.32132e-06 0)
(0.89545 -6.52036e-06 0)
(0.895455 -4.23203e-06 0)
(0.895457 -2.4504e-07 0)
(0.895455 4.61366e-06 0)
(0.895448 1.05042e-05 0)
(0.895433 1.74102e-05 0)
(0.895413 2.63022e-05 0)
(0.895379 3.58078e-05 0)
(0.895351 5.08822e-05 0)
(0.895279 5.49162e-05 0)
(1.07624 0.260632 0)
(1.15745 0.225645 0)
(1.09848 0.166366 0)
(1.06284 0.0960152 0)
(1.02506 0.0517298 0)
(1.00627 0.0254205 0)
(0.995016 0.0116513 0)
(0.990087 0.00492539 0)
(0.987718 0.00188645 0)
(0.986824 0.000621366 0)
(0.98647 0.000141497 0)
(0.986375 -1.2852e-05 0)
(0.986356 -4.7388e-05 0)
(0.986366 -4.3089e-05 0)
(0.986379 -3.07149e-05 0)
(0.98639 -1.93177e-05 0)
(0.986397 -1.11308e-05 0)
(0.986401 -5.70422e-06 0)
(0.986403 -2.52294e-06 0)
(0.986404 -7.14558e-07 0)
(0.986404 5.11562e-08 0)
(0.986403 1.71214e-07 0)
(0.986403 -8.99226e-08 0)
(0.986404 -6.51498e-07 0)
(0.986405 -1.10916e-06 0)
(0.986406 -1.45247e-06 0)
(0.986407 -1.46649e-06 0)
(0.986408 -1.15078e-06 0)
(0.986408 -4.57582e-07 0)
(0.986408 5.83255e-07 0)
(0.986407 1.84431e-06 0)
(0.986404 3.10737e-06 0)
(0.986401 4.23156e-06 0)
(0.986397 5.10116e-06 0)
(0.986393 5.53175e-06 0)
(0.986388 5.57915e-06 0)
(0.986383 5.23485e-06 0)
(0.986379 4.54001e-06 0)
(0.986376 3.66267e-06 0)
(0.986373 2.51991e-06 0)
(0.986371 1.30817e-06 0)
(0.98637 2.49173e-07 0)
(0.98637 -6.67599e-07 0)
(0.986371 -1.31728e-06 0)
(0.986373 -1.88367e-06 0)
(0.986374 -2.41151e-06 0)
(0.986377 -2.87362e-06 0)
(0.98638 -3.35285e-06 0)
(0.986383 -3.87185e-06 0)
(0.986387 -4.44124e-06 0)
(0.986391 -5.01377e-06 0)
(0.986395 -5.7195e-06 0)
(0.986401 -6.49902e-06 0)
(0.986406 -7.13445e-06 0)
(0.986413 -7.31555e-06 0)
(0.986419 -6.95786e-06 0)
(0.986424 -6.20301e-06 0)
(0.986429 -5.10863e-06 0)
(0.986433 -3.49484e-06 0)
(0.986435 -1.34007e-06 0)
(0.986435 1.22902e-06 0)
(0.986433 3.92159e-06 0)
(0.986429 6.18607e-06 0)
(0.986423 7.99426e-06 0)
(0.986415 9.63961e-06 0)
(0.986407 1.1077e-05 0)
(0.986397 1.18779e-05 0)
(0.986387 1.15239e-05 0)
(0.986378 9.90348e-06 0)
(0.986371 7.37485e-06 0)
(0.986366 4.29855e-06 0)
(0.986363 7.97854e-07 0)
(0.986364 -2.95526e-06 0)
(0.986368 -6.56062e-06 0)
(0.986374 -9.65491e-06 0)
(0.986383 -1.21263e-05 0)
(0.986394 -1.3828e-05 0)
(0.986406 -1.41548e-05 0)
(0.986417 -1.23392e-05 0)
(0.986426 -8.35373e-06 0)
(0.986431 -3.33595e-06 0)
(0.986432 1.19846e-06 0)
(0.98643 4.51408e-06 0)
(0.986425 6.80761e-06 0)
(0.98642 8.26146e-06 0)
(0.986413 8.23653e-06 0)
(0.986407 5.83582e-06 0)
(0.986405 1.14004e-06 0)
(0.986405 -4.1363e-06 0)
(0.98641 -7.69235e-06 0)
(0.986416 -7.98385e-06 0)
(0.986422 -5.18359e-06 0)
(0.986424 -2.20184e-07 0)
(0.986421 5.88585e-06 0)
(0.986414 1.32822e-05 0)
(0.986399 2.18302e-05 0)
(0.986379 3.28157e-05 0)
(0.986345 4.41178e-05 0)
(0.986318 6.23099e-05 0)
(0.986248 6.54894e-05 0)
(1.07276 0.228958 0)
(1.16657 0.221994 0)
(1.14271 0.173499 0)
(1.12443 0.104186 0)
(1.09673 0.0577142 0)
(1.08222 0.0289379 0)
(1.07281 0.0135042 0)
(1.06855 0.00580906 0)
(1.0664 0.00227737 0)
(1.06556 0.000779422 0)
(1.0652 0.000198849 0)
(1.06509 3.99011e-06 0)
(1.06506 -4.50011e-05 0)
(1.06506 -4.49439e-05 0)
(1.06507 -3.31333e-05 0)
(1.06507 -2.12311e-05 0)
(1.06508 -1.23717e-05 0)
(1.06508 -6.37924e-06 0)
(1.06508 -2.81296e-06 0)
(1.06508 -7.98907e-07 0)
(1.06508 6.79235e-08 0)
(1.06508 1.89429e-07 0)
(1.06508 -1.39325e-07 0)
(1.06508 -7.88186e-07 0)
(1.06508 -1.32946e-06 0)
(1.06509 -1.71395e-06 0)
(1.06509 -1.71559e-06 0)
(1.06509 -1.3245e-06 0)
(1.06509 -4.75697e-07 0)
(1.06509 7.69131e-07 0)
(1.06509 2.27231e-06 0)
(1.06508 3.79077e-06 0)
(1.06508 5.13484e-06 0)
(1.06508 6.17769e-06 0)
(1.06507 6.70461e-06 0)
(1.06507 6.75754e-06 0)
(1.06506 6.35328e-06 0)
(1.06506 5.524e-06 0)
(1.06506 4.45832e-06 0)
(1.06505 3.09387e-06 0)
(1.06505 1.63996e-06 0)
(1.06505 3.57222e-07 0)
(1.06505 -7.65191e-07 0)
(1.06505 -1.59202e-06 0)
(1.06505 -2.29819e-06 0)
(1.06505 -2.9477e-06 0)
(1.06506 -3.52295e-06 0)
(1.06506 -4.11886e-06 0)
(1.06506 -4.75591e-06 0)
(1.06507 -5.44174e-06 0)
(1.06507 -6.14164e-06 0)
(1.06508 -6.98156e-06 0)
(1.06508 -7.90177e-06 0)
(1.06509 -8.64217e-06 0)
(1.06509 -8.84693e-06 0)
(1.0651 -8.41609e-06 0)
(1.0651 -7.4982e-06 0)
(1.06511 -6.17135e-06 0)
(1.06511 -4.22467e-06 0)
(1.06511 -1.6271e-06 0)
(1.06511 1.45496e-06 0)
(1.06511 4.67692e-06 0)
(1.06511 7.43702e-06 0)
(1.0651 9.67169e-06 0)
(1.0651 1.16781e-05 0)
(1.06509 1.33937e-05 0)
(1.06508 1.43273e-05 0)
(1.06507 1.39003e-05 0)
(1.06506 1.19888e-05 0)
(1.06505 8.98047e-06 0)
(1.06505 5.2739e-06 0)
(1.06504 1.03014e-06 0)
(1.06504 -3.51992e-06 0)
(1.06505 -7.89079e-06 0)
(1.06505 -1.1643e-05 0)
(1.06506 -1.46222e-05 0)
(1.06507 -1.66384e-05 0)
(1.06509 -1.69958e-05 0)
(1.0651 -1.48268e-05 0)
(1.06511 -1.01077e-05 0)
(1.06511 -4.14531e-06 0)
(1.06511 1.29891e-06 0)
(1.06511 5.32366e-06 0)
(1.06511 8.09207e-06 0)
(1.0651 9.79064e-06 0)
(1.06509 9.7182e-06 0)
(1.06509 6.88405e-06 0)
(1.06509 1.39798e-06 0)
(1.06509 -4.78386e-06 0)
(1.06509 -8.993e-06 0)
(1.0651 -9.39968e-06 0)
(1.0651 -6.11623e-06 0)
(1.0651 -1.878e-07 0)
(1.0651 7.17386e-06 0)
(1.06509 1.6075e-05 0)
(1.06508 2.62295e-05 0)
(1.06506 3.92059e-05 0)
(1.06503 5.21338e-05 0)
(1.065 7.30676e-05 0)
(1.06494 7.53486e-05 0)
(1.06578 0.198063 0)
(1.16616 0.212384 0)
(1.17241 0.174628 0)
(1.1714 0.108724 0)
(1.15475 0.061783 0)
(1.14543 0.0315759 0)
(1.13844 0.0149832 0)
(1.13517 0.00654973 0)
(1.1334 0.00262025 0)
(1.13267 0.00092546 0)
(1.13234 0.000255924 0)
(1.13223 2.33943e-05 0)
(1.13218 -4.00974e-05 0)
(1.13218 -4.49844e-05 0)
(1.13218 -3.44015e-05 0)
(1.13218 -2.24663e-05 0)
(1.13219 -1.3239e-05 0)
(1.13219 -6.87172e-06 0)
(1.13219 -3.01427e-06 0)
(1.13219 -8.51132e-07 0)
(1.13219 8.12179e-08 0)
(1.13219 1.99649e-07 0)
(1.13219 -1.92415e-07 0)
(1.13219 -9.21654e-07 0)
(1.13219 -1.54267e-06 0)
(1.13219 -1.95913e-06 0)
(1.13219 -1.93994e-06 0)
(1.13219 -1.47544e-06 0)
(1.13219 -4.75141e-07 0)
(1.13219 9.71367e-07 0)
(1.13219 2.71154e-06 0)
(1.13219 4.48077e-06 0)
(1.13219 6.03627e-06 0)
(1.13218 7.24424e-06 0)
(1.13218 7.87091e-06 0)
(1.13217 7.93234e-06 0)
(1.13217 7.46883e-06 0)
(1.13216 6.50766e-06 0)
(1.13216 5.2561e-06 0)
(1.13216 3.67737e-06 0)
(1.13216 1.98667e-06 0)
(1.13216 4.80248e-07 0)
(1.13216 -8.50379e-07 0)
(1.13216 -1.8629e-06 0)
(1.13216 -2.71648e-06 0)
(1.13216 -3.49036e-06 0)
(1.13216 -4.18056e-06 0)
(1.13217 -4.89718e-06 0)
(1.13217 -5.65385e-06 0)
(1.13217 -6.45455e-06 0)
(1.13218 -7.27941e-06 0)
(1.13218 -8.24849e-06 0)
(1.13219 -9.30078e-06 0)
(1.13219 -1.01346e-05 0)
(1.1322 -1.03567e-05 0)
(1.1322 -9.85358e-06 0)
(1.13221 -8.77563e-06 0)
(1.13221 -7.2197e-06 0)
(1.13222 -4.94669e-06 0)
(1.13222 -1.9182e-06 0)
(1.13222 1.66092e-06 0)
(1.13222 5.39674e-06 0)
(1.13221 8.65099e-06 0)
(1.13221 1.13226e-05 0)
(1.1322 1.36952e-05 0)
(1.13219 1.56807e-05 0)
(1.13218 1.67371e-05 0)
(1.13217 1.62425e-05 0)
(1.13217 1.40613e-05 0)
(1.13216 1.05954e-05 0)
(1.13215 6.27041e-06 0)
(1.13215 1.28812e-06 0)
(1.13215 -4.05437e-06 0)
(1.13215 -9.18562e-06 0)
(1.13216 -1.35918e-05 0)
(1.13217 -1.70719e-05 0)
(1.13218 -1.93897e-05 0)
(1.13219 -1.97691e-05 0)
(1.1322 -1.72608e-05 0)
(1.13221 -1.18487e-05 0)
(1.13221 -4.98614e-06 0)
(1.13222 1.34474e-06 0)
(1.13221 6.07677e-06 0)
(1.13221 9.31768e-06 0)
(1.13221 1.1246e-05 0)
(1.1322 1.11172e-05 0)
(1.13219 7.87531e-06 0)
(1.13219 1.66227e-06 0)
(1.13219 -5.35851e-06 0)
(1.1322 -1.01907e-05 0)
(1.1322 -1.07312e-05 0)
(1.13221 -7.00706e-06 0)
(1.13221 -1.53915e-07 0)
(1.13221 8.43299e-06 0)
(1.1322 1.87903e-05 0)
(1.13218 3.04645e-05 0)
(1.13217 4.52608e-05 0)
(1.13214 5.95927e-05 0)
(1.13211 8.27942e-05 0)
(1.13206 8.42161e-05 0)
(1.05739 0.169057 0)
(1.15976 0.198305 0)
(1.19076 0.170448 0)
(1.20597 0.109645 0)
(1.20063 0.0637722 0)
(1.19704 0.0331802 0)
(1.1929 0.0159888 0)
(1.19087 0.007093 0)
(1.1896 0.00288826 0)
(1.18906 0.00104725 0)
(1.18878 0.00030752 0)
(1.18868 4.33095e-05 0)
(1.18863 -3.34028e-05 0)
(1.18862 -4.34186e-05 0)
(1.18861 -3.4549e-05 0)
(1.18862 -2.30014e-05 0)
(1.18862 -1.37004e-05 0)
(1.18862 -7.16193e-06 0)
(1.18862 -3.12456e-06 0)
(1.18862 -8.66416e-07 0)
(1.18862 9.76412e-08 0)
(1.18862 2.01418e-07 0)
(1.18862 -2.50455e-07 0)
(1.18862 -1.04778e-06 0)
(1.18862 -1.74169e-06 0)
(1.18862 -2.18441e-06 0)
(1.18862 -2.13827e-06 0)
(1.18862 -1.6023e-06 0)
(1.18862 -4.56269e-07 0)
(1.18862 1.18703e-06 0)
(1.18862 3.15313e-06 0)
(1.18862 5.16102e-06 0)
(1.18861 6.91579e-06 0)
(1.18861 8.27748e-06 0)
(1.18861 9.00427e-06 0)
(1.1886 9.07704e-06 0)
(1.1886 8.55588e-06 0)
(1.18859 7.46784e-06 0)
(1.18859 6.03678e-06 0)
(1.18859 4.25597e-06 0)
(1.18859 2.33955e-06 0)
(1.18858 6.13888e-07 0)
(1.18858 -9.23206e-07 0)
(1.18859 -2.12458e-06 0)
(1.18859 -3.12904e-06 0)
(1.18859 -4.02732e-06 0)
(1.18859 -4.8317e-06 0)
(1.18859 -5.66958e-06 0)
(1.1886 -6.54406e-06 0)
(1.1886 -7.45479e-06 0)
(1.1886 -8.39875e-06 0)
(1.18861 -9.48879e-06 0)
(1.18861 -1.06615e-05 0)
(1.18862 -1.15748e-05 0)
(1.18863 -1.18069e-05 0)
(1.18863 -1.12344e-05 0)
(1.18864 -1.00037e-05 0)
(1.18864 -8.22762e-06 0)
(1.18864 -5.64272e-06 0)
(1.18865 -2.20617e-06 0)
(1.18865 1.84151e-06 0)
(1.18864 6.06353e-06 0)
(1.18864 9.79852e-06 0)
(1.18864 1.29068e-05 0)
(1.18863 1.56416e-05 0)
(1.18862 1.78827e-05 0)
(1.18861 1.90496e-05 0)
(1.1886 1.84946e-05 0)
(1.18859 1.60715e-05 0)
(1.18859 1.21812e-05 0)
(1.18858 7.26413e-06 0)
(1.18858 1.56527e-06 0)
(1.18858 -4.54633e-06 0)
(1.18858 -1.04147e-05 0)
(1.18859 -1.54555e-05 0)
(1.1886 -1.94184e-05 0)
(1.18861 -2.20186e-05 0)
(1.18862 -2.24104e-05 0)
(1.18863 -1.95829e-05 0)
(1.18864 -1.35321e-05 0)
(1.18864 -5.83446e-06 0)
(1.18864 1.33771e-06 0)
(1.18864 6.75747e-06 0)
(1.18864 1.04585e-05 0)
(1.18863 1.25985e-05 0)
(1.18863 1.24056e-05 0)
(1.18862 8.78724e-06 0)
(1.18862 1.92144e-06 0)
(1.18862 -5.85592e-06 0)
(1.18862 -1.12659e-05 0)
(1.18863 -1.19521e-05 0)
(1.18863 -7.83767e-06 0)
(1.18863 -1.22754e-07 0)
(1.18863 9.62598e-06 0)
(1.18863 2.13508e-05 0)
(1.18861 3.44174e-05 0)
(1.1886 5.08124e-05 0)
(1.18857 6.62953e-05 0)
(1.18855 9.12331e-05 0)
(1.1885 9.18899e-05 0)
(1.04889 0.14249 0)
(1.14996 0.18104 0)
(1.20057 0.161759 0)
(1.23036 0.107147 0)
(1.236 0.0636427 0)
(1.23835 0.0336624 0)
(1.23732 0.0164511 0)
(1.2367 0.00739639 0)
(1.23605 0.00305886 0)
(1.23574 0.00113387 0)
(1.23554 0.000348679 0)
(1.23546 6.16208e-05 0)
(1.23542 -2.5764e-05 0)
(1.2354 -4.0552e-05 0)
(1.23539 -3.36664e-05 0)
(1.23539 -2.28563e-05 0)
(1.23539 -1.37527e-05 0)
(1.23539 -7.23793e-06 0)
(1.23539 -3.13961e-06 0)
(1.23539 -8.41976e-07 0)
(1.23538 1.23514e-07 0)
(1.23538 1.97705e-07 0)
(1.23538 -3.13825e-07 0)
(1.23539 -1.16523e-06 0)
(1.23539 -1.92248e-06 0)
(1.23539 -2.3889e-06 0)
(1.23539 -2.31212e-06 0)
(1.23539 -1.7049e-06 0)
(1.23539 -4.19847e-07 0)
(1.23539 1.41219e-06 0)
(1.23539 3.58843e-06 0)
(1.23538 5.81728e-06 0)
(1.23538 7.75694e-06 0)
(1.23538 9.25893e-06 0)
(1.23537 1.00829e-05 0)
(1.23537 1.0169e-05 0)
(1.23537 9.59236e-06 0)
(1.23536 8.38477e-06 0)
(1.23536 6.78379e-06 0)
(1.23536 4.81619e-06 0)
(1.23535 2.68936e-06 0)
(1.23535 7.52847e-07 0)
(1.23535 -9.84978e-07 0)
(1.23535 -2.37326e-06 0)
(1.23535 -3.52788e-06 0)
(1.23536 -4.54802e-06 0)
(1.23536 -5.46346e-06 0)
(1.23536 -6.41969e-06 0)
(1.23536 -7.40689e-06 0)
(1.23537 -8.41992e-06 0)
(1.23537 -9.47423e-06 0)
(1.23538 -1.06745e-05 0)
(1.23538 -1.19535e-05 0)
(1.23539 -1.29311e-05 0)
(1.23539 -1.31659e-05 0)
(1.2354 -1.25284e-05 0)
(1.2354 -1.11558e-05 0)
(1.23541 -9.17296e-06 0)
(1.23541 -6.29707e-06 0)
(1.23541 -2.48412e-06 0)
(1.23541 1.99376e-06 0)
(1.23541 6.66481e-06 0)
(1.23541 1.08571e-05 0)
(1.2354 1.43915e-05 0)
(1.23539 1.74762e-05 0)
(1.23539 1.99533e-05 0)
(1.23538 2.12168e-05 0)
(1.23537 2.061e-05 0)
(1.23536 1.79769e-05 0)
(1.23536 1.37029e-05 0)
(1.23535 8.23205e-06 0)
(1.23535 1.85336e-06 0)
(1.23535 -4.98799e-06 0)
(1.23535 -1.15548e-05 0)
(1.23536 -1.71978e-05 0)
(1.23537 -2.16165e-05 0)
(1.23537 -2.44749e-05 0)
(1.23538 -2.48687e-05 0)
(1.23539 -2.17454e-05 0)
(1.2354 -1.51189e-05 0)
(1.23541 -6.6661e-06 0)
(1.23541 1.28408e-06 0)
(1.23541 7.35663e-06 0)
(1.2354 1.14969e-05 0)
(1.2354 1.38288e-05 0)
(1.23539 1.35653e-05 0)
(1.23539 9.60365e-06 0)
(1.23539 2.16331e-06 0)
(1.23539 -6.27961e-06 0)
(1.23539 -1.22104e-05 0)
(1.23539 -1.30457e-05 0)
(1.2354 -8.59381e-06 0)
(1.2354 -9.64526e-08 0)
(1.2354 1.07238e-05 0)
(1.23539 2.36948e-05 0)
(1.23538 3.79963e-05 0)
(1.23537 5.57361e-05 0)
(1.23534 7.2104e-05 0)
(1.23533 9.82237e-05 0)
(1.23529 9.82391e-05 0)
(1.04096 0.118541 0)
(1.13865 0.161638 0)
(1.20426 0.149371 0)
(1.24667 0.101542 0)
(1.26253 0.0614575 0)
(1.27074 0.0329953 0)
(1.2729 0.0163314 0)
(1.27381 0.00743147 0)
(1.27383 0.00311531 0)
(1.2738 0.00117649 0)
(1.2737 0.000375132 0)
(1.27365 7.63677e-05 0)
(1.27361 -1.80388e-05 0)
(1.27359 -3.67424e-05 0)
(1.27358 -3.18884e-05 0)
(1.27357 -2.20804e-05 0)
(1.27357 -1.3414e-05 0)
(1.27357 -7.09691e-06 0)
(1.27357 -3.05348e-06 0)
(1.27357 -7.75534e-07 0)
(1.27356 1.62775e-07 0)
(1.27356 1.92898e-07 0)
(1.27356 -3.81276e-07 0)
(1.27357 -1.27525e-06 0)
(1.27357 -2.0846e-06 0)
(1.27357 -2.57314e-06 0)
(1.27357 -2.4639e-06 0)
(1.27357 -1.78418e-06 0)
(1.27357 -3.67717e-07 0)
(1.27357 1.64174e-06 0)
(1.27357 4.00927e-06 0)
(1.27356 6.43799e-06 0)
(1.27356 8.54688e-06 0)
(1.27356 1.01742e-05 0)
(1.27355 1.10892e-05 0)
(1.27355 1.11894e-05 0)
(1.27355 1.056e-05 0)
(1.27354 9.24196e-06 0)
(1.27354 7.48304e-06 0)
(1.27354 5.34573e-06 0)
(1.27354 3.02683e-06 0)
(1.27353 8.91261e-07 0)
(1.27353 -1.03799e-06 0)
(1.27354 -2.60655e-06 0)
(1.27354 -3.90649e-06 0)
(1.27354 -5.04348e-06 0)
(1.27354 -6.06472e-06 0)
(1.27354 -7.1331e-06 0)
(1.27355 -8.22485e-06 0)
(1.27355 -9.33e-06 0)
(1.27355 -1.04836e-05 0)
(1.27356 -1.17811e-05 0)
(1.27356 -1.31511e-05 0)
(1.27357 -1.41774e-05 0)
(1.27357 -1.44076e-05 0)
(1.27358 -1.3711e-05 0)
(1.27358 -1.22101e-05 0)
(1.27358 -1.00374e-05 0)
(1.27359 -6.89657e-06 0)
(1.27359 -2.7457e-06 0)
(1.27359 2.11662e-06 0)
(1.27359 7.19256e-06 0)
(1.27358 1.18104e-05 0)
(1.27358 1.5751e-05 0)
(1.27357 1.91655e-05 0)
(1.27357 2.18551e-05 0)
(1.27356 2.32004e-05 0)
(1.27355 2.25512e-05 0)
(1.27354 1.97422e-05 0)
(1.27354 1.51303e-05 0)
(1.27353 9.15266e-06 0)
(1.27353 2.14302e-06 0)
(1.27353 -5.37536e-06 0)
(1.27353 -1.25892e-05 0)
(1.27354 -1.87915e-05 0)
(1.27355 -2.36315e-05 0)
(1.27355 -2.67206e-05 0)
(1.27356 -2.71052e-05 0)
(1.27357 -2.37109e-05 0)
(1.27358 -1.65765e-05 0)
(1.27358 -7.45792e-06 0)
(1.27358 1.19326e-06 0)
(1.27358 7.87085e-06 0)
(1.27358 1.24225e-05 0)
(1.27358 1.49258e-05 0)
(1.27357 1.45866e-05 0)
(1.27357 1.03139e-05 0)
(1.27357 2.37601e-06 0)
(1.27357 -6.63856e-06 0)
(1.27357 -1.30247e-05 0)
(1.27357 -1.40032e-05 0)
(1.27358 -9.26491e-06 0)
(1.27358 -7.5088e-08 0)
(1.27358 1.17055e-05 0)
(1.27357 2.57767e-05 0)
(1.27356 4.11349e-05 0)
(1.27355 5.99473e-05 0)
(1.27353 7.69351e-05 0)
(1.27352 0.000103688 0)
(1.27349 0.000103196 0)
(1.03397 0.0971457 0)
(1.12714 0.140909 0)
(1.20384 0.134044 0)
(1.25682 0.0932122 0)
(1.28186 0.0573572 0)
(1.29559 0.0312059 0)
(1.30088 0.0156216 0)
(1.30332 0.00718481 0)
(1.30405 0.00304762 0)
(1.30432 0.00116915 0)
(1.30434 0.000383659 0)
(1.30432 8.59335e-05 0)
(1.30429 -1.10035e-05 0)
(1.30427 -3.23532e-05 0)
(1.30425 -2.93765e-05 0)
(1.30424 -2.07423e-05 0)
(1.30424 -1.27157e-05 0)
(1.30424 -6.74559e-06 0)
(1.30423 -2.86221e-06 0)
(1.30423 -6.65114e-07 0)
(1.30423 2.16794e-07 0)
(1.30423 1.90599e-07 0)
(1.30423 -4.50473e-07 0)
(1.30423 -1.38032e-06 0)
(1.30423 -2.23022e-06 0)
(1.30423 -2.73802e-06 0)
(1.30424 -2.59601e-06 0)
(1.30424 -1.84229e-06 0)
(1.30424 -3.03107e-07 0)
(1.30424 1.86978e-06 0)
(1.30423 4.40849e-06 0)
(1.30423 7.01426e-06 0)
(1.30423 9.27576e-06 0)
(1.30423 1.10123e-05 0)
(1.30422 1.20093e-05 0)
(1.30422 1.21234e-05 0)
(1.30422 1.14442e-05 0)
(1.30421 1.00258e-05 0)
(1.30421 8.12258e-06 0)
(1.30421 5.83359e-06 0)
(1.30421 3.343e-06 0)
(1.30421 1.0231e-06 0)
(1.30421 -1.08515e-06 0)
(1.30421 -2.82321e-06 0)
(1.30421 -4.25979e-06 0)
(1.30421 -5.50616e-06 0)
(1.30421 -6.62597e-06 0)
(1.30421 -7.79735e-06 0)
(1.30422 -8.98269e-06 0)
(1.30422 -1.01677e-05 0)
(1.30422 -1.14077e-05 0)
(1.30423 -1.2788e-05 0)
(1.30423 -1.42323e-05 0)
(1.30423 -1.52923e-05 0)
(1.30424 -1.55117e-05 0)
(1.30424 -1.47629e-05 0)
(1.30425 -1.31492e-05 0)
(1.30425 -1.08064e-05 0)
(1.30425 -7.43058e-06 0)
(1.30425 -2.98536e-06 0)
(1.30425 2.21055e-06 0)
(1.30425 7.64251e-06 0)
(1.30425 1.26476e-05 0)
(1.30425 1.69661e-05 0)
(1.30424 2.06833e-05 0)
(1.30423 2.35584e-05 0)
(1.30423 2.49708e-05 0)
(1.30422 2.42891e-05 0)
(1.30422 2.13389e-05 0)
(1.30421 1.64372e-05 0)
(1.30421 1.00063e-05 0)
(1.3042 2.42435e-06 0)
(1.3042 -5.70743e-06 0)
(1.30421 -1.35067e-05 0)
(1.30421 -2.02169e-05 0)
(1.30422 -2.54382e-05 0)
(1.30422 -2.87276e-05 0)
(1.30423 -2.90915e-05 0)
(1.30424 -2.54512e-05 0)
(1.30424 -1.78782e-05 0)
(1.30425 -8.1889e-06 0)
(1.30425 1.07646e-06 0)
(1.30425 8.30112e-06 0)
(1.30425 1.32309e-05 0)
(1.30424 1.58849e-05 0)
(1.30424 1.54657e-05 0)
(1.30424 1.09122e-05 0)
(1.30424 2.54888e-06 0)
(1.30424 -6.94484e-06 0)
(1.30424 -1.37152e-05 0)
(1.30424 -1.48219e-05 0)
(1.30424 -9.84356e-06 0)
(1.30424 -5.69489e-08 0)
(1.30424 1.25579e-05 0)
(1.30424 2.7565e-05 0)
(1.30423 4.37892e-05 0)
(1.30422 6.33965e-05 0)
(1.30421 8.07504e-05 0)
(1.30419 0.000107617 0)
(1.30418 0.000106745 0)
(1.02807 0.0780908 0)
(1.11633 0.119449 0)
(1.20093 0.116449 0)
(1.26249 0.0825676 0)
(1.29547 0.0515383 0)
(1.31421 0.0283671 0)
(1.32242 0.0143418 0)
(1.32634 0.00665812 0)
(1.32777 0.00285306 0)
(1.32833 0.00110905 0)
(1.32847 0.000372365 0)
(1.3285 8.91938e-05 0)
(1.32847 -5.2755e-06 0)
(1.32845 -2.77114e-05 0)
(1.32844 -2.62985e-05 0)
(1.32843 -1.89218e-05 0)
(1.32842 -1.16961e-05 0)
(1.32842 -6.19917e-06 0)
(1.32842 -2.56717e-06 0)
(1.32841 -5.10056e-07 0)
(1.32841 2.85071e-07 0)
(1.32841 1.9237e-07 0)
(1.32841 -5.18961e-07 0)
(1.32841 -1.48282e-06 0)
(1.32842 -2.36264e-06 0)
(1.32842 -2.88442e-06 0)
(1.32842 -2.71049e-06 0)
(1.32842 -1.88259e-06 0)
(1.32842 -2.30496e-07 0)
(1.32842 2.09024e-06 0)
(1.32842 4.78016e-06 0)
(1.32841 7.53946e-06 0)
(1.32841 9.93603e-06 0)
(1.32841 1.17647e-05 0)
(1.32841 1.28322e-05 0)
(1.3284 1.29594e-05 0)
(1.3284 1.22334e-05 0)
(1.3284 1.0725e-05 0)
(1.32839 8.69233e-06 0)
(1.32839 6.27012e-06 0)
(1.32839 3.62955e-06 0)
(1.32839 1.14249e-06 0)
(1.32839 -1.1296e-06 0)
(1.32839 -3.02284e-06 0)
(1.32839 -4.58386e-06 0)
(1.32839 -5.92977e-06 0)
(1.32839 -7.13908e-06 0)
(1.3284 -8.40179e-06 0)
(1.3284 -9.66734e-06 0)
(1.3284 -1.09183e-05 0)
(1.3284 -1.22305e-05 0)
(1.32841 -1.36778e-05 0)
(1.32841 -1.51793e-05 0)
(1.32841 -1.6259e-05 0)
(1.32842 -1.64625e-05 0)
(1.32842 -1.56692e-05 0)
(1.32842 -1.39593e-05 0)
(1.32843 -1.14683e-05 0)
(1.32843 -7.89087e-06 0)
(1.32843 -3.19849e-06 0)
(1.32843 2.27704e-06 0)
(1.32843 8.01323e-06 0)
(1.32843 1.33621e-05 0)
(1.32843 1.80227e-05 0)
(1.32842 2.20092e-05 0)
(1.32842 2.50405e-05 0)
(1.32841 2.65058e-05 0)
(1.3284 2.5802e-05 0)
(1.3284 2.27444e-05 0)
(1.32839 1.7602e-05 0)
(1.32839 1.07757e-05 0)
(1.32839 2.6876e-06 0)
(1.32839 -5.98528e-06 0)
(1.32839 -1.43003e-05 0)
(1.32839 -2.14606e-05 0)
(1.3284 -2.70189e-05 0)
(1.32841 -3.04764e-05 0)
(1.32841 -3.08076e-05 0)
(1.32842 -2.69458e-05 0)
(1.32842 -1.90032e-05 0)
(1.32843 -8.84078e-06 0)
(1.32843 9.45426e-07 0)
(1.32843 8.65148e-06 0)
(1.32843 1.39217e-05 0)
(1.32842 1.67061e-05 0)
(1.32842 1.62036e-05 0)
(1.32842 1.13961e-05 0)
(1.32842 2.673e-06 0)
(1.32842 -7.21157e-06 0)
(1.32842 -1.4292e-05 0)
(1.32842 -1.55032e-05 0)
(1.32842 -1.03248e-05 0)
(1.32842 -3.90043e-08 0)
(1.32842 1.3274e-05 0)
(1.32842 2.90409e-05 0)
(1.32841 4.59344e-05 0)
(1.3284 6.60626e-05 0)
(1.32839 8.35471e-05 0)
(1.32839 0.000110048 0)
(1.32838 0.000108913 0)
(1.02328 0.0610737 0)
(1.10679 0.0976661 0)
(1.19681 0.0971615 0)
(1.2651 0.0700198 0)
(1.30472 0.0442349 0)
(1.32779 0.0245887 0)
(1.3386 0.0125374 0)
(1.34387 0.00586745 0)
(1.34595 0.00253621 0)
(1.3468 0.000996844 0)
(1.34705 0.000340834 0)
(1.34712 8.56158e-05 0)
(1.34711 -1.25593e-06 0)
(1.34709 -2.30756e-05 0)
(1.34707 -2.28103e-05 0)
(1.34706 -1.67026e-05 0)
(1.34705 -1.03975e-05 0)
(1.34705 -5.47927e-06 0)
(1.34705 -2.17636e-06 0)
(1.34704 -3.1212e-07 0)
(1.34704 3.66118e-07 0)
(1.34704 1.97672e-07 0)
(1.34704 -5.85005e-07 0)
(1.34704 -1.58413e-06 0)
(1.34704 -2.48508e-06 0)
(1.34704 -3.01316e-06 0)
(1.34705 -2.80918e-06 0)
(1.34705 -1.9093e-06 0)
(1.34705 -1.55017e-07 0)
(1.34704 2.29745e-06 0)
(1.34704 5.11957e-06 0)
(1.34704 8.00858e-06 0)
(1.34704 1.05216e-05 0)
(1.34704 1.24249e-05 0)
(1.34704 1.355e-05 0)
(1.34703 1.36887e-05 0)
(1.34703 1.29186e-05 0)
(1.34703 1.13305e-05 0)
(1.34703 9.18381e-06 0)
(1.34702 6.64701e-06 0)
(1.34702 3.87894e-06 0)
(1.34702 1.244e-06 0)
(1.34702 -1.17436e-06 0)
(1.34702 -3.20548e-06 0)
(1.34702 -4.8757e-06 0)
(1.34702 -6.30903e-06 0)
(1.34703 -7.59704e-06 0)
(1.34703 -8.93731e-06 0)
(1.34703 -1.02678e-05 0)
(1.34703 -1.15695e-05 0)
(1.34704 -1.29386e-05 0)
(1.34704 -1.44362e-05 0)
(1.34704 -1.59778e-05 0)
(1.34704 -1.70646e-05 0)
(1.34705 -1.72487e-05 0)
(1.34705 -1.64191e-05 0)
(1.34705 -1.46302e-05 0)
(1.34705 -1.20146e-05 0)
(1.34706 -8.27138e-06 0)
(1.34706 -3.38146e-06 0)
(1.34706 2.31815e-06 0)
(1.34706 8.30539e-06 0)
(1.34705 1.39507e-05 0)
(1.34705 1.89109e-05 0)
(1.34705 2.31278e-05 0)
(1.34704 2.62845e-05 0)
(1.34704 2.77894e-05 0)
(1.34703 2.70741e-05 0)
(1.34703 2.39417e-05 0)
(1.34703 1.86067e-05 0)
(1.34702 1.14456e-05 0)
(1.34702 2.92366e-06 0)
(1.34702 -6.21121e-06 0)
(1.34702 -1.49665e-05 0)
(1.34703 -2.25142e-05 0)
(1.34703 -2.83617e-05 0)
(1.34704 -3.19539e-05 0)
(1.34704 -3.22401e-05 0)
(1.34705 -2.81808e-05 0)
(1.34705 -1.99365e-05 0)
(1.34705 -9.39852e-06 0)
(1.34705 8.11476e-07 0)
(1.34705 8.92773e-06 0)
(1.34705 1.44974e-05 0)
(1.34705 1.73923e-05 0)
(1.34705 1.68037e-05 0)
(1.34705 1.17659e-05 0)
(1.34704 2.7415e-06 0)
(1.34705 -7.45123e-06 0)
(1.34705 -1.47666e-05 0)
(1.34705 -1.60513e-05 0)
(1.34705 -1.07058e-05 0)
(1.34705 -1.74467e-08 0)
(1.34705 1.38519e-05 0)
(1.34705 3.01958e-05 0)
(1.34704 4.75611e-05 0)
(1.34704 6.79471e-05 0)
(1.34703 8.5349e-05 0)
(1.34703 0.00011106 0)
(1.34703 0.000109759 0)
(1.01956 0.045745 0)
(1.09889 0.0758162 0)
(1.19247 0.0766498 0)
(1.26584 0.0559648 0)
(1.31073 0.0357033 0)
(1.33737 0.0200087 0)
(1.35037 0.010275 0)
(1.35678 0.00484183 0)
(1.35943 0.00210855 0)
(1.36053 0.000836518 0)
(1.36089 0.000290157 0)
(1.361 7.53022e-05 0)
(1.361 8.99145e-07 0)
(1.36098 -1.86158e-05 0)
(1.36096 -1.90421e-05 0)
(1.36095 -1.41664e-05 0)
(1.36094 -8.86384e-06 0)
(1.36094 -4.61137e-06 0)
(1.36094 -1.70326e-06 0)
(1.36093 -7.57883e-08 0)
(1.36093 4.582e-07 0)
(1.36093 2.04592e-07 0)
(1.36093 -6.48031e-07 0)
(1.36093 -1.68441e-06 0)
(1.36093 -2.59988e-06 0)
(1.36093 -3.1252e-06 0)
(1.36093 -2.8939e-06 0)
(1.36094 -1.92691e-06 0)
(1.36093 -8.1727e-08 0)
(1.36093 2.48647e-06 0)
(1.36093 5.42293e-06 0)
(1.36093 8.41762e-06 0)
(1.36093 1.10273e-05 0)
(1.36093 1.29881e-05 0)
(1.36093 1.41567e-05 0)
(1.36092 1.43042e-05 0)
(1.36092 1.34925e-05 0)
(1.36092 1.18343e-05 0)
(1.36092 9.58991e-06 0)
(1.36092 6.95732e-06 0)
(1.36092 4.08463e-06 0)
(1.36092 1.3229e-06 0)
(1.36092 -1.22201e-06 0)
(1.36092 -3.37129e-06 0)
(1.36092 -5.13295e-06 0)
(1.36092 -6.63944e-06 0)
(1.36092 -7.99371e-06 0)
(1.36092 -9.39614e-06 0)
(1.36092 -1.07748e-05 0)
(1.36092 -1.21112e-05 0)
(1.36093 -1.3521e-05 0)
(1.36093 -1.50518e-05 0)
(1.36093 -1.66167e-05 0)
(1.36093 -1.76997e-05 0)
(1.36094 -1.78623e-05 0)
(1.36094 -1.70049e-05 0)
(1.36094 -1.51545e-05 0)
(1.36094 -1.2439e-05 0)
(1.36094 -8.56804e-06 0)
(1.36094 -3.53166e-06 0)
(1.36094 2.33625e-06 0)
(1.36094 8.521e-06 0)
(1.36094 1.44122e-05 0)
(1.36094 1.96242e-05 0)
(1.36094 2.40277e-05 0)
(1.36093 2.7278e-05 0)
(1.36093 2.88107e-05 0)
(1.36093 2.80947e-05 0)
(1.36092 2.49178e-05 0)
(1.36092 1.94369e-05 0)
(1.36092 1.20035e-05 0)
(1.36092 3.12453e-06 0)
(1.36092 -6.388e-06 0)
(1.36092 -1.55034e-05 0)
(1.36092 -2.33724e-05 0)
(1.36092 -2.94591e-05 0)
(1.36093 -3.31513e-05 0)
(1.36093 -3.33805e-05 0)
(1.36093 -2.91472e-05 0)
(1.36094 -2.06674e-05 0)
(1.36094 -9.85048e-06 0)
(1.36094 6.84673e-07 0)
(1.36094 9.13638e-06 0)
(1.36094 1.49621e-05 0)
(1.36094 1.79477e-05 0)
(1.36094 1.72709e-05 0)
(1.36093 1.20235e-05 0)
(1.36093 2.74968e-06 0)
(1.36093 -7.67446e-06 0)
(1.36094 -1.51497e-05 0)
(1.36094 -1.64715e-05 0)
(1.36094 -1.0985e-05 0)
(1.36094 1.17888e-08 0)
(1.36094 1.42934e-05 0)
(1.36094 3.10289e-05 0)
(1.36093 4.86717e-05 0)
(1.36093 6.90681e-05 0)
(1.36093 8.61979e-05 0)
(1.36093 0.000110749 0)
(1.36093 0.000109362 0)
(1.01685 0.0317341 0)
(1.09284 0.0540326 0)
(1.18864 0.0552915 0)
(1.26561 0.0407748 0)
(1.31443 0.0262118 0)
(1.34379 0.0147863 0)
(1.35849 0.00763873 0)
(1.36582 0.00362134 0)
(1.36892 0.0015877 0)
(1.37023 0.000635128 0)
(1.37067 0.000222849 0)
(1.37081 5.89739e-05 0)
(1.37082 1.2834e-06 0)
(1.37081 -1.44086e-05 0)
(1.37079 -1.50919e-05 0)
(1.37077 -1.13886e-05 0)
(1.37076 -7.14033e-06 0)
(1.37076 -3.62268e-06 0)
(1.37076 -1.16432e-06 0)
(1.37076 1.92293e-07 0)
(1.37075 5.59766e-07 0)
(1.37075 2.10819e-07 0)
(1.37075 -7.08604e-07 0)
(1.37075 -1.78282e-06 0)
(1.37076 -2.70819e-06 0)
(1.37076 -3.22172e-06 0)
(1.37076 -2.96646e-06 0)
(1.37076 -1.93955e-06 0)
(1.37076 -1.49979e-08 0)
(1.37076 2.65317e-06 0)
(1.37075 5.68695e-06 0)
(1.37075 8.76312e-06 0)
(1.37075 1.14484e-05 0)
(1.37075 1.345e-05 0)
(1.37075 1.46479e-05 0)
(1.37075 1.48007e-05 0)
(1.37075 1.39493e-05 0)
(1.37074 1.22302e-05 0)
(1.37074 9.90473e-06 0)
(1.37074 7.19545e-06 0)
(1.37074 4.24119e-06 0)
(1.37074 1.37527e-06 0)
(1.37074 -1.27448e-06 0)
(1.37074 -3.52023e-06 0)
(1.37074 -5.35361e-06 0)
(1.37074 -6.91707e-06 0)
(1.37074 -8.32363e-06 0)
(1.37075 -9.77161e-06 0)
(1.37075 -1.1181e-05 0)
(1.37075 -1.25352e-05 0)
(1.37075 -1.39692e-05 0)
(1.37075 -1.55155e-05 0)
(1.37075 -1.70876e-05 0)
(1.37075 -1.81578e-05 0)
(1.37076 -1.82985e-05 0)
(1.37076 -1.74216e-05 0)
(1.37076 -1.55268e-05 0)
(1.37076 -1.27377e-05 0)
(1.37076 -8.77853e-06 0)
(1.37076 -3.64738e-06 0)
(1.37076 2.3337e-06 0)
(1.37076 8.66284e-06 0)
(1.37076 1.4747e-05 0)
(1.37076 2.0158e-05 0)
(1.37076 2.47009e-05 0)
(1.37075 2.80127e-05 0)
(1.37075 2.9563e-05 0)
(1.37075 2.88568e-05 0)
(1.37075 2.56635e-05 0)
(1.37074 2.00817e-05 0)
(1.37074 1.24393e-05 0)
(1.37074 3.28361e-06 0)
(1.37074 -6.5183e-06 0)
(1.37074 -1.59107e-05 0)
(1.37074 -2.40323e-05 0)
(1.37075 -3.03061e-05 0)
(1.37075 -3.40634e-05 0)
(1.37075 -3.42237e-05 0)
(1.37076 -2.984e-05 0)
(1.37076 -2.11893e-05 0)
(1.37076 -1.01883e-05 0)
(1.37076 5.7333e-07 0)
(1.37076 9.28372e-06 0)
(1.37076 1.53202e-05 0)
(1.37076 1.83767e-05 0)
(1.37076 1.76101e-05 0)
(1.37075 1.21718e-05 0)
(1.37075 2.69502e-06 0)
(1.37076 -7.88921e-06 0)
(1.37076 -1.54508e-05 0)
(1.37076 -1.6769e-05 0)
(1.37076 -1.11619e-05 0)
(1.37076 5.25615e-08 0)
(1.37076 1.46025e-05 0)
(1.37076 3.15453e-05 0)
(1.37076 4.92773e-05 0)
(1.37075 6.94551e-05 0)
(1.37075 8.6147e-05 0)
(1.37076 0.000109226 0)
(1.37077 0.000107816 0)
(1.01508 0.0186636 0)
(1.08877 0.0323586 0)
(1.18582 0.0333866 0)
(1.26509 0.0247964 0)
(1.31651 0.0160338 0)
(1.34771 0.00909549 0)
(1.36358 0.00472583 0)
(1.37154 0.00225497 0)
(1.37495 0.000996328 0)
(1.3764 0.000402321 0)
(1.3769 0.000142653 0)
(1.37706 3.78975e-05 0)
(1.37709 2.15826e-07 0)
(1.37707 -1.04448e-05 0)
(1.37705 -1.10265e-05 0)
(1.37704 -8.43592e-06 0)
(1.37703 -5.27266e-06 0)
(1.37702 -2.54098e-06 0)
(1.37702 -5.7656e-07 0)
(1.37702 4.84197e-07 0)
(1.37702 6.69439e-07 0)
(1.37702 2.14515e-07 0)
(1.37702 -7.67989e-07 0)
(1.37702 -1.8779e-06 0)
(1.37702 -2.80999e-06 0)
(1.37702 -3.304e-06 0)
(1.37702 -3.02845e-06 0)
(1.37702 -1.95032e-06 0)
(1.37702 4.19287e-08 0)
(1.37702 2.79417e-06 0)
(1.37702 5.90843e-06 0)
(1.37702 9.04179e-06 0)
(1.37702 1.17807e-05 0)
(1.37702 1.38073e-05 0)
(1.37702 1.502e-05 0)
(1.37701 1.51736e-05 0)
(1.37701 1.42838e-05 0)
(1.37701 1.25125e-05 0)
(1.37701 1.01235e-05 0)
(1.37701 7.35706e-06 0)
(1.37701 4.3444e-06 0)
(1.37701 1.39824e-06 0)
(1.37701 -1.33285e-06 0)
(1.37701 -3.65183e-06 0)
(1.37701 -5.53575e-06 0)
(1.37701 -7.13838e-06 0)
(1.37701 -8.58185e-06 0)
(1.37701 -1.0058e-05 0)
(1.37701 -1.14802e-05 0)
(1.37702 -1.28354e-05 0)
(1.37702 -1.42764e-05 0)
(1.37702 -1.58209e-05 0)
(1.37702 -1.73851e-05 0)
(1.37702 -1.84353e-05 0)
(1.37702 -1.85548e-05 0)
(1.37702 -1.76663e-05 0)
(1.37702 -1.57441e-05 0)
(1.37702 -1.29085e-05 0)
(1.37702 -8.90206e-06 0)
(1.37702 -3.72777e-06 0)
(1.37702 2.31277e-06 0)
(1.37702 8.73394e-06 0)
(1.37702 1.49561e-05 0)
(1.37702 2.05093e-05 0)
(1.37702 2.51417e-05 0)
(1.37702 2.84832e-05 0)
(1.37702 3.00423e-05 0)
(1.37702 2.93565e-05 0)
(1.37701 2.61725e-05 0)
(1.37701 2.05327e-05 0)
(1.37701 1.27453e-05 0)
(1.37701 3.39601e-06 0)
(1.37701 -6.60417e-06 0)
(1.37701 -1.61885e-05 0)
(1.37701 -2.44923e-05 0)
(1.37701 -3.08998e-05 0)
(1.37702 -3.46866e-05 0)
(1.37702 -3.47669e-05 0)
(1.37702 -3.0257e-05 0)
(1.37702 -2.14992e-05 0)
(1.37702 -1.04069e-05 0)
(1.37702 4.83697e-07 0)
(1.37702 9.37515e-06 0)
(1.37702 1.55757e-05 0)
(1.37702 1.86832e-05 0)
(1.37702 1.78255e-05 0)
(1.37702 1.2214e-05 0)
(1.37702 2.57712e-06 0)
(1.37702 -8.10016e-06 0)
(1.37702 -1.56762e-05 0)
(1.37702 -1.69483e-05 0)
(1.37702 -1.12369e-05 0)
(1.37702 1.08111e-07 0)
(1.37702 1.47845e-05 0)
(1.37702 3.17541e-05 0)
(1.37702 4.93948e-05 0)
(1.37702 6.91457e-05 0)
(1.37703 8.52564e-05 0)
(1.37703 0.000106605 0)
(1.37705 0.000105223 0)
(1.01421 0.00615609 0)
(1.08671 0.0107745 0)
(1.18433 0.0111773 0)
(1.26472 0.0083545 0)
(1.31744 0.00544358 0)
(1.34956 0.00311964 0)
(1.36602 0.00164291 0)
(1.3743 0.000798154 0)
(1.37788 0.000360887 0)
(1.37941 0.000149711 0)
(1.37994 5.42539e-05 0)
(1.38011 1.37631e-05 0)
(1.38014 -1.80656e-06 0)
(1.38013 -6.6484e-06 0)
(1.38011 -6.88882e-06 0)
(1.3801 -5.36841e-06 0)
(1.38009 -3.30732e-06 0)
(1.38008 -1.39465e-06 0)
(1.38008 4.37655e-08 0)
(1.38007 7.91379e-07 0)
(1.38007 7.85607e-07 0)
(1.38007 2.1483e-07 0)
(1.38007 -8.27507e-07 0)
(1.38007 -1.96794e-06 0)
(1.38007 -2.90415e-06 0)
(1.38007 -3.37302e-06 0)
(1.38008 -3.081e-06 0)
(1.38008 -1.96105e-06 0)
(1.38008 8.7081e-08 0)
(1.38007 2.90664e-06 0)
(1.38007 6.084e-06 0)
(1.38007 9.25039e-06 0)
(1.38007 1.20203e-05 0)
(1.38007 1.40567e-05 0)
(1.38007 1.52702e-05 0)
(1.38007 1.54188e-05 0)
(1.38007 1.44917e-05 0)
(1.38007 1.2677e-05 0)
(1.38007 1.02426e-05 0)
(1.38007 7.43906e-06 0)
(1.38007 4.39137e-06 0)
(1.38007 1.39009e-06 0)
(1.38007 -1.39723e-06 0)
(1.38007 -3.76503e-06 0)
(1.38007 -5.67735e-06 0)
(1.38007 -7.30007e-06 0)
(1.38007 -8.76389e-06 0)
(1.38007 -1.02503e-05 0)
(1.38007 -1.16677e-05 0)
(1.38007 -1.30071e-05 0)
(1.38007 -1.4438e-05 0)
(1.38007 -1.59634e-05 0)
(1.38007 -1.75061e-05 0)
(1.38007 -1.85307e-05 0)
(1.38007 -1.86307e-05 0)
(1.38007 -1.77382e-05 0)
(1.38007 -1.5805e-05 0)
(1.38007 -1.2951e-05 0)
(1.38007 -8.93919e-06 0)
(1.38007 -3.77266e-06 0)
(1.38007 2.27545e-06 0)
(1.38007 8.73721e-06 0)
(1.38007 1.50409e-05 0)
(1.38007 2.06764e-05 0)
(1.38007 2.53465e-05 0)
(1.38007 2.86868e-05 0)
(1.38007 3.02475e-05 0)
(1.38007 2.95922e-05 0)
(1.38007 2.64409e-05 0)
(1.38007 2.0784e-05 0)
(1.38007 1.29163e-05 0)
(1.38007 3.45859e-06 0)
(1.38007 -6.6468e-06 0)
(1.38007 -1.63366e-05 0)
(1.38007 -2.47512e-05 0)
(1.38007 -3.1238e-05 0)
(1.38007 -3.50186e-05 0)
(1.38007 -3.5009e-05 0)
(1.38007 -3.03982e-05 0)
(1.38007 -2.15968e-05 0)
(1.38007 -1.0504e-05 0)
(1.38007 4.19819e-07 0)
(1.38007 9.41475e-06 0)
(1.38007 1.57317e-05 0)
(1.38007 1.88697e-05 0)
(1.38007 1.79202e-05 0)
(1.38007 1.21534e-05 0)
(1.38007 2.39768e-06 0)
(1.38007 -8.30849e-06 0)
(1.38007 -1.58293e-05 0)
(1.38007 -1.70124e-05 0)
(1.38007 -1.12107e-05 0)
(1.38007 1.80677e-07 0)
(1.38007 1.48446e-05 0)
(1.38007 3.16664e-05 0)
(1.38008 4.90451e-05 0)
(1.38008 6.8182e-05 0)
(1.38009 8.3589e-05 0)
(1.38009 0.000103001 0)
(1.38012 0.000101689 0)
(1.01421 -0.00616399 0)
(1.08671 -0.0107755 0)
(1.18433 -0.0111295 0)
(1.26472 -0.00824048 0)
(1.31744 -0.00528439 0)
(1.34957 -0.00295243 0)
(1.36603 -0.00149791 0)
(1.37432 -0.000689741 0)
(1.3779 -0.000289856 0)
(1.37942 -0.000109859 0)
(1.37996 -3.70683e-05 0)
(1.38013 -1.14721e-05 0)
(1.38016 -4.17346e-06 0)
(1.38015 -2.90137e-06 0)
(1.38013 -2.70773e-06 0)
(1.38011 -2.24194e-06 0)
(1.3801 -1.29204e-06 0)
(1.3801 -2.13471e-07 0)
(1.38009 6.80819e-07 0)
(1.38009 1.10487e-06 0)
(1.38009 9.0578e-07 0)
(1.38009 2.11868e-07 0)
(1.38009 -8.8786e-07 0)
(1.38009 -2.05107e-06 0)
(1.38009 -2.98858e-06 0)
(1.38009 -3.42904e-06 0)
(1.38009 -3.12439e-06 0)
(1.38009 -1.97215e-06 0)
(1.38009 1.19668e-07 0)
(1.38009 2.98819e-06 0)
(1.38009 6.21e-06 0)
(1.38009 9.38563e-06 0)
(1.38009 1.21634e-05 0)
(1.38009 1.41949e-05 0)
(1.38009 1.53953e-05 0)
(1.38009 1.55324e-05 0)
(1.38009 1.45694e-05 0)
(1.38009 1.27202e-05 0)
(1.38009 1.02593e-05 0)
(1.38009 7.43963e-06 0)
(1.38009 4.38056e-06 0)
(1.38009 1.35037e-06 0)
(1.38009 -1.46671e-06 0)
(1.38009 -3.85808e-06 0)
(1.38009 -5.77613e-06 0)
(1.38009 -7.39893e-06 0)
(1.38009 -8.86567e-06 0)
(1.38009 -1.03446e-05 0)
(1.38009 -1.17402e-05 0)
(1.38009 -1.30474e-05 0)
(1.38009 -1.44508e-05 0)
(1.38009 -1.59408e-05 0)
(1.38009 -1.74497e-05 0)
(1.38009 -1.8445e-05 0)
(1.38009 -1.85278e-05 0)
(1.38009 -1.76381e-05 0)
(1.38009 -1.57099e-05 0)
(1.38009 -1.28663e-05 0)
(1.38009 -8.89161e-06 0)
(1.38009 -3.78246e-06 0)
(1.38009 2.22347e-06 0)
(1.38009 8.67522e-06 0)
(1.38009 1.50023e-05 0)
(1.38009 2.0658e-05 0)
(1.38009 2.53137e-05 0)
(1.38009 2.86232e-05 0)
(1.38009 3.01794e-05 0)
(1.38009 2.95638e-05 0)
(1.38009 2.64667e-05 0)
(1.38009 2.08325e-05 0)
(1.38009 1.29494e-05 0)
(1.38009 3.4701e-06 0)
(1.38009 -6.64634e-06 0)
(1.38009 -1.63548e-05 0)
(1.38009 -2.48081e-05 0)
(1.38009 -3.13187e-05 0)
(1.38009 -3.50576e-05 0)
(1.38009 -3.49499e-05 0)
(1.38009 -3.02654e-05 0)
(1.38009 -2.14842e-05 0)
(1.38009 -1.04799e-05 0)
(1.38009 3.83529e-07 0)
(1.38009 9.40491e-06 0)
(1.38009 1.57895e-05 0)
(1.38009 1.89367e-05 0)
(1.38009 1.78956e-05 0)
(1.38009 1.1993e-05 0)
(1.38009 2.16047e-06 0)
(1.38009 -8.5117e-06 0)
(1.38009 -1.59099e-05 0)
(1.38009 -1.69628e-05 0)
(1.38009 -1.10847e-05 0)
(1.38009 2.71158e-07 0)
(1.38009 1.47878e-05 0)
(1.38009 3.12949e-05 0)
(1.38009 4.82515e-05 0)
(1.3801 6.6609e-05 0)
(1.38011 8.1209e-05 0)
(1.38012 9.85276e-05 0)
(1.38015 9.73229e-05 0)
(1.01508 -0.0186713 0)
(1.08876 -0.0323591 0)
(1.18581 -0.0333387 0)
(1.26509 -0.0246832 0)
(1.31652 -0.0158761 0)
(1.34772 -0.00893021 0)
(1.3636 -0.00458268 0)
(1.37157 -0.00214803 0)
(1.37499 -0.000926336 0)
(1.37645 -0.000363126 0)
(1.37696 -0.000125829 0)
(1.37712 -3.57588e-05 0)
(1.37714 -6.235e-06 0)
(1.37713 9.2808e-07 0)
(1.37711 1.49102e-06 0)
(1.37709 8.88306e-07 0)
(1.37708 7.2432e-07 0)
(1.37708 9.70727e-07 0)
(1.37708 1.31828e-06 0)
(1.37707 1.41515e-06 0)
(1.37707 1.02605e-06 0)
(1.37707 2.0627e-07 0)
(1.37707 -9.48648e-07 0)
(1.37707 -2.12521e-06 0)
(1.37707 -3.06038e-06 0)
(1.37707 -3.47118e-06 0)
(1.37707 -3.1578e-06 0)
(1.37707 -1.98285e-06 0)
(1.37707 1.3983e-07 0)
(1.37707 3.03685e-06 0)
(1.37707 6.28257e-06 0)
(1.37707 9.4442e-06 0)
(1.37707 1.22062e-05 0)
(1.37707 1.42183e-05 0)
(1.37707 1.53922e-05 0)
(1.37707 1.55108e-05 0)
(1.37707 1.45136e-05 0)
(1.37707 1.26399e-05 0)
(1.37708 1.01722e-05 0)
(1.37708 7.35819e-06 0)
(1.37708 4.31189e-06 0)
(1.37708 1.27999e-06 0)
(1.37708 -1.53933e-06 0)
(1.37708 -3.92855e-06 0)
(1.37708 -5.82949e-06 0)
(1.37708 -7.43186e-06 0)
(1.37708 -8.88361e-06 0)
(1.37708 -1.03374e-05 0)
(1.37708 -1.16951e-05 0)
(1.37708 -1.29547e-05 0)
(1.37708 -1.43138e-05 0)
(1.37707 -1.57527e-05 0)
(1.37707 -1.72176e-05 0)
(1.37707 -1.81808e-05 0)
(1.37707 -1.82491e-05 0)
(1.37707 -1.73682e-05 0)
(1.37707 -1.54608e-05 0)
(1.37707 -1.26574e-05 0)
(1.37707 -8.76198e-06 0)
(1.37707 -3.75801e-06 0)
(1.37707 2.15819e-06 0)
(1.37707 8.54998e-06 0)
(1.37707 1.48414e-05 0)
(1.37707 2.04539e-05 0)
(1.37707 2.50431e-05 0)
(1.37707 2.82937e-05 0)
(1.37707 2.98403e-05 0)
(1.37707 2.92731e-05 0)
(1.37708 2.62495e-05 0)
(1.37708 2.06769e-05 0)
(1.37708 1.28442e-05 0)
(1.37708 3.43107e-06 0)
(1.37708 -6.60189e-06 0)
(1.37708 -1.62422e-05 0)
(1.37708 -2.46617e-05 0)
(1.37708 -3.11402e-05 0)
(1.37707 -3.48022e-05 0)
(1.37707 -3.45905e-05 0)
(1.37707 -2.98622e-05 0)
(1.37707 -2.11657e-05 0)
(1.37707 -1.03373e-05 0)
(1.37707 3.74538e-07 0)
(1.37707 9.34621e-06 0)
(1.37707 1.57486e-05 0)
(1.37707 1.8883e-05 0)
(1.37707 1.77517e-05 0)
(1.37707 1.17359e-05 0)
(1.37707 1.87137e-06 0)
(1.37707 -8.70361e-06 0)
(1.37707 -1.59143e-05 0)
(1.37707 -1.67993e-05 0)
(1.37707 -1.08608e-05 0)
(1.37707 3.78824e-07 0)
(1.37707 1.46178e-05 0)
(1.37707 3.06527e-05 0)
(1.37708 4.7039e-05 0)
(1.37708 6.44735e-05 0)
(1.3771 7.81807e-05 0)
(1.37711 9.32944e-05 0)
(1.37714 9.22345e-05 0)
(1.01685 -0.0317413 0)
(1.09284 -0.0540323 0)
(1.18863 -0.0552435 0)
(1.2656 -0.0406632 0)
(1.31444 -0.0260573 0)
(1.34382 -0.0146249 0)
(1.35854 -0.00749923 0)
(1.36588 -0.00351732 0)
(1.369 -0.00151976 0)
(1.37031 -0.000597226 0)
(1.37076 -0.000206736 0)
(1.3709 -5.71351e-05 0)
(1.37091 -7.3766e-06 0)
(1.3709 4.95876e-06 0)
(1.37088 5.67618e-06 0)
(1.37086 3.96531e-06 0)
(1.37085 2.69247e-06 0)
(1.37085 2.12438e-06 0)
(1.37084 1.93866e-06 0)
(1.37084 1.71212e-06 0)
(1.37084 1.14096e-06 0)
(1.37084 1.98673e-07 0)
(1.37084 -1.00818e-06 0)
(1.37084 -2.18791e-06 0)
(1.37084 -3.11592e-06 0)
(1.37084 -3.4972e-06 0)
(1.37084 -3.17916e-06 0)
(1.37084 -1.99138e-06 0)
(1.37084 1.48353e-07 0)
(1.37084 3.0511e-06 0)
(1.37084 6.29784e-06 0)
(1.37084 9.42268e-06 0)
(1.37084 1.21451e-05 0)
(1.37084 1.41229e-05 0)
(1.37085 1.52574e-05 0)
(1.37085 1.53507e-05 0)
(1.37085 1.43222e-05 0)
(1.37085 1.24351e-05 0)
(1.37085 9.98126e-06 0)
(1.37085 7.19553e-06 0)
(1.37085 4.18682e-06 0)
(1.37085 1.18122e-06 0)
(1.37085 -1.61206e-06 0)
(1.37085 -3.97332e-06 0)
(1.37085 -5.8345e-06 0)
(1.37085 -7.39587e-06 0)
(1.37085 -8.8147e-06 0)
(1.37085 -1.02267e-05 0)
(1.37085 -1.15317e-05 0)
(1.37085 -1.27291e-05 0)
(1.37085 -1.40278e-05 0)
(1.37085 -1.54014e-05 0)
(1.37084 -1.68136e-05 0)
(1.37084 -1.77432e-05 0)
(1.37084 -1.77993e-05 0)
(1.37084 -1.69328e-05 0)
(1.37084 -1.50615e-05 0)
(1.37083 -1.23282e-05 0)
(1.37083 -8.55374e-06 0)
(1.37083 -3.70039e-06 0)
(1.37083 2.08069e-06 0)
(1.37083 8.36293e-06 0)
(1.37083 1.45586e-05 0)
(1.37084 2.00644e-05 0)
(1.37084 2.45366e-05 0)
(1.37084 2.77023e-05 0)
(1.37084 2.92346e-05 0)
(1.37085 2.87229e-05 0)
(1.37085 2.57909e-05 0)
(1.37085 2.03185e-05 0)
(1.37085 1.26026e-05 0)
(1.37085 3.34375e-06 0)
(1.37085 -6.51161e-06 0)
(1.37085 -1.59976e-05 0)
(1.37085 -2.43107e-05 0)
(1.37085 -3.07006e-05 0)
(1.37085 -3.42516e-05 0)
(1.37084 -3.39326e-05 0)
(1.37084 -2.91936e-05 0)
(1.37084 -2.06476e-05 0)
(1.37084 -1.00809e-05 0)
(1.37083 3.906e-07 0)
(1.37083 9.23737e-06 0)
(1.37084 1.56068e-05 0)
(1.37084 1.87052e-05 0)
(1.37084 1.74869e-05 0)
(1.37084 1.13852e-05 0)
(1.37084 1.53841e-06 0)
(1.37084 -8.87445e-06 0)
(1.37084 -1.58355e-05 0)
(1.37084 -1.65203e-05 0)
(1.37084 -1.05417e-05 0)
(1.37084 5.0112e-07 0)
(1.37084 1.43372e-05 0)
(1.37084 2.97529e-05 0)
(1.37085 4.54336e-05 0)
(1.37085 6.18234e-05 0)
(1.37087 7.45686e-05 0)
(1.37088 8.74106e-05 0)
(1.37092 8.6535e-05 0)
(1.01956 -0.0457515 0)
(1.09889 -0.0758146 0)
(1.19246 -0.0766018 0)
(1.26583 -0.0558556 0)
(1.31074 -0.0355535 0)
(1.3374 -0.0198529 0)
(1.35043 -0.0101409 0)
(1.35687 -0.0047421 0)
(1.35954 -0.00204361 0)
(1.36065 -0.000800496 0)
(1.36101 -0.000275074 0)
(1.36112 -7.38969e-05 0)
(1.36112 -7.08986e-06 0)
(1.36111 9.27122e-06 0)
(1.36109 9.80367e-06 0)
(1.36107 6.92859e-06 0)
(1.36107 4.56372e-06 0)
(1.36106 3.21339e-06 0)
(1.36106 2.5231e-06 0)
(1.36106 1.98525e-06 0)
(1.36106 1.24401e-06 0)
(1.36106 1.89335e-07 0)
(1.36106 -1.06358e-06 0)
(1.36106 -2.23609e-06 0)
(1.36106 -3.15101e-06 0)
(1.36106 -3.50356e-06 0)
(1.36106 -3.18512e-06 0)
(1.36106 -1.99519e-06 0)
(1.36106 1.46418e-07 0)
(1.36106 3.02992e-06 0)
(1.36106 6.25216e-06 0)
(1.36106 9.31762e-06 0)
(1.36106 1.19766e-05 0)
(1.36106 1.39043e-05 0)
(1.36106 1.49874e-05 0)
(1.36106 1.50492e-05 0)
(1.36106 1.3994e-05 0)
(1.36106 1.21061e-05 0)
(1.36107 9.68761e-06 0)
(1.36107 6.9539e-06 0)
(1.36107 4.00833e-06 0)
(1.36107 1.0577e-06 0)
(1.36107 -1.68092e-06 0)
(1.36107 -3.98861e-06 0)
(1.36107 -5.78796e-06 0)
(1.36107 -7.28823e-06 0)
(1.36107 -8.6567e-06 0)
(1.36107 -1.00113e-05 0)
(1.36107 -1.12502e-05 0)
(1.36106 -1.23725e-05 0)
(1.36106 -1.35956e-05 0)
(1.36106 -1.48913e-05 0)
(1.36106 -1.62439e-05 0)
(1.36105 -1.71387e-05 0)
(1.36105 -1.7185e-05 0)
(1.36105 -1.63376e-05 0)
(1.36105 -1.45179e-05 0)
(1.36104 -1.18844e-05 0)
(1.36104 -8.27093e-06 0)
(1.36104 -3.61085e-06 0)
(1.36104 1.99171e-06 0)
(1.36104 8.11495e-06 0)
(1.36104 1.41545e-05 0)
(1.36105 1.9491e-05 0)
(1.36105 2.37984e-05 0)
(1.36105 2.68548e-05 0)
(1.36106 2.8368e-05 0)
(1.36106 2.79175e-05 0)
(1.36106 2.50942e-05 0)
(1.36107 1.97608e-05 0)
(1.36107 1.22287e-05 0)
(1.36107 3.21197e-06 0)
(1.36107 -6.37299e-06 0)
(1.36107 -1.56196e-05 0)
(1.36107 -2.37535e-05 0)
(1.36106 -2.99983e-05 0)
(1.36106 -3.34056e-05 0)
(1.36106 -3.29796e-05 0)
(1.36105 -2.82666e-05 0)
(1.36105 -1.99381e-05 0)
(1.36105 -9.7174e-06 0)
(1.36104 4.27741e-07 0)
(1.36105 9.07536e-06 0)
(1.36105 1.53595e-05 0)
(1.36105 1.83979e-05 0)
(1.36105 1.70981e-05 0)
(1.36105 1.09443e-05 0)
(1.36105 1.17185e-06 0)
(1.36105 -9.01105e-06 0)
(1.36105 -1.56634e-05 0)
(1.36105 -1.61228e-05 0)
(1.36105 -1.01308e-05 0)
(1.36105 6.33572e-07 0)
(1.36105 1.3947e-05 0)
(1.36105 2.86089e-05 0)
(1.36106 4.34625e-05 0)
(1.36107 5.8708e-05 0)
(1.36109 7.04379e-05 0)
(1.3611 8.09859e-05 0)
(1.36115 8.03378e-05 0)
(1.02328 -0.0610794 0)
(1.10679 -0.0976631 0)
(1.1968 -0.0971136 0)
(1.2651 -0.069914 0)
(1.30474 -0.0440914 0)
(1.32784 -0.0244404 0)
(1.33869 -0.0124102 0)
(1.34398 -0.00577326 0)
(1.34608 -0.00247513 0)
(1.34694 -0.000963211 0)
(1.3472 -0.00032705 0)
(1.34727 -8.47501e-05 0)
(1.34727 -5.03556e-06 0)
(1.34725 1.38842e-05 0)
(1.34723 1.38094e-05 0)
(1.34721 9.71232e-06 0)
(1.34721 6.29033e-06 0)
(1.3472 4.20463e-06 0)
(1.3472 3.0519e-06 0)
(1.3472 2.22414e-06 0)
(1.3472 1.32849e-06 0)
(1.3472 1.78085e-07 0)
(1.3472 -1.11112e-06 0)
(1.3472 -2.26601e-06 0)
(1.3472 -3.16104e-06 0)
(1.3472 -3.48565e-06 0)
(1.3472 -3.17122e-06 0)
(1.3472 -1.99115e-06 0)
(1.3472 1.35425e-07 0)
(1.3472 2.97292e-06 0)
(1.3472 6.1424e-06 0)
(1.3472 9.12563e-06 0)
(1.3472 1.16972e-05 0)
(1.3472 1.35582e-05 0)
(1.3472 1.45788e-05 0)
(1.34721 1.46047e-05 0)
(1.34721 1.35294e-05 0)
(1.34721 1.16551e-05 0)
(1.34721 9.29425e-06 0)
(1.34721 6.63717e-06 0)
(1.34721 3.78097e-06 0)
(1.34721 9.14372e-07 0)
(1.34722 -1.74107e-06 0)
(1.34722 -3.9702e-06 0)
(1.34722 -5.68662e-06 0)
(1.34721 -7.10668e-06 0)
(1.34721 -8.40843e-06 0)
(1.34721 -9.69139e-06 0)
(1.34721 -1.08525e-05 0)
(1.34721 -1.18884e-05 0)
(1.34721 -1.30225e-05 0)
(1.3472 -1.42296e-05 0)
(1.3472 -1.55172e-05 0)
(1.3472 -1.6376e-05 0)
(1.34719 -1.64141e-05 0)
(1.34719 -1.55905e-05 0)
(1.34719 -1.38377e-05 0)
(1.34718 -1.1333e-05 0)
(1.34718 -7.91808e-06 0)
(1.34718 -3.49065e-06 0)
(1.34718 1.89177e-06 0)
(1.34718 7.80652e-06 0)
(1.34718 1.36298e-05 0)
(1.34719 1.8737e-05 0)
(1.34719 2.2835e-05 0)
(1.3472 2.57599e-05 0)
(1.3472 2.72483e-05 0)
(1.34721 2.68632e-05 0)
(1.34721 2.41647e-05 0)
(1.34721 1.90099e-05 0)
(1.34722 1.17289e-05 0)
(1.34722 3.04091e-06 0)
(1.34722 -6.18311e-06 0)
(1.34722 -1.51067e-05 0)
(1.34721 -2.29893e-05 0)
(1.34721 -2.90325e-05 0)
(1.3472 -3.22654e-05 0)
(1.3472 -3.17367e-05 0)
(1.34719 -2.70903e-05 0)
(1.34719 -1.90474e-05 0)
(1.34719 -9.25499e-06 0)
(1.34718 4.80534e-07 0)
(1.34718 8.85565e-06 0)
(1.34719 1.50009e-05 0)
(1.34719 1.7954e-05 0)
(1.34719 1.65815e-05 0)
(1.34719 1.04171e-05 0)
(1.3472 7.84187e-07 0)
(1.3472 -9.09719e-06 0)
(1.3472 -1.53858e-05 0)
(1.34719 -1.56034e-05 0)
(1.34719 -9.6331e-06 0)
(1.34719 7.69827e-07 0)
(1.34719 1.34474e-05 0)
(1.34719 2.72345e-05 0)
(1.3472 4.11548e-05 0)
(1.34721 5.51784e-05 0)
(1.34723 6.58553e-05 0)
(1.34725 7.41329e-05 0)
(1.34729 7.37595e-05 0)
(1.02807 -0.0780955 0)
(1.11632 -0.119444 0)
(1.20092 -0.116402 0)
(1.26249 -0.0824662 0)
(1.2955 -0.0514025 0)
(1.31427 -0.0282279 0)
(1.32252 -0.0142231 0)
(1.32647 -0.00657053 0)
(1.32793 -0.00279656 0)
(1.32851 -0.00107822 0)
(1.32866 -0.000360083 0)
(1.32868 -8.89336e-05 0)
(1.32866 -1.0941e-06 0)
(1.32864 1.87346e-05 0)
(1.32862 1.76027e-05 0)
(1.32861 1.22431e-05 0)
(1.32861 7.82471e-06 0)
(1.3286 5.06684e-06 0)
(1.3286 3.50541e-06 0)
(1.3286 2.41905e-06 0)
(1.3286 1.3886e-06 0)
(1.3286 1.64549e-07 0)
(1.3286 -1.14667e-06 0)
(1.3286 -2.2733e-06 0)
(1.3286 -3.14109e-06 0)
(1.3286 -3.43828e-06 0)
(1.3286 -3.13219e-06 0)
(1.3286 -1.97561e-06 0)
(1.3286 1.16925e-07 0)
(1.3286 2.88029e-06 0)
(1.3286 5.96622e-06 0)
(1.3286 8.84361e-06 0)
(1.3286 1.13039e-05 0)
(1.3286 1.30811e-05 0)
(1.32861 1.40294e-05 0)
(1.32861 1.40167e-05 0)
(1.32861 1.29305e-05 0)
(1.32861 1.10862e-05 0)
(1.32862 8.80603e-06 0)
(1.32862 6.25094e-06 0)
(1.32862 3.51082e-06 0)
(1.32862 7.57271e-07 0)
(1.32862 -1.787e-06 0)
(1.32862 -3.91356e-06 0)
(1.32862 -5.5274e-06 0)
(1.32862 -6.84982e-06 0)
(1.32862 -8.07007e-06 0)
(1.32862 -9.26902e-06 0)
(1.32861 -1.03426e-05 0)
(1.32861 -1.12827e-05 0)
(1.32861 -1.23164e-05 0)
(1.3286 -1.34265e-05 0)
(1.3286 -1.46445e-05 0)
(1.3286 -1.5466e-05 0)
(1.32859 -1.54968e-05 0)
(1.32859 -1.47016e-05 0)
(1.32859 -1.30311e-05 0)
(1.32858 -1.06826e-05 0)
(1.32858 -7.50014e-06 0)
(1.32858 -3.34106e-06 0)
(1.32858 1.78117e-06 0)
(1.32858 7.43796e-06 0)
(1.32858 1.29862e-05 0)
(1.32859 1.78077e-05 0)
(1.32859 2.16561e-05 0)
(1.3286 2.4429e-05 0)
(1.3286 2.5886e-05 0)
(1.32861 2.55681e-05 0)
(1.32861 2.30106e-05 0)
(1.32862 1.80747e-05 0)
(1.32862 1.11121e-05 0)
(1.32862 2.83686e-06 0)
(1.32862 -5.93913e-06 0)
(1.32862 -1.44584e-05 0)
(1.32862 -2.20181e-05 0)
(1.32861 -2.78042e-05 0)
(1.32861 -3.08345e-05 0)
(1.3286 -3.02119e-05 0)
(1.32859 -2.56765e-05 0)
(1.32859 -1.79883e-05 0)
(1.32858 -8.70356e-06 0)
(1.32858 5.42436e-07 0)
(1.32858 8.57266e-06 0)
(1.32859 1.45238e-05 0)
(1.32859 1.73657e-05 0)
(1.32859 1.59331e-05 0)
(1.32859 9.80862e-06 0)
(1.3286 3.90092e-07 0)
(1.3286 -9.11422e-06 0)
(1.3286 -1.49887e-05 0)
(1.32859 -1.4959e-05 0)
(1.32859 -9.0549e-06 0)
(1.32859 9.01851e-07 0)
(1.32859 1.2838e-05 0)
(1.32859 2.56447e-05 0)
(1.3286 3.85415e-05 0)
(1.32861 5.12878e-05 0)
(1.32864 6.08905e-05 0)
(1.32865 6.69691e-05 0)
(1.3287 6.69203e-05 0)
(1.03397 -0.0971493 0)
(1.12714 -0.140903 0)
(1.20383 -0.133997 0)
(1.25682 -0.0931163 0)
(1.28189 -0.0572305 0)
(1.29567 -0.0310771 0)
(1.301 -0.0155124 0)
(1.30348 -0.00710469 0)
(1.30424 -0.00299627 0)
(1.30452 -0.00114142 0)
(1.30455 -0.000373009 0)
(1.30453 -8.62992e-05 0)
(1.3045 4.60477e-06 0)
(1.30448 2.36655e-05 0)
(1.30446 2.10618e-05 0)
(1.30445 1.44388e-05 0)
(1.30445 9.11842e-06 0)
(1.30445 5.77102e-06 0)
(1.30444 3.86498e-06 0)
(1.30444 2.56127e-06 0)
(1.30444 1.42017e-06 0)
(1.30444 1.4859e-07 0)
(1.30444 -1.16605e-06 0)
(1.30444 -2.25329e-06 0)
(1.30444 -3.08625e-06 0)
(1.30444 -3.35616e-06 0)
(1.30444 -3.06246e-06 0)
(1.30444 -1.94456e-06 0)
(1.30444 9.2616e-08 0)
(1.30444 2.7529e-06 0)
(1.30444 5.72231e-06 0)
(1.30444 8.46917e-06 0)
(1.30445 1.07944e-05 0)
(1.30445 1.24706e-05 0)
(1.30445 1.33385e-05 0)
(1.30445 1.32872e-05 0)
(1.30446 1.22017e-05 0)
(1.30446 1.04061e-05 0)
(1.30446 8.23003e-06 0)
(1.30447 5.80262e-06 0)
(1.30447 3.20536e-06 0)
(1.30447 5.93342e-07 0)
(1.30447 -1.81284e-06 0)
(1.30447 -3.81425e-06 0)
(1.30447 -5.30783e-06 0)
(1.30447 -6.51749e-06 0)
(1.30446 -7.64356e-06 0)
(1.30446 -8.74811e-06 0)
(1.30446 -9.72632e-06 0)
(1.30446 -1.05636e-05 0)
(1.30445 -1.14883e-05 0)
(1.30445 -1.2495e-05 0)
(1.30445 -1.36397e-05 0)
(1.30444 -1.44215e-05 0)
(1.30444 -1.44455e-05 0)
(1.30443 -1.36838e-05 0)
(1.30443 -1.21105e-05 0)
(1.30443 -9.94319e-06 0)
(1.30442 -7.02248e-06 0)
(1.30442 -3.16332e-06 0)
(1.30442 1.66014e-06 0)
(1.30442 7.00983e-06 0)
(1.30442 1.22267e-05 0)
(1.30443 1.67115e-05 0)
(1.30443 2.02755e-05 0)
(1.30444 2.28775e-05 0)
(1.30445 2.42944e-05 0)
(1.30445 2.40437e-05 0)
(1.30446 2.16431e-05 0)
(1.30447 1.69672e-05 0)
(1.30447 1.03891e-05 0)
(1.30447 2.60688e-06 0)
(1.30447 -5.63884e-06 0)
(1.30447 -1.36759e-05 0)
(1.30446 -2.08423e-05 0)
(1.30446 -2.63171e-05 0)
(1.30445 -2.91199e-05 0)
(1.30444 -2.84171e-05 0)
(1.30444 -2.40408e-05 0)
(1.30443 -1.67758e-05 0)
(1.30443 -8.07447e-06 0)
(1.30442 6.06174e-07 0)
(1.30443 8.22034e-06 0)
(1.30443 1.39207e-05 0)
(1.30443 1.66249e-05 0)
(1.30443 1.51495e-05 0)
(1.30444 9.12526e-06 0)
(1.30444 6.04729e-09 0)
(1.30444 -9.04205e-06 0)
(1.30444 -1.4458e-05 0)
(1.30444 -1.41874e-05 0)
(1.30443 -8.40434e-06 0)
(1.30443 1.02033e-06 0)
(1.30443 1.21185e-05 0)
(1.30444 2.38566e-05 0)
(1.30445 3.56573e-05 0)
(1.30446 4.70931e-05 0)
(1.30448 5.56169e-05 0)
(1.3045 5.96187e-05 0)
(1.30455 5.99442e-05 0)
(1.04096 -0.118543 0)
(1.13864 -0.161631 0)
(1.20425 -0.149326 0)
(1.24668 -0.101452 0)
(1.26258 -0.0613412 0)
(1.27083 -0.0328781 0)
(1.27304 -0.0162327 0)
(1.27399 -0.00735947 0)
(1.27404 -0.0030695 0)
(1.27402 -0.00115208 0)
(1.27394 -0.000366173 0)
(1.27389 -7.73347e-05 0)
(1.27385 1.16812e-05 0)
(1.27383 2.84295e-05 0)
(1.27381 2.40377e-05 0)
(1.2738 1.62111e-05 0)
(1.2738 1.01227e-05 0)
(1.2738 6.29079e-06 0)
(1.2738 4.11389e-06 0)
(1.2738 2.64333e-06 0)
(1.2738 1.42098e-06 0)
(1.2738 1.30642e-07 0)
(1.2738 -1.16551e-06 0)
(1.2738 -2.20145e-06 0)
(1.2738 -2.99191e-06 0)
(1.27379 -3.23455e-06 0)
(1.27379 -2.95678e-06 0)
(1.27379 -1.89383e-06 0)
(1.27379 6.43675e-08 0)
(1.27379 2.59223e-06 0)
(1.2738 5.41073e-06 0)
(1.2738 8.00125e-06 0)
(1.2738 1.01686e-05 0)
(1.2738 1.1727e-05 0)
(1.27381 1.25083e-05 0)
(1.27381 1.24211e-05 0)
(1.27381 1.13506e-05 0)
(1.27382 9.62397e-06 0)
(1.27382 7.57569e-06 0)
(1.27382 5.30146e-06 0)
(1.27382 2.87329e-06 0)
(1.27382 4.30096e-07 0)
(1.27383 -1.81273e-06 0)
(1.27382 -3.6683e-06 0)
(1.27382 -5.02648e-06 0)
(1.27382 -6.11131e-06 0)
(1.27382 -7.13307e-06 0)
(1.27382 -8.13503e-06 0)
(1.27382 -9.01222e-06 0)
(1.27381 -9.74234e-06 0)
(1.27381 -1.05523e-05 0)
(1.2738 -1.14517e-05 0)
(1.2738 -1.25196e-05 0)
(1.27379 -1.32583e-05 0)
(1.27379 -1.32756e-05 0)
(1.27378 -1.25527e-05 0)
(1.27378 -1.10914e-05 0)
(1.27378 -9.12633e-06 0)
(1.27377 -6.49098e-06 0)
(1.27377 -2.95876e-06 0)
(1.27377 1.52898e-06 0)
(1.27377 6.52342e-06 0)
(1.27378 1.13566e-05 0)
(1.27378 1.54607e-05 0)
(1.27379 1.87113e-05 0)
(1.27379 2.11251e-05 0)
(1.2738 2.24909e-05 0)
(1.27381 2.23052e-05 0)
(1.27382 2.00775e-05 0)
(1.27382 1.57031e-05 0)
(1.27383 9.57327e-06 0)
(1.27383 2.35846e-06 0)
(1.27383 -5.28126e-06 0)
(1.27383 -1.27625e-05 0)
(1.27382 -1.94677e-05 0)
(1.27381 -2.45793e-05 0)
(1.27381 -2.7134e-05 0)
(1.2738 -2.63693e-05 0)
(1.27379 -2.22029e-05 0)
(1.27378 -1.5428e-05 0)
(1.27378 -7.38049e-06 0)
(1.27378 6.64187e-07 0)
(1.27378 7.79304e-06 0)
(1.27378 1.31851e-05 0)
(1.27378 1.57254e-05 0)
(1.27379 1.42292e-05 0)
(1.27379 8.37533e-06 0)
(1.27379 -3.50243e-07 0)
(1.27379 -8.86057e-06 0)
(1.27379 -1.37812e-05 0)
(1.27379 -1.32886e-05 0)
(1.27378 -7.69157e-06 0)
(1.27378 1.11528e-06 0)
(1.27378 1.12903e-05 0)
(1.27379 2.18904e-05 0)
(1.2738 3.25409e-05 0)
(1.27381 4.26553e-05 0)
(1.27384 5.01132e-05 0)
(1.27386 5.22124e-05 0)
(1.2739 5.29576e-05 0)
(1.04889 -0.142491 0)
(1.14995 -0.181031 0)
(1.20056 -0.161716 0)
(1.23037 -0.107065 0)
(1.23605 -0.0635379 0)
(1.23845 -0.0335578 0)
(1.23747 -0.0163636 0)
(1.2369 -0.00733293 0)
(1.23627 -0.0030188 0)
(1.23598 -0.00111284 0)
(1.2358 -0.000341399 0)
(1.23572 -6.31214e-05 0)
(1.23567 1.95385e-05 0)
(1.23565 3.27087e-05 0)
(1.23564 2.63653e-05 0)
(1.23564 1.74722e-05 0)
(1.23563 1.07915e-05 0)
(1.23563 6.60361e-06 0)
(1.23563 4.23846e-06 0)
(1.23563 2.65922e-06 0)
(1.23563 1.39049e-06 0)
(1.23563 1.11741e-07 0)
(1.23563 -1.14203e-06 0)
(1.23563 -2.11406e-06 0)
(1.23563 -2.85433e-06 0)
(1.23563 -3.06983e-06 0)
(1.23563 -2.81095e-06 0)
(1.23563 -1.81946e-06 0)
(1.23563 3.42271e-08 0)
(1.23563 2.40046e-06 0)
(1.23563 5.03326e-06 0)
(1.23563 7.44094e-06 0)
(1.23564 9.42892e-06 0)
(1.23564 1.08542e-05 0)
(1.23564 1.15448e-05 0)
(1.23565 1.14268e-05 0)
(1.23565 1.03883e-05 0)
(1.23566 8.75245e-06 0)
(1.23566 6.8551e-06 0)
(1.23566 4.75853e-06 0)
(1.23566 2.52427e-06 0)
(1.23566 2.75214e-07 0)
(1.23566 -1.7813e-06 0)
(1.23566 -3.47284e-06 0)
(1.23566 -4.68366e-06 0)
(1.23566 -5.63522e-06 0)
(1.23566 -6.54541e-06 0)
(1.23566 -7.43889e-06 0)
(1.23565 -8.21173e-06 0)
(1.23565 -8.83322e-06 0)
(1.23565 -9.52622e-06 0)
(1.23564 -1.03167e-05 0)
(1.23564 -1.13038e-05 0)
(1.23563 -1.19949e-05 0)
(1.23563 -1.20052e-05 0)
(1.23562 -1.13273e-05 0)
(1.23562 -9.99165e-06 0)
(1.23561 -8.24538e-06 0)
(1.23561 -5.91227e-06 0)
(1.23561 -2.72897e-06 0)
(1.23561 1.38816e-06 0)
(1.23561 5.98144e-06 0)
(1.23561 1.03843e-05 0)
(1.23562 1.40723e-05 0)
(1.23562 1.69871e-05 0)
(1.23563 1.91966e-05 0)
(1.23564 2.04981e-05 0)
(1.23565 2.03733e-05 0)
(1.23565 1.83343e-05 0)
(1.23566 1.43024e-05 0)
(1.23567 8.68013e-06 0)
(1.23567 2.09916e-06 0)
(1.23567 -4.86737e-06 0)
(1.23566 -1.17253e-05 0)
(1.23566 -1.79052e-05 0)
(1.23565 -2.26052e-05 0)
(1.23564 -2.48959e-05 0)
(1.23563 -2.40924e-05 0)
(1.23562 -2.01878e-05 0)
(1.23562 -1.39662e-05 0)
(1.23561 -6.63575e-06 0)
(1.23561 7.09122e-07 0)
(1.23561 7.28648e-06 0)
(1.23561 1.23127e-05 0)
(1.23562 1.46637e-05 0)
(1.23562 1.31741e-05 0)
(1.23563 7.56935e-06 0)
(1.23563 -6.60817e-07 0)
(1.23563 -8.55153e-06 0)
(1.23563 -1.29488e-05 0)
(1.23562 -1.22663e-05 0)
(1.23562 -6.9289e-06 0)
(1.23562 1.17694e-06 0)
(1.23562 1.03572e-05 0)
(1.23562 1.97712e-05 0)
(1.23564 2.92371e-05 0)
(1.23565 3.80408e-05 0)
(1.23567 4.44636e-05 0)
(1.23569 4.48872e-05 0)
(1.23574 4.60878e-05 0)
(1.05739 -0.169057 0)
(1.15975 -0.198295 0)
(1.19075 -0.170408 0)
(1.20599 -0.109571 0)
(1.20069 -0.0636796 0)
(1.19716 -0.0330888 0)
(1.19307 -0.0159128 0)
(1.19108 -0.00703823 0)
(1.18984 -0.00285399 0)
(1.18931 -0.00102958 0)
(1.18905 -0.000301832 0)
(1.18895 -4.52336e-05 0)
(1.1889 2.74215e-05 0)
(1.18888 3.6148e-05 0)
(1.18888 2.78813e-05 0)
(1.18888 1.81456e-05 0)
(1.18887 1.10876e-05 0)
(1.18887 6.69307e-06 0)
(1.18887 4.22956e-06 0)
(1.18887 2.60487e-06 0)
(1.18888 1.32944e-06 0)
(1.18888 9.32909e-08 0)
(1.18888 -1.0937e-06 0)
(1.18888 -1.98886e-06 0)
(1.18887 -2.67129e-06 0)
(1.18887 -2.86012e-06 0)
(1.18887 -2.62251e-06 0)
(1.18887 -1.71822e-06 0)
(1.18887 4.37058e-09 0)
(1.18887 2.1806e-06 0)
(1.18887 4.59388e-06 0)
(1.18888 6.79249e-06 0)
(1.18888 8.58196e-06 0)
(1.18888 9.86081e-06 0)
(1.18889 1.04591e-05 0)
(1.18889 1.0318e-05 0)
(1.1889 9.32991e-06 0)
(1.1889 7.80765e-06 0)
(1.1889 6.08299e-06 0)
(1.18891 4.18648e-06 0)
(1.18891 2.16854e-06 0)
(1.18891 1.36043e-07 0)
(1.18891 -1.71427e-06 0)
(1.18891 -3.22674e-06 0)
(1.18891 -4.28201e-06 0)
(1.18891 -5.09601e-06 0)
(1.1889 -5.89048e-06 0)
(1.1889 -6.67198e-06 0)
(1.1889 -7.33953e-06 0)
(1.18889 -7.85402e-06 0)
(1.18889 -8.43131e-06 0)
(1.18888 -9.11342e-06 0)
(1.18888 -1.00153e-05 0)
(1.18887 -1.06529e-05 0)
(1.18887 -1.06563e-05 0)
(1.18886 -1.00302e-05 0)
(1.18886 -8.83221e-06 0)
(1.18885 -7.31552e-06 0)
(1.18885 -5.29399e-06 0)
(1.18885 -2.476e-06 0)
(1.18885 1.23861e-06 0)
(1.18885 5.38865e-06 0)
(1.18885 9.32262e-06 0)
(1.18886 1.25688e-05 0)
(1.18887 1.51326e-05 0)
(1.18887 1.71232e-05 0)
(1.18888 1.8345e-05 0)
(1.18889 1.8275e-05 0)
(1.1889 1.644e-05 0)
(1.18891 1.27892e-05 0)
(1.18891 7.7274e-06 0)
(1.18891 1.83623e-06 0)
(1.18891 -4.40076e-06 0)
(1.18891 -1.05763e-05 0)
(1.1889 -1.61722e-05 0)
(1.1889 -2.04176e-05 0)
(1.18889 -2.24339e-05 0)
(1.18888 -2.16183e-05 0)
(1.18887 -1.8027e-05 0)
(1.18886 -1.24154e-05 0)
(1.18885 -5.85565e-06 0)
(1.18885 7.34373e-07 0)
(1.18885 6.69905e-06 0)
(1.18886 1.13036e-05 0)
(1.18886 1.34417e-05 0)
(1.18887 1.19906e-05 0)
(1.18887 6.72035e-06 0)
(1.18887 -9.08768e-07 0)
(1.18887 -8.10093e-06 0)
(1.18887 -1.1957e-05 0)
(1.18886 -1.11289e-05 0)
(1.18886 -6.13073e-06 0)
(1.18886 1.19684e-06 0)
(1.18886 9.3275e-06 0)
(1.18887 1.75296e-05 0)
(1.18888 2.57972e-05 0)
(1.18889 3.33219e-05 0)
(1.18892 3.87585e-05 0)
(1.18894 3.77828e-05 0)
(1.18898 3.94585e-05 0)
(1.06577 -0.198063 0)
(1.16615 -0.212373 0)
(1.1724 -0.174591 0)
(1.17142 -0.108659 0)
(1.15482 -0.0617031 0)
(1.14556 -0.0314977 0)
(1.13862 -0.0149188 0)
(1.13539 -0.00650357 0)
(1.13364 -0.00259163 0)
(1.13293 -0.000910998 0)
(1.13261 -0.000251675 0)
(1.1325 -2.55948e-05 0)
(1.13246 3.44906e-05 0)
(1.13245 3.83925e-05 0)
(1.13244 2.84431e-05 0)
(1.13245 1.81758e-05 0)
(1.13245 1.09879e-05 0)
(1.13245 6.55172e-06 0)
(1.13245 4.08424e-06 0)
(1.13245 2.47889e-06 0)
(1.13245 1.23952e-06 0)
(1.13245 7.6698e-08 0)
(1.13245 -1.02008e-06 0)
(1.13245 -1.82575e-06 0)
(1.13245 -2.44281e-06 0)
(1.13245 -2.60592e-06 0)
(1.13245 -2.39145e-06 0)
(1.13245 -1.58819e-06 0)
(1.13245 -2.30084e-08 0)
(1.13245 1.93662e-06 0)
(1.13245 4.09935e-06 0)
(1.13245 6.06442e-06 0)
(1.13245 7.6396e-06 0)
(1.13246 8.76195e-06 0)
(1.13246 9.26856e-06 0)
(1.13247 9.11371e-06 0)
(1.13247 8.19565e-06 0)
(1.13248 6.80946e-06 0)
(1.13248 5.27668e-06 0)
(1.13248 3.5993e-06 0)
(1.13249 1.81645e-06 0)
(1.13249 1.90293e-08 0)
(1.13249 -1.60916e-06 0)
(1.13249 -2.93135e-06 0)
(1.13248 -3.82721e-06 0)
(1.13248 -4.50382e-06 0)
(1.13248 -5.18158e-06 0)
(1.13248 -5.85001e-06 0)
(1.13247 -6.41381e-06 0)
(1.13247 -6.82602e-06 0)
(1.13246 -7.29241e-06 0)
(1.13246 -7.86866e-06 0)
(1.13245 -8.68015e-06 0)
(1.13245 -9.25773e-06 0)
(1.13244 -9.25456e-06 0)
(1.13244 -8.68759e-06 0)
(1.13243 -7.63678e-06 0)
(1.13243 -6.35391e-06 0)
(1.13242 -4.64525e-06 0)
(1.13242 -2.20275e-06 0)
(1.13242 1.08182e-06 0)
(1.13242 4.75262e-06 0)
(1.13243 8.18889e-06 0)
(1.13243 1.0979e-05 0)
(1.13244 1.31838e-05 0)
(1.13245 1.4943e-05 0)
(1.13246 1.60681e-05 0)
(1.13247 1.60453e-05 0)
(1.13248 1.44281e-05 0)
(1.13248 1.1193e-05 0)
(1.13249 6.73498e-06 0)
(1.13249 1.57626e-06 0)
(1.13249 -3.88825e-06 0)
(1.13249 -9.33294e-06 0)
(1.13248 -1.42947e-05 0)
(1.13247 -1.80497e-05 0)
(1.13246 -1.97869e-05 0)
(1.13245 -1.89887e-05 0)
(1.13244 -1.57586e-05 0)
(1.13243 -1.08047e-05 0)
(1.13243 -5.05676e-06 0)
(1.13243 7.34668e-07 0)
(1.13243 6.03308e-06 0)
(1.13243 1.01643e-05 0)
(1.13244 1.20691e-05 0)
(1.13244 1.06918e-05 0)
(1.13245 5.84386e-06 0)
(1.13245 -1.07988e-06 0)
(1.13245 -7.50165e-06 0)
(1.13244 -1.08103e-05 0)
(1.13244 -9.89072e-06 0)
(1.13243 -5.3133e-06 0)
(1.13243 1.16904e-06 0)
(1.13243 8.21505e-06 0)
(1.13244 1.52037e-05 0)
(1.13245 2.22803e-05 0)
(1.13247 2.85775e-05 0)
(1.13249 3.30942e-05 0)
(1.13251 3.10374e-05 0)
(1.13255 3.31851e-05 0)
(1.07276 -0.228957 0)
(1.16656 -0.221984 0)
(1.14271 -0.173466 0)
(1.12446 -0.104131 0)
(1.09681 -0.0576471 0)
(1.08236 -0.0288729 0)
(1.07299 -0.013451 0)
(1.06877 -0.00577118 0)
(1.06665 -0.00225412 0)
(1.06582 -0.000767929 0)
(1.06547 -0.000195843 0)
(1.06536 -6.30217e-06 0)
(1.06533 3.99047e-05 0)
(1.06532 3.91263e-05 0)
(1.06533 2.79455e-05 0)
(1.06533 1.75366e-05 0)
(1.06534 1.04886e-05 0)
(1.06534 6.18338e-06 0)
(1.06534 3.80713e-06 0)
(1.06534 2.28368e-06 0)
(1.06534 1.12328e-06 0)
(1.06534 6.30234e-08 0)
(1.06534 -9.22395e-07 0)
(1.06534 -1.62732e-06 0)
(1.06534 -2.17189e-06 0)
(1.06534 -2.31067e-06 0)
(1.06534 -2.12081e-06 0)
(1.06534 -1.42938e-06 0)
(1.06534 -4.58553e-08 0)
(1.06534 1.67378e-06 0)
(1.06534 3.55976e-06 0)
(1.06534 5.2705e-06 0)
(1.06534 6.62021e-06 0)
(1.06535 7.57978e-06 0)
(1.06535 7.9976e-06 0)
(1.06536 7.83941e-06 0)
(1.06536 7.01066e-06 0)
(1.06537 5.78144e-06 0)
(1.06537 4.45585e-06 0)
(1.06538 3.01188e-06 0)
(1.06538 1.47798e-06 0)
(1.06538 -7.08884e-08 0)
(1.06538 -1.46595e-06 0)
(1.06538 -2.59124e-06 0)
(1.06538 -3.3285e-06 0)
(1.06537 -3.87239e-06 0)
(1.06537 -4.43555e-06 0)
(1.06537 -4.99226e-06 0)
(1.06536 -5.4563e-06 0)
(1.06536 -5.77396e-06 0)
(1.06535 -6.1375e-06 0)
(1.06535 -6.61215e-06 0)
(1.06534 -7.32773e-06 0)
(1.06534 -7.83853e-06 0)
(1.06533 -7.82975e-06 0)
(1.06533 -7.32892e-06 0)
(1.06532 -6.43173e-06 0)
(1.06532 -5.37984e-06 0)
(1.06531 -3.97703e-06 0)
(1.06531 -1.91321e-06 0)
(1.06531 9.20132e-07 0)
(1.06531 4.08436e-06 0)
(1.06532 7.00612e-06 0)
(1.06532 9.33772e-06 0)
(1.06533 1.11838e-05 0)
(1.06534 1.27015e-05 0)
(1.06535 1.37125e-05 0)
(1.06536 1.3728e-05 0)
(1.06537 1.234e-05 0)
(1.06538 9.54798e-06 0)
(1.06538 5.72469e-06 0)
(1.06538 1.32489e-06 0)
(1.06538 -3.34043e-06 0)
(1.06538 -8.01975e-06 0)
(1.06537 -1.23085e-05 0)
(1.06536 -1.55465e-05 0)
(1.06535 -1.70067e-05 0)
(1.06534 -1.6256e-05 0)
(1.06533 -1.34283e-05 0)
(1.06532 -9.16678e-06 0)
(1.06532 -4.25667e-06 0)
(1.06532 7.06686e-07 0)
(1.06532 5.29625e-06 0)
(1.06532 8.90973e-06 0)
(1.06533 1.05649e-05 0)
(1.06533 9.29811e-06 0)
(1.06534 4.95773e-06 0)
(1.06534 -1.16445e-06 0)
(1.06534 -6.75619e-06 0)
(1.06533 -9.52332e-06 0)
(1.06533 -8.57301e-06 0)
(1.06532 -4.49412e-06 0)
(1.06532 1.09145e-06 0)
(1.06532 7.04075e-06 0)
(1.06533 1.28396e-05 0)
(1.06534 1.87534e-05 0)
(1.06536 2.38929e-05 0)
(1.06538 2.75715e-05 0)
(1.0654 2.47811e-05 0)
(1.06543 2.73679e-05 0)
(1.07624 -0.260631 0)
(1.15745 -0.225635 0)
(1.09849 -0.166338 0)
(1.06288 -0.0959695 0)
(1.02514 -0.0516752 0)
(1.0064 -0.0253682 0)
(0.995196 -0.0116088 0)
(0.990302 -0.0048953 0)
(0.987957 -0.00186815 0)
(0.987078 -0.000612546 0)
(0.986729 -0.000139519 0)
(0.986635 1.05871e-05 0)
(0.986614 4.29198e-05 0)
(0.986621 3.81174e-05 0)
(0.98663 2.63397e-05 0)
(0.986638 1.62377e-05 0)
(0.986643 9.6084e-06 0)
(0.986647 5.60474e-06 0)
(0.986649 3.41114e-06 0)
(0.98665 2.02612e-06 0)
(0.986651 9.84388e-07 0)
(0.986651 5.2729e-08 0)
(0.986651 -8.03772e-07 0)
(0.98665 -1.39917e-06 0)
(0.986649 -1.8651e-06 0)
(0.986648 -1.98124e-06 0)
(0.986646 -1.81712e-06 0)
(0.986645 -1.24427e-06 0)
(0.986645 -6.24238e-08 0)
(0.986645 1.39887e-06 0)
(0.986647 2.98906e-06 0)
(0.98665 4.43057e-06 0)
(0.986654 5.5494e-06 0)
(0.986659 6.34434e-06 0)
(0.986664 6.67834e-06 0)
(0.986669 6.52724e-06 0)
(0.986674 5.80526e-06 0)
(0.986679 4.75051e-06 0)
(0.986683 3.64199e-06 0)
(0.986685 2.43957e-06 0)
(0.986687 1.16214e-06 0)
(0.986688 -1.30859e-07 0)
(0.986687 -1.28771e-06 0)
(0.986686 -2.21474e-06 0)
(0.986684 -2.79908e-06 0)
(0.986682 -3.2192e-06 0)
(0.986679 -3.67278e-06 0)
(0.986676 -4.12155e-06 0)
(0.986672 -4.49216e-06 0)
(0.986668 -4.72556e-06 0)
(0.986664 -4.99707e-06 0)
(0.986659 -5.37601e-06 0)
(0.986654 -5.99028e-06 0)
(0.986649 -6.42816e-06 0)
(0.986643 -6.41536e-06 0)
(0.986638 -5.98692e-06 0)
(0.986632 -5.24569e-06 0)
(0.986628 -4.41471e-06 0)
(0.986625 -3.30263e-06 0)
(0.986623 -1.61283e-06 0)
(0.986622 7.56845e-07 0)
(0.986624 3.39873e-06 0)
(0.986628 5.80297e-06 0)
(0.986634 7.68642e-06 0)
(0.986641 9.18221e-06 0)
(0.98665 1.0452e-05 0)
(0.986659 1.13325e-05 0)
(0.986668 1.13767e-05 0)
(0.986678 1.02247e-05 0)
(0.986685 7.89353e-06 0)
(0.986691 4.72003e-06 0)
(0.986693 1.08662e-06 0)
(0.986692 -2.77186e-06 0)
(0.986689 -6.66858e-06 0)
(0.986682 -1.02606e-05 0)
(0.986672 -1.2967e-05 0)
(0.986661 -1.41583e-05 0)
(0.986649 -1.34835e-05 0)
(0.986639 -1.10894e-05 0)
(0.986631 -7.53864e-06 0)
(0.986626 -3.47366e-06 0)
(0.986625 6.49684e-07 0)
(0.986627 4.5028e-06 0)
(0.986631 7.56524e-06 0)
(0.986638 8.96018e-06 0)
(0.986644 7.83887e-06 0)
(0.986649 4.08155e-06 0)
(0.986651 -1.15913e-06 0)
(0.986649 -5.87908e-06 0)
(0.986644 -8.12333e-06 0)
(0.986637 -7.20458e-06 0)
(0.986633 -3.69127e-06 0)
(0.986631 9.66959e-07 0)
(0.986634 5.83313e-06 0)
(0.986641 1.04912e-05 0)
(0.986653 1.5292e-05 0)
(0.986667 1.93596e-05 0)
(0.986689 2.22939e-05 0)
(0.986706 1.91277e-05 0)
(0.986737 2.20851e-05 0)
(1.07279 -0.291146 0)
(1.13411 -0.221714 0)
(1.03625 -0.152756 0)
(0.984551 -0.0844044 0)
(0.938566 -0.0440964 0)
(0.9168 -0.0212035 0)
(0.904478 -0.0095174 0)
(0.899269 -0.003939 0)
(0.896867 -0.00146288 0)
(0.896006 -0.000457322 0)
(0.895688 -8.76516e-05 0)
(0.895617 2.33015e-05 0)
(0.895611 4.30032e-05 0)
(0.895627 3.52693e-05 0)
(0.895642 2.3656e-05 0)
(0.895652 1.43335e-05 0)
(0.895659 8.39181e-06 0)
(0.895663 4.8463e-06 0)
(0.895666 2.91742e-06 0)
(0.895667 1.71794e-06 0)
(0.895668 8.2776e-07 0)
(0.895669 4.55087e-08 0)
(0.895668 -6.69329e-07 0)
(0.895668 -1.15017e-06 0)
(0.895666 -1.53303e-06 0)
(0.895665 -1.62828e-06 0)
(0.895663 -1.49065e-06 0)
(0.895662 -1.03827e-06 0)
(0.895662 -7.14507e-08 0)
(0.895662 1.12041e-06 0)
(0.895664 2.40536e-06 0)
(0.895667 3.57088e-06 0)
(0.895671 4.46028e-06 0)
(0.895676 5.09353e-06 0)
(0.895681 5.35044e-06 0)
(0.895686 5.2159e-06 0)
(0.895691 4.61447e-06 0)
(0.895695 3.74634e-06 0)
(0.895699 2.85788e-06 0)
(0.895701 1.89756e-06 0)
(0.895703 8.76565e-07 0)
(0.895704 -1.60582e-07 0)
(0.895703 -1.08108e-06 0)
(0.895702 -1.81433e-06 0)
(0.8957 -2.25618e-06 0)
(0.895697 -2.56517e-06 0)
(0.895695 -2.91684e-06 0)
(0.895692 -3.26385e-06 0)
(0.895688 -3.54943e-06 0)
(0.895684 -3.71088e-06 0)
(0.89568 -3.90328e-06 0)
(0.895676 -4.19392e-06 0)
(0.895671 -4.70257e-06 0)
(0.895666 -5.06295e-06 0)
(0.89566 -5.04825e-06 0)
(0.895655 -4.69666e-06 0)
(0.895651 -4.10899e-06 0)
(0.895647 -3.482e-06 0)
(0.895643 -2.63789e-06 0)
(0.895641 -1.3087e-06 0)
(0.895641 5.96308e-07 0)
(0.895643 2.71458e-06 0)
(0.895646 4.61352e-06 0)
(0.895652 6.07187e-06 0)
(0.895659 7.23441e-06 0)
(0.895667 8.25518e-06 0)
(0.895676 8.99176e-06 0)
(0.895685 9.0544e-06 0)
(0.895694 8.13937e-06 0)
(0.895702 6.27339e-06 0)
(0.895707 3.74586e-06 0)
(0.895709 8.64718e-07 0)
(0.895708 -2.20103e-06 0)
(0.895705 -5.31875e-06 0)
(0.895698 -8.20907e-06 0)
(0.895688 -1.03835e-05 0)
(0.895677 -1.13203e-05 0)
(0.895666 -1.07454e-05 0)
(0.895656 -8.80219e-06 0)
(0.895648 -5.96068e-06 0)
(0.895644 -2.72644e-06 0)
(0.895643 5.66047e-07 0)
(0.895645 3.67443e-06 0)
(0.895649 6.1678e-06 0)
(0.895656 7.29878e-06 0)
(0.895663 6.35258e-06 0)
(0.895668 3.23604e-06 0)
(0.895669 -1.06864e-06 0)
(0.895666 -4.89868e-06 0)
(0.895661 -6.65107e-06 0)
(0.895655 -5.82192e-06 0)
(0.89565 -2.92266e-06 0)
(0.895649 8.04234e-07 0)
(0.895652 4.62845e-06 0)
(0.895658 8.2204e-06 0)
(0.895669 1.19784e-05 0)
(0.895683 1.50743e-05 0)
(0.895703 1.73647e-05 0)
(0.895719 1.41661e-05 0)
(0.895745 1.73862e-05 0)
(1.05706 -0.317393 0)
(1.09045 -0.208651 0)
(0.952418 -0.132697 0)
(0.887652 -0.0699809 0)
(0.836181 -0.0353759 0)
(0.812973 -0.0166591 0)
(0.800369 -0.00732219 0)
(0.79522 -0.00297011 0)
(0.792926 -0.00106768 0)
(0.792147 -0.000313934 0)
(0.79188 -4.44375e-05 0)
(0.791839 3.059e-05 0)
(0.791849 3.99368e-05 0)
(0.791874 3.06667e-05 0)
(0.791893 2.00227e-05 0)
(0.791906 1.19296e-05 0)
(0.791914 6.911e-06 0)
(0.791918 3.95293e-06 0)
(0.791921 2.35505e-06 0)
(0.791923 1.37562e-06 0)
(0.791924 6.59843e-07 0)
(0.791924 4.02623e-08 0)
(0.791924 -5.26126e-07 0)
(0.791923 -8.92134e-07 0)
(0.791922 -1.19027e-06 0)
(0.791921 -1.26619e-06 0)
(0.791919 -1.15528e-06 0)
(0.791918 -8.19799e-07 0)
(0.791917 -7.22766e-08 0)
(0.791918 8.48697e-07 0)
(0.79192 1.83075e-06 0)
(0.791922 2.72368e-06 0)
(0.791926 3.39291e-06 0)
(0.791931 3.87244e-06 0)
(0.791936 4.0604e-06 0)
(0.791941 3.94983e-06 0)
(0.791945 3.47715e-06 0)
(0.791949 2.80044e-06 0)
(0.791953 2.12678e-06 0)
(0.791955 1.40043e-06 0)
(0.791956 6.27072e-07 0)
(0.791957 -1.62463e-07 0)
(0.791956 -8.56245e-07 0)
(0.791955 -1.40641e-06 0)
(0.791953 -1.72064e-06 0)
(0.791951 -1.93414e-06 0)
(0.791948 -2.19376e-06 0)
(0.791945 -2.44766e-06 0)
(0.791942 -2.65822e-06 0)
(0.791938 -2.76128e-06 0)
(0.791935 -2.88878e-06 0)
(0.791931 -3.10002e-06 0)
(0.791926 -3.50097e-06 0)
(0.791922 -3.78181e-06 0)
(0.791917 -3.76759e-06 0)
(0.791912 -3.49458e-06 0)
(0.791907 -3.05283e-06 0)
(0.791904 -2.60685e-06 0)
(0.791901 -2.00115e-06 0)
(0.791899 -1.00955e-06 0)
(0.791898 4.43885e-07 0)
(0.7919 2.05443e-06 0)
(0.791904 3.4764e-06 0)
(0.791909 4.54503e-06 0)
(0.791915 5.40021e-06 0)
(0.791923 6.17799e-06 0)
(0.791931 6.76209e-06 0)
(0.79194 6.83298e-06 0)
(0.791948 6.14765e-06 0)
(0.791955 4.73496e-06 0)
(0.79196 2.82789e-06 0)
(0.791962 6.61345e-07 0)
(0.791961 -1.64971e-06 0)
(0.791958 -4.01616e-06 0)
(0.791951 -6.22247e-06 0)
(0.791943 -7.88129e-06 0)
(0.791932 -8.5834e-06 0)
(0.791921 -8.12522e-06 0)
(0.791912 -6.63266e-06 0)
(0.791905 -4.47612e-06 0)
(0.791901 -2.03372e-06 0)
(0.7919 4.61604e-07 0)
(0.791902 2.84048e-06 0)
(0.791906 4.76604e-06 0)
(0.791913 5.63772e-06 0)
(0.791919 4.88712e-06 0)
(0.791924 2.44253e-06 0)
(0.791925 -9.06742e-07 0)
(0.791922 -3.85781e-06 0)
(0.791917 -5.16065e-06 0)
(0.791911 -4.46864e-06 0)
(0.791906 -2.20586e-06 0)
(0.791905 6.17542e-07 0)
(0.791908 3.46997e-06 0)
(0.791914 6.09486e-06 0)
(0.791924 8.9007e-06 0)
(0.791937 1.11366e-05 0)
(0.791955 1.28831e-05 0)
(0.791969 9.95341e-06 0)
(0.79199 1.32871e-05 0)
(1.02078 -0.33474 0)
(1.01859 -0.18516 0)
(0.843513 -0.106768 0)
(0.770818 -0.0536055 0)
(0.717565 -0.0261291 0)
(0.694738 -0.0120604 0)
(0.682737 -0.00517856 0)
(0.678017 -0.00205607 0)
(0.67598 -0.000709765 0)
(0.675335 -0.00019221 0)
(0.675136 -1.28862e-05 0)
(0.675126 3.18995e-05 0)
(0.675151 3.38858e-05 0)
(0.675183 2.46006e-05 0)
(0.675204 1.56757e-05 0)
(0.675219 9.1859e-06 0)
(0.675227 5.26613e-06 0)
(0.675232 2.98376e-06 0)
(0.675235 1.76031e-06 0)
(0.675237 1.01994e-06 0)
(0.675238 4.88862e-07 0)
(0.675238 3.56511e-08 0)
(0.675238 -3.82706e-07 0)
(0.675237 -6.3933e-07 0)
(0.675236 -8.54694e-07 0)
(0.675234 -9.12794e-07 0)
(0.675233 -8.27975e-07 0)
(0.675232 -6.00076e-07 0)
(0.675231 -6.5198e-08 0)
(0.675232 5.95367e-07 0)
(0.675233 1.29042e-06 0)
(0.675236 1.92567e-06 0)
(0.675239 2.3922e-06 0)
(0.675243 2.73097e-06 0)
(0.675248 2.8593e-06 0)
(0.675252 2.77718e-06 0)
(0.675257 2.43409e-06 0)
(0.67526 1.94435e-06 0)
(0.675263 1.47116e-06 0)
(0.675265 9.61472e-07 0)
(0.675266 4.17588e-07 0)
(0.675267 -1.41621e-07 0)
(0.675266 -6.26658e-07 0)
(0.675265 -1.01078e-06 0)
(0.675263 -1.21601e-06 0)
(0.675261 -1.35151e-06 0)
(0.675259 -1.53077e-06 0)
(0.675256 -1.70241e-06 0)
(0.675253 -1.84919e-06 0)
(0.67525 -1.90782e-06 0)
(0.675247 -1.98491e-06 0)
(0.675243 -2.12714e-06 0)
(0.67524 -2.42203e-06 0)
(0.675235 -2.62476e-06 0)
(0.675231 -2.61317e-06 0)
(0.675227 -2.41685e-06 0)
(0.675223 -2.10801e-06 0)
(0.67522 -1.81519e-06 0)
(0.675217 -1.41291e-06 0)
(0.675215 -7.25793e-07 0)
(0.675215 3.05467e-07 0)
(0.675216 1.44321e-06 0)
(0.67522 2.43275e-06 0)
(0.675224 3.15849e-06 0)
(0.67523 3.74111e-06 0)
(0.675236 4.29073e-06 0)
(0.675244 4.72082e-06 0)
(0.675252 4.78997e-06 0)
(0.675259 4.31727e-06 0)
(0.675265 3.3273e-06 0)
(0.67527 1.99198e-06 0)
(0.675272 4.77896e-07 0)
(0.675271 -1.14187e-06 0)
(0.675268 -2.81149e-06 0)
(0.675262 -4.37703e-06 0)
(0.675254 -5.55473e-06 0)
(0.675245 -6.0471e-06 0)
(0.675235 -5.71259e-06 0)
(0.675226 -4.65014e-06 0)
(0.67522 -3.12936e-06 0)
(0.675216 -1.41364e-06 0)
(0.675215 3.45366e-07 0)
(0.675217 2.03719e-06 0)
(0.675222 3.41891e-06 0)
(0.675228 4.04536e-06 0)
(0.675234 3.49817e-06 0)
(0.675238 1.72205e-06 0)
(0.675239 -6.96282e-07 0)
(0.675236 -2.81263e-06 0)
(0.675231 -3.71746e-06 0)
(0.675225 -3.19368e-06 0)
(0.675222 -1.55769e-06 0)
(0.67522 4.25614e-07 0)
(0.675223 2.40586e-06 0)
(0.675228 4.18522e-06 0)
(0.675237 6.14759e-06 0)
(0.675248 7.64507e-06 0)
(0.675264 8.93987e-06 0)
(0.675276 6.51073e-06 0)
(0.675293 9.76859e-06 0)
(0.951332 -0.336538 0)
(0.908629 -0.150577 0)
(0.706604 -0.0764832 0)
(0.633343 -0.0365624 0)
(0.582852 -0.0170978 0)
(0.562341 -0.00775623 0)
(0.551823 -0.0032406 0)
(0.547861 -0.00125827 0)
(0.546205 -0.000411772 0)
(0.545726 -9.90618e-05 0)
(0.545601 5.60902e-06 0)
(0.54562 2.75477e-05 0)
(0.545656 2.54595e-05 0)
(0.545691 1.75893e-05 0)
(0.545714 1.09646e-05 0)
(0.545728 6.31813e-06 0)
(0.545736 3.58529e-06 0)
(0.545741 2.01202e-06 0)
(0.545744 1.1763e-06 0)
(0.545745 6.75662e-07 0)
(0.545746 3.24772e-07 0)
(0.545747 2.9755e-08 0)
(0.545746 -2.48744e-07 0)
(0.545746 -4.0743e-07 0)
(0.545745 -5.46691e-07 0)
(0.545743 -5.87918e-07 0)
(0.545742 -5.27869e-07 0)
(0.545741 -3.92731e-07 0)
(0.545741 -5.16124e-08 0)
(0.545741 3.72125e-07 0)
(0.545742 8.1035e-07 0)
(0.545745 1.21516e-06 0)
(0.545747 1.50508e-06 0)
(0.545751 1.72086e-06 0)
(0.545755 1.79975e-06 0)
(0.545759 1.74691e-06 0)
(0.545762 1.52561e-06 0)
(0.545765 1.20811e-06 0)
(0.545767 9.11706e-07 0)
(0.545769 5.91888e-07 0)
(0.54577 2.49646e-07 0)
(0.54577 -1.05431e-07 0)
(0.54577 -4.0817e-07 0)
(0.545769 -6.4926e-07 0)
(0.545767 -7.67181e-07 0)
(0.545765 -8.43185e-07 0)
(0.545764 -9.55081e-07 0)
(0.545761 -1.05788e-06 0)
(0.545759 -1.15246e-06 0)
(0.545756 -1.18001e-06 0)
(0.545754 -1.22063e-06 0)
(0.545751 -1.30568e-06 0)
(0.545748 -1.50056e-06 0)
(0.545744 -1.63078e-06 0)
(0.545741 -1.62363e-06 0)
(0.545737 -1.49785e-06 0)
(0.545734 -1.30372e-06 0)
(0.545731 -1.13298e-06 0)
(0.545729 -8.94996e-07 0)
(0.545728 -4.69053e-07 0)
(0.545727 1.8684e-07 0)
(0.545728 9.06323e-07 0)
(0.545731 1.52327e-06 0)
(0.545735 1.96288e-06 0)
(0.54574 2.31623e-06 0)
(0.545745 2.66275e-06 0)
(0.545751 2.94638e-06 0)
(0.545758 3.00489e-06 0)
(0.545764 2.71682e-06 0)
(0.54577 2.09874e-06 0)
(0.545773 1.26285e-06 0)
(0.545775 3.15401e-07 0)
(0.545774 -7.01617e-07 0)
(0.545772 -1.75671e-06 0)
(0.545767 -2.75178e-06 0)
(0.54576 -3.50187e-06 0)
(0.545752 -3.81398e-06 0)
(0.545744 -3.59909e-06 0)
(0.545737 -2.92393e-06 0)
(0.545731 -1.96333e-06 0)
(0.545728 -8.83036e-07 0)
(0.545727 2.27548e-07 0)
(0.545729 1.30458e-06 0)
(0.545733 2.19302e-06 0)
(0.545738 2.59835e-06 0)
(0.545743 2.24595e-06 0)
(0.545747 1.09482e-06 0)
(0.545748 -4.65878e-07 0)
(0.545745 -1.82863e-06 0)
(0.545741 -2.39638e-06 0)
(0.545736 -2.0507e-06 0)
(0.545732 -9.93992e-07 0)
(0.545732 2.49738e-07 0)
(0.545734 1.48405e-06 0)
(0.545738 2.55968e-06 0)
(0.545746 3.80445e-06 0)
(0.545754 4.69314e-06 0)
(0.545767 5.61063e-06 0)
(0.545777 3.82309e-06 0)
(0.54579 6.77319e-06 0)
(0.829406 -0.31204 0)
(0.748246 -0.10583 0)
(0.539848 -0.0449459 0)
(0.475362 -0.0205837 0)
(0.43278 -0.00914545 0)
(0.416468 -0.00410325 0)
(0.40824 -0.00165364 0)
(0.405297 -0.000627891 0)
(0.404105 -0.000189813 0)
(0.403806 -3.74702e-05 0)
(0.403749 1.17407e-05 0)
(0.403787 1.89563e-05 0)
(0.403828 1.58174e-05 0)
(0.403862 1.04216e-05 0)
(0.403883 6.36477e-06 0)
(0.403895 3.60271e-06 0)
(0.403903 2.02196e-06 0)
(0.403907 1.12332e-06 0)
(0.403909 6.52784e-07 0)
(0.40391 3.7155e-07 0)
(0.403911 1.80342e-07 0)
(0.403911 2.5325e-08 0)
(0.403911 -1.33477e-07 0)
(0.403911 -2.15769e-07 0)
(0.40391 -2.86071e-07 0)
(0.403909 -3.16186e-07 0)
(0.403908 -2.76796e-07 0)
(0.403907 -2.11427e-07 0)
(0.403907 -3.43245e-08 0)
(0.403907 1.93411e-07 0)
(0.403908 4.21003e-07 0)
(0.40391 6.3465e-07 0)
(0.403912 7.79771e-07 0)
(0.403915 8.96144e-07 0)
(0.403918 9.37859e-07 0)
(0.403921 9.11364e-07 0)
(0.403923 7.9374e-07 0)
(0.403925 6.20765e-07 0)
(0.403927 4.67831e-07 0)
(0.403928 3.04759e-07 0)
(0.403929 1.27998e-07 0)
(0.403929 -6.26193e-08 0)
(0.403929 -2.18357e-07 0)
(0.403928 -3.46081e-07 0)
(0.403927 -3.99078e-07 0)
(0.403925 -4.31029e-07 0)
(0.403924 -4.90904e-07 0)
(0.403922 -5.37681e-07 0)
(0.40392 -5.93794e-07 0)
(0.403919 -6.04302e-07 0)
(0.403917 -6.18264e-07 0)
(0.403914 -6.58504e-07 0)
(0.403912 -7.70791e-07 0)
(0.40391 -8.39712e-07 0)
(0.403907 -8.34844e-07 0)
(0.403904 -7.67985e-07 0)
(0.403902 -6.65568e-07 0)
(0.4039 -5.84368e-07 0)
(0.403898 -4.71211e-07 0)
(0.403897 -2.54191e-07 0)
(0.403897 9.35606e-08 0)
(0.403898 4.71381e-07 0)
(0.4039 7.9101e-07 0)
(0.403903 1.01124e-06 0)
(0.403906 1.18829e-06 0)
(0.40391 1.36839e-06 0)
(0.403915 1.52185e-06 0)
(0.40392 1.55994e-06 0)
(0.403925 1.41637e-06 0)
(0.403929 1.1002e-06 0)
(0.403932 6.69594e-07 0)
(0.403933 1.78738e-07 0)
(0.403933 -3.52269e-07 0)
(0.403931 -9.06748e-07 0)
(0.403927 -1.43164e-06 0)
(0.403922 -1.8277e-06 0)
(0.403915 -1.99232e-06 0)
(0.403909 -1.87973e-06 0)
(0.403904 -1.52602e-06 0)
(0.4039 -1.02403e-06 0)
(0.403897 -4.5969e-07 0)
(0.403897 1.22977e-07 0)
(0.403898 6.92624e-07 0)
(0.403901 1.16728e-06 0)
(0.403905 1.38593e-06 0)
(0.403909 1.20018e-06 0)
(0.403912 5.82325e-07 0)
(0.403913 -2.52648e-07 0)
(0.403911 -9.83466e-07 0)
(0.403907 -1.28045e-06 0)
(0.403903 -1.09559e-06 0)
(0.4039 -5.2948e-07 0)
(0.4039 1.1348e-07 0)
(0.403901 7.53894e-07 0)
(0.403905 1.28536e-06 0)
(0.40391 1.95317e-06 0)
(0.403917 2.37466e-06 0)
(0.403926 2.96501e-06 0)
(0.403933 1.86357e-06 0)
(0.403943 4.22408e-06 0)
(0.624301 -0.240971 0)
(0.522018 -0.0565132 0)
(0.343329 -0.0181051 0)
(0.29805 -0.00807148 0)
(0.268728 -0.00331911 0)
(0.258232 -0.00149331 0)
(0.252963 -0.000565867 0)
(0.251203 -0.000209961 0)
(0.250514 -5.41114e-05 0)
(0.250379 -6.05373e-06 0)
(0.250373 8.9385e-06 0)
(0.250415 9.17611e-06 0)
(0.25045 7.01328e-06 0)
(0.250477 4.3852e-06 0)
(0.250493 2.6305e-06 0)
(0.250502 1.4532e-06 0)
(0.250507 8.10308e-07 0)
(0.25051 4.4509e-07 0)
(0.250512 2.56696e-07 0)
(0.250513 1.45043e-07 0)
(0.250513 7.18042e-08 0)
(0.250513 1.15983e-08 0)
(0.250513 -5.12563e-08 0)
(0.250513 -7.51599e-08 0)
(0.250512 -1.05435e-07 0)
(0.250512 -1.16253e-07 0)
(0.250511 -9.82079e-08 0)
(0.250511 -8.24931e-08 0)
(0.25051 -1.68338e-08 0)
(0.250511 6.67316e-08 0)
(0.250511 1.45856e-07 0)
(0.250512 2.25814e-07 0)
(0.250514 2.78175e-07 0)
(0.250515 3.22077e-07 0)
(0.250517 3.36938e-07 0)
(0.250519 3.28746e-07 0)
(0.250521 2.86487e-07 0)
(0.250522 2.20685e-07 0)
(0.250523 1.66821e-07 0)
(0.250524 1.07242e-07 0)
(0.250525 4.33267e-08 0)
(0.250525 -2.31489e-08 0)
(0.250524 -7.82267e-08 0)
(0.250524 -1.26373e-07 0)
(0.250523 -1.428e-07 0)
(0.250522 -1.53723e-07 0)
(0.250521 -1.74731e-07 0)
(0.25052 -1.90943e-07 0)
(0.250519 -2.15064e-07 0)
(0.250518 -2.14633e-07 0)
(0.250517 -2.17728e-07 0)
(0.250515 -2.30947e-07 0)
(0.250514 -2.71489e-07 0)
(0.250512 -2.95879e-07 0)
(0.250511 -2.98837e-07 0)
(0.250509 -2.75093e-07 0)
(0.250508 -2.35204e-07 0)
(0.250506 -2.08793e-07 0)
(0.250505 -1.71812e-07 0)
(0.250504 -9.53056e-08 0)
(0.250504 3.13655e-08 0)
(0.250505 1.67246e-07 0)
(0.250506 2.81868e-07 0)
(0.250508 3.5637e-07 0)
(0.25051 4.16242e-07 0)
(0.250513 4.82495e-07 0)
(0.250516 5.4387e-07 0)
(0.250519 5.63314e-07 0)
(0.250522 5.13739e-07 0)
(0.250524 3.99501e-07 0)
(0.250526 2.44533e-07 0)
(0.250527 6.99391e-08 0)
(0.250527 -1.18703e-07 0)
(0.250526 -3.18273e-07 0)
(0.250523 -5.1074e-07 0)
(0.25052 -6.58356e-07 0)
(0.250516 -7.20559e-07 0)
(0.250512 -6.79627e-07 0)
(0.250508 -5.50426e-07 0)
(0.250506 -3.68964e-07 0)
(0.250504 -1.668e-07 0)
(0.250504 4.2056e-08 0)
(0.250505 2.4906e-07 0)
(0.250507 4.27003e-07 0)
(0.250509 5.14066e-07 0)
(0.250512 4.52641e-07 0)
(0.250514 2.24612e-07 0)
(0.250515 -8.75507e-08 0)
(0.250513 -3.66765e-07 0)
(0.250511 -4.80105e-07 0)
(0.250508 -4.17105e-07 0)
(0.250506 -2.04996e-07 0)
(0.250506 2.62359e-08 0)
(0.250507 2.62259e-07 0)
(0.250509 4.38568e-07 0)
(0.250512 6.96491e-07 0)
(0.250516 8.15145e-07 0)
(0.250522 1.11354e-06 0)
(0.250527 6.17818e-07 0)
(0.250534 2.09372e-06 0)
(0.283951 -0.0951161 0)
(0.210045 -0.0158124 0)
(0.120474 -0.00340164 0)
(0.103862 -0.00151283 0)
(0.0927276 -0.000538451 0)
(0.089133 -0.000249188 0)
(0.087294 -8.21368e-05 0)
(0.086749 -2.93996e-05 0)
(0.086545 -4.25419e-06 0)
(0.086527 1.31696e-06 0)
(0.0865401 2.9635e-06 0)
(0.0865643 2.23383e-06 0)
(0.0865812 1.56925e-06 0)
(0.086593 9.06773e-07 0)
(0.0865997 5.25352e-07 0)
(0.0866037 2.81433e-07 0)
(0.0866058 1.50569e-07 0)
(0.0866069 8.12506e-08 0)
(0.0866076 4.72409e-08 0)
(0.0866079 2.54884e-08 0)
(0.0866081 1.45191e-08 0)
(0.0866082 9.18319e-09 0)
(0.0866082 -8.66955e-09 0)
(0.086608 -1.57898e-08 0)
(0.0866078 -1.52653e-08 0)
(0.0866076 -2.49982e-08 0)
(0.0866074 -1.68982e-08 0)
(0.0866072 -1.34189e-08 0)
(0.0866071 -6.36021e-09 0)
(0.0866071 1.20977e-08 0)
(0.0866073 2.53369e-08 0)
(0.0866077 3.76587e-08 0)
(0.0866082 4.10093e-08 0)
(0.0866088 5.04993e-08 0)
(0.0866094 5.47843e-08 0)
(0.0866101 5.46405e-08 0)
(0.0866107 4.73907e-08 0)
(0.0866112 3.31336e-08 0)
(0.0866116 2.4717e-08 0)
(0.0866118 1.9187e-08 0)
(0.086612 1.07921e-08 0)
(0.086612 -5.1289e-09 0)
(0.0866119 -1.35919e-08 0)
(0.0866117 -2.38293e-08 0)
(0.0866114 -2.38169e-08 0)
(0.0866112 -2.13964e-08 0)
(0.0866109 -2.64726e-08 0)
(0.0866105 -2.39309e-08 0)
(0.0866101 -3.31178e-08 0)
(0.0866097 -3.46996e-08 0)
(0.0866093 -3.06908e-08 0)
(0.0866089 -3.09916e-08 0)
(0.0866084 -4.52347e-08 0)
(0.0866078 -4.94067e-08 0)
(0.0866072 -4.72066e-08 0)
(0.0866066 -4.2729e-08 0)
(0.0866061 -3.53189e-08 0)
(0.0866057 -3.23205e-08 0)
(0.0866053 -3.08029e-08 0)
(0.086605 -2.06956e-08 0)
(0.0866049 2.47128e-09 0)
(0.0866051 2.58908e-08 0)
(0.0866056 4.52306e-08 0)
(0.0866062 5.77226e-08 0)
(0.0866069 6.81019e-08 0)
(0.0866078 7.85352e-08 0)
(0.0866089 8.69565e-08 0)
(0.08661 8.8829e-08 0)
(0.0866111 8.13443e-08 0)
(0.086612 6.59074e-08 0)
(0.0866126 4.39501e-08 0)
(0.0866129 1.6099e-08 0)
(0.0866129 -1.70695e-08 0)
(0.0866125 -5.25326e-08 0)
(0.0866116 -8.50798e-08 0)
(0.0866105 -1.08595e-07 0)
(0.0866091 -1.18112e-07 0)
(0.0866076 -1.12137e-07 0)
(0.0866064 -9.21718e-08 0)
(0.0866054 -6.30191e-08 0)
(0.0866049 -2.92589e-08 0)
(0.0866048 7.01623e-09 0)
(0.0866051 4.39435e-08 0)
(0.0866058 7.55713e-08 0)
(0.0866068 9.04308e-08 0)
(0.0866078 7.94572e-08 0)
(0.0866086 3.87624e-08 0)
(0.0866087 -1.5407e-08 0)
(0.0866082 -6.44963e-08 0)
(0.0866073 -8.253e-08 0)
(0.0866063 -7.16699e-08 0)
(0.0866057 -3.41034e-08 0)
(0.0866055 1.53271e-09 0)
(0.0866058 4.0187e-08 0)
(0.0866064 6.21694e-08 0)
(0.0866076 1.1154e-07 0)
(0.086609 1.192e-07 0)
(0.0866111 2.0342e-07 0)
(0.0866125 7.75763e-08 0)
(0.0866163 5.59336e-07 0)
)
;

boundaryField
{
    inlet
    {
        type            fixedValue;
        value           uniform (1 0 0);
    }
    outlet
    {
        type            zeroGradient;
    }
    upperWall
    {
        type            noSlip;
    }
    lowerWall
    {
        type            noSlip;
    }
    frontAndBack
    {
        type            empty;
    }
}


// ************************************************************************* //
