/*--------------------------------*- C++ -*----------------------------------*\
| =========                 |                                                 |
| \\      /  F ield         | OpenFOAM: The Open Source CFD Toolbox           |
|  \\    /   O peration     | Version:  5.x                                   |
|   \\  /    A nd           | Web:      www.OpenFOAM.org                      |
|    \\/     M anipulation  |                                                 |
\*---------------------------------------------------------------------------*/
FoamFile
{
    version     2.0;
    format      ascii;
    class       volScalarField;
    location    "0.1";
    object      p;
}
// * * * * * * * * * * * * * * * * * * * * * * * * * * * * * * * * * * * * * //

dimensions      [0 2 -2 0 0 0 0];

internalField   nonuniform List<scalar> 
1000
(
4.83025
4.28936
4.4082
4.21167
4.12314
4.03574
3.94535
3.85459
3.76388
3.67319
3.58249
3.49179
3.4011
3.3104
3.21971
3.12901
3.03832
2.94762
2.85692
2.76623
2.67553
2.58483
2.49414
2.40344
2.31275
2.22205
2.13136
2.04066
1.94996
1.85927
1.76857
1.67788
1.58718
1.49648
1.40579
1.31509
1.2244
1.1337
1.043
0.952309
0.861613
0.770918
0.680222
0.589526
0.498829
0.408133
0.317437
0.226741
0.136045
0.0453477
4.74662
4.28561
4.40999
4.2117
4.12292
4.03587
3.94538
3.85459
3.76388
3.67319
3.58249
3.49179
3.4011
3.3104
3.21971
3.12901
3.03832
2.94762
2.85692
2.76623
2.67553
2.58483
2.49414
2.40344
2.31275
2.22205
2.13136
2.04066
1.94996
1.85927
1.76857
1.67788
1.58718
1.49648
1.40579
1.31509
1.2244
1.1337
1.043
0.952309
0.861613
0.770918
0.680222
0.589526
0.498829
0.408133
0.317437
0.226741
0.136046
0.0453478
4.70617
4.28569
4.41118
4.21163
4.12272
4.03594
3.9454
3.85459
3.76388
3.67319
3.58249
3.49179
3.4011
3.3104
3.21971
3.12901
3.03832
2.94762
2.85692
2.76623
2.67553
2.58483
2.49414
2.40344
2.31275
2.22205
2.13136
2.04066
1.94996
1.85927
1.76857
1.67788
1.58718
1.49648
1.40579
1.31509
1.2244
1.1337
1.043
0.952309
0.861613
0.770918
0.680222
0.589526
0.498829
0.408133
0.317436
0.226741
0.136046
0.0453478
4.66946
4.28346
4.41126
4.21142
4.12253
4.03597
3.94541
3.85459
3.76388
3.67319
3.58249
3.49179
3.4011
3.3104
3.21971
3.12901
3.03832
2.94762
2.85692
2.76623
2.67553
2.58483
2.49414
2.40344
2.31275
2.22205
2.13136
2.04066
1.94996
1.85927
1.76857
1.67788
1.58718
1.49648
1.40579
1.31509
1.2244
1.1337
1.043
0.952309
0.861613
0.770917
0.680222
0.589526
0.498829
0.408133
0.317436
0.226741
0.136046
0.0453478
4.63916
4.28063
4.41071
4.2111
4.12235
4.03597
3.94542
3.85459
3.76388
3.67319
3.58249
3.49179
3.4011
3.3104
3.21971
3.12901
3.03832
2.94762
2.85692
2.76623
2.67553
2.58483
2.49414
2.40344
2.31275
2.22205
2.13136
2.04066
1.94996
1.85927
1.76857
1.67788
1.58718
1.49648
1.40579
1.31509
1.2244
1.1337
1.043
0.952309
0.861613
0.770917
0.680222
0.589526
0.498829
0.408133
0.317436
0.226742
0.136046
0.0453478
4.61525
4.27767
4.40981
4.21072
4.12218
4.03596
3.94542
3.85459
3.76388
3.67319
3.58249
3.49179
3.4011
3.3104
3.21971
3.12901
3.03832
2.94762
2.85692
2.76623
2.67553
2.58483
2.49414
2.40344
2.31275
2.22205
2.13136
2.04066
1.94996
1.85927
1.76857
1.67788
1.58718
1.49648
1.40579
1.31509
1.2244
1.1337
1.043
0.952309
0.861613
0.770917
0.680222
0.589526
0.498829
0.408133
0.317436
0.226742
0.136046
0.0453478
4.59688
4.2749
4.40881
4.21033
4.12203
4.03594
3.94541
3.85459
3.76388
3.67319
3.58249
3.49179
3.4011
3.3104
3.21971
3.12901
3.03832
2.94762
2.85692
2.76623
2.67553
2.58483
2.49414
2.40344
2.31275
2.22205
2.13136
2.04066
1.94996
1.85927
1.76857
1.67788
1.58718
1.49648
1.40579
1.31509
1.2244
1.1337
1.043
0.952309
0.861613
0.770917
0.680222
0.589526
0.498829
0.408133
0.317436
0.226742
0.136046
0.0453477
4.5835
4.27259
4.4079
4.21
4.1219
4.03591
3.94541
3.85459
3.76388
3.67319
3.58249
3.49179
3.4011
3.3104
3.21971
3.12901
3.03832
2.94762
2.85692
2.76623
2.67553
2.58483
2.49414
2.40344
2.31275
2.22205
2.13136
2.04066
1.94996
1.85927
1.76857
1.67788
1.58718
1.49648
1.40579
1.31509
1.2244
1.1337
1.043
0.952309
0.861613
0.770917
0.680222
0.589526
0.498829
0.408133
0.317436
0.226742
0.136046
0.0453477
4.57478
4.27096
4.40723
4.20976
4.12181
4.03589
3.94541
3.85458
3.76388
3.67319
3.58249
3.49179
3.4011
3.3104
3.21971
3.12901
3.03832
2.94762
2.85692
2.76623
2.67553
2.58483
2.49414
2.40344
2.31275
2.22205
2.13136
2.04066
1.94996
1.85927
1.76857
1.67788
1.58718
1.49648
1.40579
1.31509
1.2244
1.1337
1.043
0.952309
0.861613
0.770917
0.680222
0.589526
0.498829
0.408133
0.317436
0.226742
0.136046
0.0453477
4.57047
4.27011
4.40687
4.20963
4.12177
4.03588
3.9454
3.85458
3.76388
3.67319
3.58249
3.49179
3.4011
3.3104
3.21971
3.12901
3.03832
2.94762
2.85692
2.76623
2.67553
2.58483
2.49414
2.40344
2.31275
2.22205
2.13136
2.04066
1.94996
1.85927
1.76857
1.67788
1.58718
1.49648
1.40579
1.31509
1.2244
1.1337
1.043
0.952309
0.861613
0.770917
0.680222
0.589526
0.498829
0.408133
0.317436
0.226742
0.136046
0.0453476
4.57047
4.27011
4.40687
4.20963
4.12177
4.03588
3.9454
3.85458
3.76388
3.67319
3.58249
3.49179
3.4011
3.3104
3.21971
3.12901
3.03832
2.94762
2.85692
2.76623
2.67553
2.58483
2.49414
2.40344
2.31275
2.22205
2.13136
2.04066
1.94996
1.85927
1.76857
1.67788
1.58718
1.49648
1.40579
1.31509
1.2244
1.1337
1.043
0.952309
0.861613
0.770917
0.680222
0.589526
0.498829
0.408133
0.317436
0.226742
0.136046
0.0453476
4.57478
4.27096
4.40723
4.20976
4.12181
4.03589
3.94541
3.85458
3.76388
3.67319
3.58249
3.49179
3.4011
3.3104
3.21971
3.12901
3.03832
2.94762
2.85692
2.76623
2.67553
2.58483
2.49414
2.40344
2.31275
2.22205
2.13136
2.04066
1.94996
1.85927
1.76857
1.67788
1.58718
1.49648
1.40579
1.31509
1.2244
1.1337
1.043
0.952309
0.861613
0.770917
0.680222
0.589526
0.498829
0.408133
0.317437
0.226742
0.136046
0.0453475
4.5835
4.27259
4.4079
4.21
4.1219
4.03591
3.94541
3.85459
3.76388
3.67319
3.58249
3.49179
3.4011
3.3104
3.21971
3.12901
3.03832
2.94762
2.85692
2.76623
2.67553
2.58483
2.49414
2.40344
2.31275
2.22205
2.13136
2.04066
1.94996
1.85927
1.76857
1.67788
1.58718
1.49648
1.40579
1.31509
1.2244
1.1337
1.043
0.952309
0.861613
0.770917
0.680222
0.589526
0.498829
0.408133
0.317437
0.226742
0.136046
0.0453475
4.59688
4.2749
4.40881
4.21033
4.12203
4.03594
3.94541
3.85459
3.76388
3.67319
3.58249
3.49179
3.4011
3.3104
3.21971
3.12901
3.03832
2.94762
2.85692
2.76623
2.67553
2.58484
2.49414
2.40344
2.31275
2.22205
2.13136
2.04066
1.94996
1.85927
1.76857
1.67788
1.58718
1.49648
1.40579
1.31509
1.2244
1.1337
1.043
0.952309
0.861613
0.770917
0.680222
0.589526
0.498829
0.408133
0.317437
0.226742
0.136046
0.0453475
4.61525
4.27767
4.40981
4.21072
4.12218
4.03596
3.94542
3.85459
3.76388
3.67319
3.58249
3.49179
3.4011
3.3104
3.21971
3.12901
3.03832
2.94762
2.85692
2.76623
2.67553
2.58484
2.49414
2.40344
2.31275
2.22205
2.13136
2.04066
1.94996
1.85927
1.76857
1.67788
1.58718
1.49648
1.40579
1.31509
1.2244
1.1337
1.043
0.952309
0.861613
0.770917
0.680222
0.589526
0.498829
0.408133
0.317437
0.226742
0.136046
0.0453474
4.63916
4.28063
4.41071
4.2111
4.12235
4.03597
3.94542
3.85459
3.76388
3.67319
3.58249
3.49179
3.4011
3.3104
3.21971
3.12901
3.03832
2.94762
2.85692
2.76623
2.67553
2.58484
2.49414
2.40344
2.31275
2.22205
2.13136
2.04066
1.94996
1.85927
1.76857
1.67788
1.58718
1.49648
1.40579
1.31509
1.2244
1.1337
1.043
0.952309
0.861613
0.770917
0.680222
0.589526
0.498829
0.408133
0.317437
0.226742
0.136046
0.0453474
4.66946
4.28346
4.41126
4.21142
4.12253
4.03597
3.94541
3.85459
3.76388
3.67319
3.58249
3.49179
3.4011
3.3104
3.21971
3.12901
3.03832
2.94762
2.85692
2.76623
2.67553
2.58484
2.49414
2.40344
2.31275
2.22205
2.13136
2.04066
1.94996
1.85927
1.76857
1.67788
1.58718
1.49648
1.40579
1.31509
1.2244
1.1337
1.043
0.952309
0.861613
0.770917
0.680222
0.589526
0.498829
0.408133
0.317437
0.226742
0.136046
0.0453474
4.70617
4.28569
4.41118
4.21163
4.12272
4.03594
3.9454
3.85459
3.76388
3.67319
3.58249
3.49179
3.4011
3.3104
3.21971
3.12901
3.03832
2.94762
2.85692
2.76623
2.67553
2.58483
2.49414
2.40344
2.31275
2.22205
2.13136
2.04066
1.94996
1.85927
1.76857
1.67788
1.58718
1.49648
1.40579
1.31509
1.2244
1.1337
1.043
0.952309
0.861613
0.770917
0.680222
0.589526
0.498829
0.408133
0.317437
0.226742
0.136046
0.0453474
4.74662
4.28561
4.40999
4.2117
4.12292
4.03587
3.94538
3.85459
3.76388
3.67319
3.58249
3.49179
3.4011
3.3104
3.21971
3.12901
3.03832
2.94762
2.85692
2.76623
2.67553
2.58483
2.49414
2.40344
2.31275
2.22205
2.13136
2.04066
1.94996
1.85927
1.76857
1.67788
1.58718
1.49648
1.40579
1.31509
1.2244
1.1337
1.043
0.952309
0.861613
0.770917
0.680222
0.589526
0.498829
0.408133
0.317437
0.226742
0.136046
0.0453473
4.83025
4.28936
4.4082
4.21167
4.12314
4.03574
3.94535
3.85459
3.76388
3.67319
3.58249
3.49179
3.4011
3.3104
3.21971
3.12901
3.03832
2.94762
2.85692
2.76623
2.67553
2.58483
2.49414
2.40344
2.31275
2.22205
2.13136
2.04066
1.94996
1.85927
1.76857
1.67788
1.58718
1.49648
1.40579
1.31509
1.2244
1.1337
1.043
0.952309
0.861613
0.770917
0.680221
0.589526
0.498829
0.408133
0.317437
0.226742
0.136046
0.0453472
)
;

boundaryField
{
    inlet
    {
        type            zeroGradient;
    }
    outlet
    {
        type            fixedValue;
        value           uniform 0;
    }
    upperWall
    {
        type            zeroGradient;
    }
    lowerWall
    {
        type            zeroGradient;
    }
    frontAndBack
    {
        type            empty;
    }
}


// ************************************************************************* //
