/*--------------------------------*- C++ -*----------------------------------*\
| =========                 |                                                 |
| \\      /  F ield         | OpenFOAM: The Open Source CFD Toolbox           |
|  \\    /   O peration     | Version:  5.x                                   |
|   \\  /    A nd           | Web:      www.OpenFOAM.org                      |
|    \\/     M anipulation  |                                                 |
\*---------------------------------------------------------------------------*/
FoamFile
{
    version     2.0;
    format      ascii;
    class       volScalarField;
    location    "0.04";
    object      p;
}
// * * * * * * * * * * * * * * * * * * * * * * * * * * * * * * * * * * * * * //

dimensions      [0 2 -2 0 0 0 0];

internalField   nonuniform List<scalar> 
1000
(
13.7639
11.8897
11.7251
11.4376
11.2082
10.962
10.7185
10.4724
10.2263
9.97989
9.7335
9.48709
9.24067
8.99425
8.74783
8.50142
8.255
8.00858
7.76216
7.51574
7.26932
7.02291
6.77649
6.53007
6.28366
6.03724
5.79082
5.5444
5.29798
5.05157
4.80515
4.55873
4.31231
4.06589
3.81948
3.57306
3.32664
3.08022
2.83381
2.58739
2.34097
2.09455
1.84813
1.60172
1.3553
1.10888
0.862463
0.616042
0.36963
0.123204
13.4468
11.9336
11.7487
11.4439
11.2102
10.9624
10.7185
10.4723
10.2263
9.97988
9.7335
9.48708
9.24067
8.99425
8.74783
8.50142
8.255
8.00858
7.76216
7.51574
7.26932
7.02291
6.77649
6.53007
6.28366
6.03724
5.79082
5.5444
5.29798
5.05157
4.80515
4.55873
4.31231
4.06589
3.81948
3.57306
3.32664
3.08022
2.83381
2.58739
2.34097
2.09455
1.84813
1.60172
1.3553
1.10888
0.862463
0.616042
0.36963
0.123205
13.1641
11.9563
11.7637
11.4485
11.2121
10.9628
10.7187
10.4723
10.2263
9.97988
9.7335
9.48708
9.24067
8.99425
8.74783
8.50142
8.255
8.00858
7.76216
7.51574
7.26932
7.02291
6.77649
6.53007
6.28366
6.03724
5.79082
5.5444
5.29798
5.05157
4.80515
4.55873
4.31231
4.06589
3.81948
3.57306
3.32664
3.08022
2.83381
2.58739
2.34097
2.09455
1.84813
1.60172
1.3553
1.10888
0.862463
0.616042
0.36963
0.123205
12.9466
11.9679
11.7706
11.452
11.2137
10.9633
10.7188
10.4724
10.2263
9.97988
9.7335
9.48708
9.24067
8.99425
8.74783
8.50142
8.255
8.00858
7.76216
7.51574
7.26932
7.02291
6.77649
6.53007
6.28366
6.03724
5.79082
5.5444
5.29798
5.05157
4.80515
4.55873
4.31231
4.06589
3.81948
3.57306
3.32664
3.08022
2.83381
2.58739
2.34097
2.09455
1.84813
1.60172
1.3553
1.10888
0.862463
0.616042
0.369631
0.123206
12.7752
11.9764
11.7743
11.4553
11.2154
10.9639
10.719
10.4724
10.2263
9.97988
9.7335
9.48708
9.24067
8.99425
8.74783
8.50142
8.255
8.00858
7.76216
7.51574
7.26932
7.02291
6.77649
6.53007
6.28366
6.03724
5.79082
5.5444
5.29798
5.05157
4.80515
4.55873
4.31231
4.06589
3.81948
3.57306
3.32664
3.08022
2.83381
2.58739
2.34097
2.09455
1.84813
1.60172
1.3553
1.10888
0.862463
0.616042
0.369631
0.123206
12.6398
11.9831
11.777
11.4587
11.2171
10.9645
10.7193
10.4725
10.2263
9.97989
9.7335
9.48708
9.24067
8.99425
8.74783
8.50142
8.255
8.00858
7.76216
7.51574
7.26932
7.02291
6.77649
6.53007
6.28366
6.03724
5.79082
5.5444
5.29798
5.05157
4.80515
4.55873
4.31231
4.06589
3.81948
3.57306
3.32664
3.08022
2.83381
2.58739
2.34097
2.09455
1.84813
1.60172
1.3553
1.10888
0.862463
0.616042
0.369631
0.123207
12.5365
11.9881
11.7792
11.4622
11.2188
10.9652
10.7195
10.4726
10.2263
9.97989
9.7335
9.48708
9.24067
8.99425
8.74783
8.50142
8.255
8.00858
7.76216
7.51574
7.26932
7.02291
6.77649
6.53007
6.28366
6.03724
5.79082
5.5444
5.29798
5.05157
4.80515
4.55873
4.31231
4.06589
3.81948
3.57306
3.32664
3.08022
2.83381
2.58739
2.34097
2.09455
1.84813
1.60172
1.3553
1.10888
0.862463
0.616042
0.369631
0.123207
12.4621
11.9915
11.7809
11.4652
11.2203
10.9658
10.7198
10.4727
10.2264
9.9799
9.7335
9.48708
9.24067
8.99425
8.74783
8.50142
8.255
8.00858
7.76216
7.51574
7.26932
7.02291
6.77649
6.53007
6.28365
6.03724
5.79082
5.5444
5.29798
5.05157
4.80515
4.55873
4.31231
4.06589
3.81948
3.57306
3.32664
3.08022
2.83381
2.58739
2.34097
2.09455
1.84813
1.60172
1.3553
1.10888
0.862463
0.616042
0.369631
0.123208
12.4139
11.9936
11.7821
11.4674
11.2215
10.9663
10.7199
10.4727
10.2264
9.9799
9.7335
9.48708
9.24067
8.99425
8.74783
8.50142
8.255
8.00858
7.76216
7.51574
7.26932
7.02291
6.77649
6.53007
6.28365
6.03724
5.79082
5.5444
5.29798
5.05157
4.80515
4.55873
4.31231
4.06589
3.81948
3.57306
3.32664
3.08022
2.83381
2.58739
2.34097
2.09455
1.84813
1.60172
1.3553
1.10888
0.862463
0.616042
0.369631
0.123208
12.3903
11.9946
11.7827
11.4686
11.2221
10.9665
10.72
10.4727
10.2264
9.9799
9.7335
9.48708
9.24067
8.99425
8.74783
8.50141
8.255
8.00858
7.76216
7.51574
7.26932
7.02291
6.77649
6.53007
6.28365
6.03724
5.79082
5.5444
5.29798
5.05157
4.80515
4.55873
4.31231
4.06589
3.81948
3.57306
3.32664
3.08022
2.83381
2.58739
2.34097
2.09455
1.84813
1.60172
1.3553
1.10888
0.862463
0.616042
0.369631
0.123208
12.3903
11.9946
11.7827
11.4686
11.2221
10.9665
10.72
10.4727
10.2264
9.9799
9.7335
9.48708
9.24067
8.99425
8.74783
8.50141
8.255
8.00858
7.76216
7.51574
7.26932
7.02291
6.77649
6.53007
6.28365
6.03724
5.79082
5.5444
5.29798
5.05157
4.80515
4.55873
4.31231
4.06589
3.81948
3.57306
3.32664
3.08022
2.83381
2.58739
2.34097
2.09455
1.84813
1.60172
1.3553
1.10888
0.862463
0.616042
0.369631
0.123208
12.414
11.9936
11.7821
11.4674
11.2215
10.9663
10.7199
10.4727
10.2264
9.9799
9.7335
9.48708
9.24067
8.99425
8.74783
8.50141
8.255
8.00858
7.76216
7.51574
7.26932
7.02291
6.77649
6.53007
6.28365
6.03724
5.79082
5.5444
5.29798
5.05157
4.80515
4.55873
4.31231
4.06589
3.81948
3.57306
3.32664
3.08022
2.83381
2.58739
2.34097
2.09455
1.84813
1.60172
1.3553
1.10888
0.862463
0.616042
0.369631
0.123208
12.4621
11.9915
11.7809
11.4652
11.2203
10.9658
10.7198
10.4727
10.2264
9.9799
9.7335
9.48708
9.24067
8.99425
8.74783
8.50141
8.255
8.00858
7.76216
7.51574
7.26932
7.02291
6.77649
6.53007
6.28365
6.03724
5.79082
5.5444
5.29798
5.05157
4.80515
4.55873
4.31231
4.06589
3.81948
3.57306
3.32664
3.08022
2.83381
2.58739
2.34097
2.09455
1.84813
1.60172
1.3553
1.10888
0.862463
0.616042
0.369631
0.123207
12.5365
11.9881
11.7792
11.4622
11.2188
10.9652
10.7195
10.4726
10.2263
9.97989
9.7335
9.48708
9.24067
8.99425
8.74783
8.50141
8.255
8.00858
7.76216
7.51574
7.26932
7.02291
6.77649
6.53007
6.28365
6.03724
5.79082
5.5444
5.29798
5.05157
4.80515
4.55873
4.31231
4.06589
3.81948
3.57306
3.32664
3.08022
2.83381
2.58739
2.34097
2.09455
1.84813
1.60172
1.3553
1.10888
0.862463
0.616042
0.369631
0.123207
12.6398
11.9831
11.777
11.4587
11.2171
10.9645
10.7193
10.4725
10.2263
9.97989
9.7335
9.48708
9.24067
8.99425
8.74783
8.50141
8.255
8.00858
7.76216
7.51574
7.26932
7.02291
6.77649
6.53007
6.28365
6.03724
5.79082
5.5444
5.29798
5.05157
4.80515
4.55873
4.31231
4.06589
3.81948
3.57306
3.32664
3.08022
2.83381
2.58739
2.34097
2.09455
1.84813
1.60172
1.3553
1.10888
0.862463
0.616042
0.369631
0.123206
12.7752
11.9764
11.7743
11.4553
11.2154
10.9639
10.7191
10.4724
10.2263
9.97989
9.7335
9.48708
9.24067
8.99425
8.74783
8.50141
8.255
8.00858
7.76216
7.51574
7.26932
7.02291
6.77649
6.53007
6.28365
6.03724
5.79082
5.5444
5.29798
5.05157
4.80515
4.55873
4.31231
4.06589
3.81948
3.57306
3.32664
3.08022
2.83381
2.58739
2.34097
2.09455
1.84813
1.60172
1.3553
1.10888
0.862463
0.616042
0.369631
0.123205
12.9466
11.9679
11.7706
11.452
11.2137
10.9633
10.7188
10.4724
10.2263
9.97988
9.7335
9.48708
9.24067
8.99425
8.74783
8.50141
8.255
8.00858
7.76216
7.51574
7.26932
7.02291
6.77649
6.53007
6.28365
6.03724
5.79082
5.5444
5.29798
5.05157
4.80515
4.55873
4.31231
4.06589
3.81948
3.57306
3.32664
3.08022
2.83381
2.58739
2.34097
2.09455
1.84813
1.60172
1.3553
1.10888
0.862463
0.616042
0.369631
0.123205
13.1641
11.9563
11.7637
11.4485
11.2121
10.9628
10.7187
10.4724
10.2263
9.97988
9.7335
9.48708
9.24067
8.99425
8.74783
8.50141
8.255
8.00858
7.76216
7.51574
7.26932
7.02291
6.77649
6.53007
6.28365
6.03724
5.79082
5.5444
5.29798
5.05157
4.80515
4.55873
4.31231
4.06589
3.81948
3.57306
3.32664
3.08022
2.83381
2.58739
2.34097
2.09455
1.84813
1.60172
1.3553
1.10888
0.862463
0.616042
0.36963
0.123204
13.4468
11.9336
11.7487
11.4439
11.2102
10.9624
10.7185
10.4723
10.2263
9.97989
9.7335
9.48708
9.24067
8.99425
8.74783
8.50141
8.255
8.00858
7.76216
7.51574
7.26932
7.02291
6.77649
6.53007
6.28365
6.03724
5.79082
5.5444
5.29798
5.05157
4.80515
4.55873
4.31231
4.06589
3.81948
3.57306
3.32664
3.08022
2.83381
2.58739
2.34097
2.09455
1.84813
1.60172
1.3553
1.10888
0.862463
0.616042
0.36963
0.123203
13.7639
11.8897
11.7251
11.4376
11.2082
10.962
10.7185
10.4724
10.2263
9.97989
9.7335
9.48709
9.24067
8.99425
8.74783
8.50141
8.255
8.00858
7.76216
7.51574
7.26932
7.02291
6.77649
6.53007
6.28365
6.03724
5.79082
5.5444
5.29798
5.05157
4.80515
4.55873
4.31231
4.06589
3.81948
3.57306
3.32664
3.08022
2.83381
2.58739
2.34097
2.09455
1.84813
1.60172
1.3553
1.10888
0.862463
0.616042
0.369629
0.123202
)
;

boundaryField
{
    inlet
    {
        type            zeroGradient;
    }
    outlet
    {
        type            fixedValue;
        value           uniform 0;
    }
    upperWall
    {
        type            zeroGradient;
    }
    lowerWall
    {
        type            zeroGradient;
    }
    frontAndBack
    {
        type            empty;
    }
}


// ************************************************************************* //
