/*--------------------------------*- C++ -*----------------------------------*\
| =========                 |                                                 |
| \\      /  F ield         | OpenFOAM: The Open Source CFD Toolbox           |
|  \\    /   O peration     | Version:  5.x                                   |
|   \\  /    A nd           | Web:      www.OpenFOAM.org                      |
|    \\/     M anipulation  |                                                 |
\*---------------------------------------------------------------------------*/
FoamFile
{
    version     2.0;
    format      ascii;
    class       volScalarField;
    location    "0.1";
    object      p;
}
// * * * * * * * * * * * * * * * * * * * * * * * * * * * * * * * * * * * * * //

dimensions      [0 2 -2 0 0 0 0];

internalField   nonuniform List<scalar> 
4000
(
4.7023
4.08453
4.12456
4.04298
4.00074
3.96101
3.91906
3.87707
3.83521
3.79335
3.75147
3.70957
3.66767
3.62577
3.58386
3.54194
3.50003
3.45812
3.4162
3.37428
3.33237
3.29045
3.24853
3.20662
3.1647
3.12278
3.08087
3.03895
2.99704
2.95512
2.9132
2.87129
2.82937
2.78745
2.74554
2.70362
2.6617
2.61979
2.57787
2.53595
2.49404
2.45212
2.41021
2.36829
2.32637
2.28446
2.24254
2.20062
2.15871
2.11679
2.07487
2.03296
1.99104
1.94912
1.90721
1.86529
1.82337
1.78146
1.73954
1.69762
1.65571
1.61379
1.57187
1.52996
1.48804
1.44612
1.40421
1.36229
1.32038
1.27846
1.23654
1.19463
1.15271
1.11079
1.06888
1.02696
0.985042
0.943127
0.901211
0.859293
0.817375
0.775459
0.733543
0.691628
0.649711
0.607793
0.565876
0.523961
0.482046
0.44013
0.398212
0.356294
0.314377
0.272462
0.230545
0.188631
0.146709
0.104796
0.0628809
0.0209541
4.58928
4.09162
4.12926
4.04431
4.00131
3.96136
3.91919
3.87714
3.83525
3.79337
3.75148
3.70958
3.66768
3.62577
3.58386
3.54195
3.50003
3.45812
3.4162
3.37428
3.33237
3.29045
3.24853
3.20662
3.1647
3.12278
3.08087
3.03895
2.99704
2.95512
2.9132
2.87129
2.82937
2.78745
2.74554
2.70362
2.6617
2.61979
2.57787
2.53595
2.49404
2.45212
2.41021
2.36829
2.32637
2.28446
2.24254
2.20062
2.15871
2.11679
2.07487
2.03296
1.99104
1.94912
1.90721
1.86529
1.82337
1.78146
1.73954
1.69762
1.65571
1.61379
1.57187
1.52996
1.48804
1.44612
1.40421
1.36229
1.32038
1.27846
1.23654
1.19463
1.15271
1.11079
1.06888
1.02696
0.985042
0.943127
0.901211
0.859293
0.817375
0.775459
0.733543
0.691628
0.649711
0.607793
0.565876
0.523961
0.482046
0.440129
0.398212
0.356294
0.314378
0.272462
0.230545
0.188631
0.146709
0.104796
0.0628816
0.0209546
4.51124
4.09823
4.13303
4.04551
4.00173
3.9617
3.91933
3.8772
3.83528
3.79339
3.75149
3.70958
3.66768
3.62577
3.58386
3.54195
3.50003
3.45812
3.4162
3.37428
3.33237
3.29045
3.24853
3.20662
3.1647
3.12278
3.08087
3.03895
2.99704
2.95512
2.9132
2.87129
2.82937
2.78745
2.74554
2.70362
2.6617
2.61979
2.57787
2.53595
2.49404
2.45212
2.41021
2.36829
2.32637
2.28446
2.24254
2.20062
2.15871
2.11679
2.07487
2.03296
1.99104
1.94912
1.90721
1.86529
1.82337
1.78146
1.73954
1.69762
1.65571
1.61379
1.57187
1.52996
1.48804
1.44612
1.40421
1.36229
1.32038
1.27846
1.23654
1.19463
1.15271
1.11079
1.06888
1.02696
0.985042
0.943127
0.901211
0.859293
0.817375
0.775459
0.733544
0.691628
0.649711
0.607793
0.565876
0.523961
0.482046
0.440129
0.398212
0.356294
0.314378
0.272462
0.230545
0.188631
0.146709
0.104796
0.0628819
0.0209548
4.4535
4.10325
4.13617
4.04674
4.00217
3.96206
3.91948
3.87727
3.83532
3.79341
3.7515
3.70959
3.66768
3.62577
3.58386
3.54195
3.50003
3.45812
3.4162
3.37428
3.33237
3.29045
3.24853
3.20662
3.1647
3.12278
3.08087
3.03895
2.99704
2.95512
2.9132
2.87129
2.82937
2.78745
2.74554
2.70362
2.6617
2.61979
2.57787
2.53595
2.49404
2.45212
2.41021
2.36829
2.32637
2.28446
2.24254
2.20062
2.15871
2.11679
2.07487
2.03296
1.99104
1.94912
1.90721
1.86529
1.82337
1.78146
1.73954
1.69762
1.65571
1.61379
1.57187
1.52996
1.48804
1.44612
1.40421
1.36229
1.32038
1.27846
1.23654
1.19463
1.15271
1.11079
1.06888
1.02696
0.985043
0.943127
0.901211
0.859293
0.817375
0.775459
0.733544
0.691628
0.649711
0.607793
0.565876
0.523961
0.482046
0.440129
0.398212
0.356294
0.314378
0.272462
0.230545
0.188631
0.146709
0.104796
0.0628821
0.0209548
4.40515
4.10549
4.13812
4.04769
4.00257
3.96239
3.91963
3.87734
3.83537
3.79343
3.75151
3.7096
3.66769
3.62578
3.58386
3.54195
3.50003
3.45812
3.4162
3.37428
3.33237
3.29045
3.24853
3.20662
3.1647
3.12279
3.08087
3.03895
2.99704
2.95512
2.9132
2.87129
2.82937
2.78745
2.74554
2.70362
2.6617
2.61979
2.57787
2.53595
2.49404
2.45212
2.4102
2.36829
2.32637
2.28446
2.24254
2.20062
2.15871
2.11679
2.07487
2.03296
1.99104
1.94912
1.90721
1.86529
1.82337
1.78146
1.73954
1.69762
1.65571
1.61379
1.57187
1.52996
1.48804
1.44612
1.40421
1.36229
1.32038
1.27846
1.23654
1.19463
1.15271
1.11079
1.06888
1.02696
0.985043
0.943127
0.901211
0.859293
0.817375
0.775459
0.733544
0.691628
0.64971
0.607793
0.565876
0.523961
0.482046
0.440129
0.398212
0.356294
0.314378
0.272462
0.230545
0.188631
0.146709
0.104796
0.0628823
0.0209549
4.36381
4.10506
4.13866
4.04818
4.00287
3.96266
3.91977
3.87741
3.83541
3.79346
3.75153
3.70961
3.66769
3.62578
3.58386
3.54195
3.50003
3.45812
3.4162
3.37428
3.33237
3.29045
3.24853
3.20662
3.1647
3.12279
3.08087
3.03895
2.99704
2.95512
2.9132
2.87129
2.82937
2.78745
2.74554
2.70362
2.6617
2.61979
2.57787
2.53595
2.49404
2.45212
2.4102
2.36829
2.32637
2.28446
2.24254
2.20062
2.15871
2.11679
2.07487
2.03296
1.99104
1.94912
1.90721
1.86529
1.82337
1.78146
1.73954
1.69762
1.65571
1.61379
1.57187
1.52996
1.48804
1.44612
1.40421
1.36229
1.32038
1.27846
1.23654
1.19463
1.15271
1.11079
1.06888
1.02696
0.985043
0.943127
0.90121
0.859293
0.817375
0.775459
0.733544
0.691628
0.64971
0.607793
0.565876
0.523961
0.482046
0.440129
0.398212
0.356294
0.314378
0.272462
0.230545
0.188631
0.146709
0.104796
0.0628824
0.020955
4.32866
4.10268
4.138
4.04818
4.00301
3.96284
3.91987
3.87747
3.83544
3.79348
3.75154
3.70962
3.6677
3.62578
3.58386
3.54195
3.50003
3.45812
3.4162
3.37428
3.33237
3.29045
3.24853
3.20662
3.1647
3.12279
3.08087
3.03895
2.99704
2.95512
2.9132
2.87129
2.82937
2.78745
2.74554
2.70362
2.6617
2.61979
2.57787
2.53595
2.49404
2.45212
2.4102
2.36829
2.32637
2.28446
2.24254
2.20062
2.15871
2.11679
2.07487
2.03296
1.99104
1.94912
1.90721
1.86529
1.82337
1.78146
1.73954
1.69762
1.65571
1.61379
1.57187
1.52996
1.48804
1.44612
1.40421
1.36229
1.32037
1.27846
1.23654
1.19463
1.15271
1.11079
1.06888
1.02696
0.985043
0.943127
0.90121
0.859293
0.817375
0.775459
0.733544
0.691628
0.64971
0.607793
0.565876
0.523961
0.482046
0.440129
0.398211
0.356294
0.314378
0.272462
0.230545
0.188631
0.146709
0.104796
0.0628825
0.020955
4.29887
4.09903
4.13647
4.04778
4.003
3.96293
3.91994
3.87751
3.83547
3.7935
3.75155
3.70962
3.6677
3.62578
3.58387
3.54195
3.50003
3.45812
3.4162
3.37428
3.33237
3.29045
3.24853
3.20662
3.1647
3.12279
3.08087
3.03895
2.99704
2.95512
2.9132
2.87129
2.82937
2.78745
2.74554
2.70362
2.6617
2.61979
2.57787
2.53595
2.49404
2.45212
2.4102
2.36829
2.32637
2.28446
2.24254
2.20062
2.15871
2.11679
2.07487
2.03296
1.99104
1.94912
1.90721
1.86529
1.82337
1.78146
1.73954
1.69762
1.65571
1.61379
1.57187
1.52996
1.48804
1.44612
1.40421
1.36229
1.32037
1.27846
1.23654
1.19463
1.15271
1.11079
1.06888
1.02696
0.985043
0.943127
0.90121
0.859293
0.817375
0.775459
0.733544
0.691628
0.64971
0.607793
0.565877
0.523961
0.482046
0.440129
0.398211
0.356294
0.314378
0.272462
0.230545
0.188631
0.146709
0.104796
0.0628826
0.020955
4.27362
4.09459
4.13435
4.04706
4.00285
3.96295
3.91997
3.87754
3.8355
3.79351
3.75156
3.70963
3.66771
3.62579
3.58387
3.54195
3.50003
3.45812
3.4162
3.37428
3.33237
3.29045
3.24853
3.20662
3.1647
3.12279
3.08087
3.03895
2.99704
2.95512
2.9132
2.87129
2.82937
2.78745
2.74554
2.70362
2.6617
2.61979
2.57787
2.53595
2.49404
2.45212
2.4102
2.36829
2.32637
2.28446
2.24254
2.20062
2.15871
2.11679
2.07487
2.03296
1.99104
1.94912
1.9072
1.86529
1.82337
1.78146
1.73954
1.69762
1.65571
1.61379
1.57187
1.52996
1.48804
1.44612
1.40421
1.36229
1.32037
1.27846
1.23654
1.19463
1.15271
1.11079
1.06888
1.02696
0.985043
0.943127
0.90121
0.859293
0.817376
0.77546
0.733544
0.691628
0.64971
0.607793
0.565877
0.523961
0.482045
0.440129
0.398211
0.356294
0.314378
0.272463
0.230545
0.188631
0.146709
0.104796
0.0628827
0.0209551
4.25224
4.08977
4.13188
4.04612
4.00259
3.96291
3.91998
3.87756
3.83551
3.79353
3.75157
3.70964
3.66771
3.62579
3.58387
3.54195
3.50003
3.45812
3.4162
3.37428
3.33237
3.29045
3.24853
3.20662
3.1647
3.12279
3.08087
3.03895
2.99704
2.95512
2.9132
2.87129
2.82937
2.78745
2.74554
2.70362
2.6617
2.61979
2.57787
2.53595
2.49404
2.45212
2.4102
2.36829
2.32637
2.28446
2.24254
2.20062
2.15871
2.11679
2.07487
2.03296
1.99104
1.94912
1.9072
1.86529
1.82337
1.78146
1.73954
1.69762
1.65571
1.61379
1.57187
1.52996
1.48804
1.44612
1.40421
1.36229
1.32037
1.27846
1.23654
1.19463
1.15271
1.11079
1.06888
1.02696
0.985043
0.943127
0.90121
0.859293
0.817376
0.77546
0.733544
0.691627
0.64971
0.607793
0.565877
0.523961
0.482045
0.440129
0.398211
0.356294
0.314378
0.272463
0.230545
0.188631
0.146709
0.104796
0.0628828
0.0209551
4.23418
4.08485
4.12924
4.04503
4.00224
3.96281
3.91996
3.87756
3.83552
3.79354
3.75158
3.70964
3.66771
3.62579
3.58387
3.54195
3.50003
3.45812
3.4162
3.37428
3.33237
3.29045
3.24853
3.20662
3.1647
3.12279
3.08087
3.03895
2.99704
2.95512
2.9132
2.87129
2.82937
2.78745
2.74554
2.70362
2.6617
2.61979
2.57787
2.53595
2.49404
2.45212
2.4102
2.36829
2.32637
2.28446
2.24254
2.20062
2.15871
2.11679
2.07487
2.03296
1.99104
1.94912
1.9072
1.86529
1.82337
1.78146
1.73954
1.69762
1.65571
1.61379
1.57187
1.52996
1.48804
1.44612
1.40421
1.36229
1.32037
1.27846
1.23654
1.19463
1.15271
1.11079
1.06888
1.02696
0.985043
0.943127
0.90121
0.859293
0.817376
0.77546
0.733544
0.691627
0.64971
0.607793
0.565877
0.523961
0.482045
0.440128
0.398211
0.356294
0.314378
0.272463
0.230545
0.188631
0.146709
0.104796
0.0628829
0.0209551
4.21898
4.08005
4.12657
4.04386
4.00183
3.96268
3.91993
3.87756
3.83553
3.79355
3.75158
3.70965
3.66772
3.62579
3.58387
3.54195
3.50004
3.45812
3.4162
3.37428
3.33237
3.29045
3.24853
3.20662
3.1647
3.12279
3.08087
3.03895
2.99704
2.95512
2.9132
2.87129
2.82937
2.78745
2.74554
2.70362
2.6617
2.61979
2.57787
2.53595
2.49404
2.45212
2.4102
2.36829
2.32637
2.28445
2.24254
2.20062
2.15871
2.11679
2.07487
2.03296
1.99104
1.94912
1.9072
1.86529
1.82337
1.78146
1.73954
1.69762
1.65571
1.61379
1.57187
1.52996
1.48804
1.44612
1.40421
1.36229
1.32037
1.27846
1.23654
1.19463
1.15271
1.11079
1.06888
1.02696
0.985043
0.943127
0.90121
0.859293
0.817376
0.77546
0.733544
0.691627
0.64971
0.607793
0.565877
0.523961
0.482045
0.440128
0.398211
0.356294
0.314378
0.272463
0.230545
0.188631
0.146709
0.104796
0.062883
0.0209551
4.20625
4.07552
4.12399
4.04269
4.00139
3.96252
3.91987
3.87755
3.83553
3.79355
3.75159
3.70965
3.66772
3.62579
3.58387
3.54195
3.50004
3.45812
3.4162
3.37428
3.33237
3.29045
3.24853
3.20662
3.1647
3.12279
3.08087
3.03895
2.99704
2.95512
2.9132
2.87129
2.82937
2.78745
2.74554
2.70362
2.6617
2.61979
2.57787
2.53595
2.49404
2.45212
2.4102
2.36829
2.32637
2.28445
2.24254
2.20062
2.15871
2.11679
2.07487
2.03296
1.99104
1.94912
1.9072
1.86529
1.82337
1.78146
1.73954
1.69762
1.65571
1.61379
1.57187
1.52996
1.48804
1.44612
1.40421
1.36229
1.32037
1.27846
1.23654
1.19463
1.15271
1.11079
1.06888
1.02696
0.985043
0.943127
0.90121
0.859293
0.817376
0.77546
0.733544
0.691627
0.64971
0.607793
0.565877
0.523961
0.482045
0.440128
0.398211
0.356294
0.314378
0.272463
0.230545
0.188631
0.146709
0.104796
0.062883
0.0209551
4.19569
4.07139
4.12158
4.04155
4.00095
3.96235
3.91981
3.87753
3.83553
3.79355
3.75159
3.70965
3.66772
3.6258
3.58387
3.54195
3.50004
3.45812
3.4162
3.37428
3.33237
3.29045
3.24853
3.20662
3.1647
3.12279
3.08087
3.03895
2.99704
2.95512
2.9132
2.87129
2.82937
2.78745
2.74554
2.70362
2.6617
2.61979
2.57787
2.53595
2.49404
2.45212
2.4102
2.36829
2.32637
2.28445
2.24254
2.20062
2.15871
2.11679
2.07487
2.03296
1.99104
1.94912
1.9072
1.86529
1.82337
1.78146
1.73954
1.69762
1.65571
1.61379
1.57187
1.52996
1.48804
1.44612
1.40421
1.36229
1.32037
1.27846
1.23654
1.19463
1.15271
1.11079
1.06888
1.02696
0.985043
0.943127
0.90121
0.859293
0.817376
0.77546
0.733544
0.691627
0.64971
0.607793
0.565877
0.523961
0.482045
0.440128
0.398211
0.356294
0.314378
0.272463
0.230545
0.188631
0.146709
0.104796
0.0628831
0.0209552
4.18705
4.06774
4.11942
4.0405
4.00053
3.96218
3.91975
3.87751
3.83553
3.79356
3.7516
3.70966
3.66772
3.6258
3.58387
3.54195
3.50004
3.45812
3.4162
3.37428
3.33237
3.29045
3.24853
3.20662
3.1647
3.12279
3.08087
3.03895
2.99704
2.95512
2.9132
2.87129
2.82937
2.78745
2.74554
2.70362
2.6617
2.61979
2.57787
2.53595
2.49404
2.45212
2.4102
2.36829
2.32637
2.28445
2.24254
2.20062
2.15871
2.11679
2.07487
2.03296
1.99104
1.94912
1.9072
1.86529
1.82337
1.78146
1.73954
1.69762
1.65571
1.61379
1.57187
1.52996
1.48804
1.44612
1.40421
1.36229
1.32037
1.27846
1.23654
1.19463
1.15271
1.11079
1.06888
1.02696
0.985043
0.943127
0.90121
0.859293
0.817376
0.77546
0.733544
0.691627
0.64971
0.607793
0.565877
0.523961
0.482045
0.440128
0.398211
0.356294
0.314378
0.272463
0.230545
0.188631
0.146709
0.104796
0.0628831
0.0209552
4.18011
4.06462
4.11754
4.03957
4.00014
3.96202
3.91969
3.87749
3.83553
3.79356
3.7516
3.70966
3.66772
3.6258
3.58388
3.54196
3.50004
3.45812
3.4162
3.37428
3.33237
3.29045
3.24853
3.20662
3.1647
3.12279
3.08087
3.03895
2.99704
2.95512
2.9132
2.87129
2.82937
2.78745
2.74554
2.70362
2.6617
2.61979
2.57787
2.53595
2.49404
2.45212
2.4102
2.36829
2.32637
2.28445
2.24254
2.20062
2.15871
2.11679
2.07487
2.03296
1.99104
1.94912
1.9072
1.86529
1.82337
1.78146
1.73954
1.69762
1.65571
1.61379
1.57187
1.52996
1.48804
1.44612
1.40421
1.36229
1.32037
1.27846
1.23654
1.19463
1.15271
1.11079
1.06888
1.02696
0.985043
0.943127
0.90121
0.859293
0.817376
0.77546
0.733544
0.691627
0.64971
0.607793
0.565877
0.523961
0.482045
0.440128
0.398211
0.356294
0.314378
0.272463
0.230545
0.188631
0.146708
0.104796
0.0628832
0.0209552
4.17474
4.06209
4.116
4.03879
3.99981
3.96188
3.91964
3.87747
3.83552
3.79356
3.7516
3.70966
3.66773
3.6258
3.58388
3.54196
3.50004
3.45812
3.4162
3.37429
3.33237
3.29045
3.24853
3.20662
3.1647
3.12278
3.08087
3.03895
2.99704
2.95512
2.9132
2.87129
2.82937
2.78745
2.74554
2.70362
2.6617
2.61979
2.57787
2.53595
2.49404
2.45212
2.4102
2.36829
2.32637
2.28445
2.24254
2.20062
2.15871
2.11679
2.07487
2.03296
1.99104
1.94912
1.9072
1.86529
1.82337
1.78145
1.73954
1.69762
1.65571
1.61379
1.57187
1.52996
1.48804
1.44612
1.40421
1.36229
1.32037
1.27846
1.23654
1.19463
1.15271
1.11079
1.06888
1.02696
0.985043
0.943126
0.90121
0.859293
0.817376
0.77546
0.733544
0.691627
0.64971
0.607793
0.565877
0.523961
0.482045
0.440128
0.398211
0.356294
0.314378
0.272463
0.230545
0.188631
0.146708
0.104796
0.0628832
0.0209552
4.1708
4.06017
4.11482
4.03819
3.99956
3.96177
3.91959
3.87746
3.83552
3.79356
3.7516
3.70966
3.66773
3.6258
3.58388
3.54196
3.50004
3.45812
3.4162
3.37429
3.33237
3.29045
3.24853
3.20662
3.1647
3.12278
3.08087
3.03895
2.99704
2.95512
2.9132
2.87129
2.82937
2.78745
2.74554
2.70362
2.6617
2.61979
2.57787
2.53595
2.49404
2.45212
2.4102
2.36829
2.32637
2.28445
2.24254
2.20062
2.15871
2.11679
2.07487
2.03296
1.99104
1.94912
1.9072
1.86529
1.82337
1.78145
1.73954
1.69762
1.65571
1.61379
1.57187
1.52996
1.48804
1.44612
1.40421
1.36229
1.32037
1.27846
1.23654
1.19463
1.15271
1.11079
1.06888
1.02696
0.985043
0.943126
0.90121
0.859293
0.817376
0.77546
0.733544
0.691627
0.64971
0.607793
0.565877
0.523961
0.482045
0.440128
0.398211
0.356294
0.314378
0.272463
0.230545
0.188631
0.146708
0.104796
0.0628832
0.0209553
4.16823
4.05888
4.11403
4.03778
3.99938
3.96169
3.91956
3.87745
3.83552
3.79356
3.7516
3.70966
3.66773
3.6258
3.58388
3.54196
3.50004
3.45812
3.4162
3.37429
3.33237
3.29045
3.24853
3.20662
3.1647
3.12278
3.08087
3.03895
2.99704
2.95512
2.9132
2.87129
2.82937
2.78745
2.74554
2.70362
2.6617
2.61979
2.57787
2.53595
2.49404
2.45212
2.41021
2.36829
2.32637
2.28445
2.24254
2.20062
2.15871
2.11679
2.07487
2.03296
1.99104
1.94912
1.9072
1.86529
1.82337
1.78145
1.73954
1.69762
1.65571
1.61379
1.57187
1.52996
1.48804
1.44612
1.40421
1.36229
1.32037
1.27846
1.23654
1.19463
1.15271
1.11079
1.06888
1.02696
0.985043
0.943126
0.90121
0.859293
0.817376
0.77546
0.733544
0.691627
0.64971
0.607793
0.565877
0.523961
0.482045
0.440128
0.398211
0.356294
0.314378
0.272463
0.230545
0.188631
0.146708
0.104796
0.0628833
0.0209553
4.16695
4.05823
4.11362
4.03757
3.99929
3.96165
3.91955
3.87744
3.83551
3.79356
3.7516
3.70966
3.66773
3.6258
3.58388
3.54196
3.50004
3.45812
3.4162
3.37429
3.33237
3.29045
3.24853
3.20662
3.1647
3.12278
3.08087
3.03895
2.99704
2.95512
2.9132
2.87129
2.82937
2.78745
2.74554
2.70362
2.6617
2.61979
2.57787
2.53595
2.49404
2.45212
2.41021
2.36829
2.32637
2.28446
2.24254
2.20062
2.15871
2.11679
2.07487
2.03296
1.99104
1.94912
1.9072
1.86529
1.82337
1.78145
1.73954
1.69762
1.65571
1.61379
1.57187
1.52996
1.48804
1.44612
1.40421
1.36229
1.32037
1.27846
1.23654
1.19463
1.15271
1.11079
1.06888
1.02696
0.985043
0.943126
0.901209
0.859293
0.817376
0.77546
0.733544
0.691627
0.64971
0.607793
0.565877
0.523961
0.482045
0.440128
0.398211
0.356294
0.314378
0.272463
0.230544
0.188631
0.146708
0.104796
0.0628833
0.0209553
4.16695
4.05823
4.11362
4.03757
3.99929
3.96165
3.91955
3.87744
3.83551
3.79356
3.7516
3.70966
3.66773
3.6258
3.58388
3.54196
3.50004
3.45812
3.4162
3.37429
3.33237
3.29045
3.24853
3.20662
3.1647
3.12278
3.08087
3.03895
2.99704
2.95512
2.9132
2.87129
2.82937
2.78745
2.74554
2.70362
2.6617
2.61979
2.57787
2.53596
2.49404
2.45212
2.41021
2.36829
2.32637
2.28446
2.24254
2.20062
2.15871
2.11679
2.07487
2.03296
1.99104
1.94912
1.9072
1.86529
1.82337
1.78145
1.73954
1.69762
1.65571
1.61379
1.57187
1.52996
1.48804
1.44612
1.40421
1.36229
1.32037
1.27846
1.23654
1.19463
1.15271
1.11079
1.06888
1.02696
0.985043
0.943126
0.901209
0.859293
0.817377
0.77546
0.733544
0.691627
0.64971
0.607794
0.565877
0.523961
0.482045
0.440128
0.398211
0.356294
0.314378
0.272463
0.230544
0.188631
0.146708
0.104796
0.0628833
0.0209554
4.16823
4.05888
4.11403
4.03778
3.99938
3.96169
3.91956
3.87745
3.83551
3.79356
3.7516
3.70966
3.66773
3.6258
3.58388
3.54196
3.50004
3.45812
3.4162
3.37429
3.33237
3.29045
3.24853
3.20662
3.1647
3.12278
3.08087
3.03895
2.99704
2.95512
2.9132
2.87129
2.82937
2.78745
2.74554
2.70362
2.6617
2.61979
2.57787
2.53596
2.49404
2.45212
2.41021
2.36829
2.32637
2.28446
2.24254
2.20062
2.15871
2.11679
2.07487
2.03296
1.99104
1.94912
1.9072
1.86529
1.82337
1.78145
1.73954
1.69762
1.65571
1.61379
1.57187
1.52996
1.48804
1.44612
1.40421
1.36229
1.32037
1.27846
1.23654
1.19463
1.15271
1.11079
1.06888
1.02696
0.985043
0.943126
0.901209
0.859293
0.817377
0.77546
0.733544
0.691627
0.64971
0.607794
0.565877
0.523961
0.482045
0.440128
0.398211
0.356295
0.314378
0.272463
0.230544
0.188631
0.146708
0.104796
0.0628833
0.0209554
4.1708
4.06017
4.11482
4.03819
3.99956
3.96177
3.91959
3.87746
3.83552
3.79356
3.7516
3.70966
3.66773
3.6258
3.58388
3.54196
3.50004
3.45812
3.4162
3.37429
3.33237
3.29045
3.24853
3.20662
3.1647
3.12278
3.08087
3.03895
2.99704
2.95512
2.9132
2.87129
2.82937
2.78745
2.74554
2.70362
2.6617
2.61979
2.57787
2.53596
2.49404
2.45212
2.41021
2.36829
2.32637
2.28446
2.24254
2.20062
2.15871
2.11679
2.07487
2.03296
1.99104
1.94912
1.9072
1.86529
1.82337
1.78145
1.73954
1.69762
1.65571
1.61379
1.57187
1.52996
1.48804
1.44612
1.40421
1.36229
1.32037
1.27846
1.23654
1.19463
1.15271
1.11079
1.06888
1.02696
0.985043
0.943126
0.901209
0.859293
0.817377
0.77546
0.733544
0.691627
0.64971
0.607794
0.565878
0.523961
0.482044
0.440128
0.398211
0.356295
0.314378
0.272463
0.230544
0.188631
0.146709
0.104796
0.0628834
0.0209554
4.17474
4.06209
4.116
4.03879
3.99981
3.96188
3.91964
3.87747
3.83552
3.79356
3.7516
3.70966
3.66773
3.6258
3.58388
3.54196
3.50004
3.45812
3.4162
3.37428
3.33237
3.29045
3.24853
3.20662
3.1647
3.12278
3.08087
3.03895
2.99704
2.95512
2.9132
2.87129
2.82937
2.78745
2.74554
2.70362
2.6617
2.61979
2.57787
2.53596
2.49404
2.45212
2.41021
2.36829
2.32637
2.28446
2.24254
2.20062
2.15871
2.11679
2.07487
2.03296
1.99104
1.94912
1.9072
1.86529
1.82337
1.78145
1.73954
1.69762
1.65571
1.61379
1.57187
1.52996
1.48804
1.44612
1.40421
1.36229
1.32037
1.27846
1.23654
1.19463
1.15271
1.11079
1.06888
1.02696
0.985043
0.943126
0.901209
0.859293
0.817377
0.77546
0.733544
0.691627
0.64971
0.607794
0.565878
0.523961
0.482044
0.440127
0.398211
0.356295
0.314378
0.272463
0.230544
0.188631
0.146709
0.104796
0.0628834
0.0209554
4.18011
4.06462
4.11754
4.03957
4.00014
3.96202
3.91969
3.87749
3.83553
3.79356
3.7516
3.70966
3.66772
3.6258
3.58388
3.54196
3.50004
3.45812
3.4162
3.37428
3.33237
3.29045
3.24853
3.20662
3.1647
3.12278
3.08087
3.03895
2.99704
2.95512
2.9132
2.87129
2.82937
2.78745
2.74554
2.70362
2.6617
2.61979
2.57787
2.53596
2.49404
2.45212
2.41021
2.36829
2.32637
2.28446
2.24254
2.20062
2.15871
2.11679
2.07487
2.03296
1.99104
1.94912
1.9072
1.86529
1.82337
1.78145
1.73954
1.69762
1.65571
1.61379
1.57187
1.52996
1.48804
1.44612
1.40421
1.36229
1.32037
1.27846
1.23654
1.19463
1.15271
1.11079
1.06888
1.02696
0.985042
0.943126
0.901209
0.859293
0.817377
0.77546
0.733544
0.691627
0.64971
0.607794
0.565878
0.523961
0.482044
0.440127
0.398211
0.356295
0.314378
0.272463
0.230544
0.188631
0.146709
0.104796
0.0628834
0.0209555
4.18705
4.06774
4.11941
4.0405
4.00053
3.96218
3.91975
3.87751
3.83553
3.79356
3.7516
3.70966
3.66772
3.6258
3.58387
3.54195
3.50004
3.45812
3.4162
3.37428
3.33237
3.29045
3.24853
3.20662
3.1647
3.12278
3.08087
3.03895
2.99704
2.95512
2.9132
2.87129
2.82937
2.78745
2.74554
2.70362
2.6617
2.61979
2.57787
2.53595
2.49404
2.45212
2.41021
2.36829
2.32637
2.28446
2.24254
2.20062
2.15871
2.11679
2.07487
2.03296
1.99104
1.94912
1.90721
1.86529
1.82337
1.78145
1.73954
1.69762
1.65571
1.61379
1.57187
1.52996
1.48804
1.44612
1.40421
1.36229
1.32037
1.27846
1.23654
1.19462
1.15271
1.11079
1.06888
1.02696
0.985042
0.943126
0.90121
0.859293
0.817377
0.77546
0.733544
0.691627
0.64971
0.607794
0.565878
0.523961
0.482044
0.440127
0.398211
0.356295
0.314378
0.272463
0.230544
0.188631
0.146709
0.104797
0.0628834
0.0209555
4.19569
4.07139
4.12158
4.04155
4.00095
3.96235
3.91981
3.87753
3.83553
3.79355
3.75159
3.70965
3.66772
3.6258
3.58387
3.54195
3.50004
3.45812
3.4162
3.37428
3.33237
3.29045
3.24853
3.20662
3.1647
3.12278
3.08087
3.03895
2.99704
2.95512
2.9132
2.87129
2.82937
2.78745
2.74554
2.70362
2.6617
2.61979
2.57787
2.53595
2.49404
2.45212
2.41021
2.36829
2.32637
2.28446
2.24254
2.20062
2.15871
2.11679
2.07487
2.03296
1.99104
1.94912
1.90721
1.86529
1.82337
1.78146
1.73954
1.69762
1.65571
1.61379
1.57187
1.52996
1.48804
1.44612
1.40421
1.36229
1.32038
1.27846
1.23654
1.19462
1.15271
1.11079
1.06888
1.02696
0.985042
0.943126
0.90121
0.859293
0.817377
0.77546
0.733544
0.691627
0.64971
0.607794
0.565878
0.523961
0.482044
0.440127
0.398211
0.356295
0.314378
0.272463
0.230544
0.188631
0.146709
0.104797
0.0628834
0.0209555
4.20625
4.07552
4.12399
4.04269
4.00139
3.96252
3.91987
3.87755
3.83553
3.79355
3.75159
3.70965
3.66772
3.62579
3.58387
3.54195
3.50004
3.45812
3.4162
3.37428
3.33237
3.29045
3.24853
3.20662
3.1647
3.12278
3.08087
3.03895
2.99704
2.95512
2.9132
2.87129
2.82937
2.78745
2.74554
2.70362
2.6617
2.61979
2.57787
2.53595
2.49404
2.45212
2.41021
2.36829
2.32637
2.28446
2.24254
2.20062
2.15871
2.11679
2.07487
2.03296
1.99104
1.94912
1.90721
1.86529
1.82337
1.78146
1.73954
1.69762
1.65571
1.61379
1.57187
1.52996
1.48804
1.44612
1.40421
1.36229
1.32038
1.27846
1.23654
1.19462
1.15271
1.11079
1.06888
1.02696
0.985042
0.943126
0.90121
0.859293
0.817377
0.77546
0.733544
0.691627
0.64971
0.607794
0.565878
0.523961
0.482044
0.440127
0.398211
0.356295
0.314378
0.272463
0.230544
0.188631
0.146709
0.104797
0.0628834
0.0209556
4.21898
4.08005
4.12657
4.04386
4.00183
3.96268
3.91993
3.87756
3.83553
3.79355
3.75158
3.70965
3.66772
3.62579
3.58387
3.54195
3.50004
3.45812
3.4162
3.37428
3.33237
3.29045
3.24853
3.20662
3.1647
3.12278
3.08087
3.03895
2.99704
2.95512
2.9132
2.87129
2.82937
2.78745
2.74554
2.70362
2.6617
2.61979
2.57787
2.53595
2.49404
2.45212
2.41021
2.36829
2.32637
2.28446
2.24254
2.20062
2.15871
2.11679
2.07487
2.03296
1.99104
1.94912
1.90721
1.86529
1.82337
1.78146
1.73954
1.69762
1.65571
1.61379
1.57187
1.52996
1.48804
1.44612
1.40421
1.36229
1.32038
1.27846
1.23654
1.19462
1.15271
1.11079
1.06888
1.02696
0.985042
0.943126
0.90121
0.859293
0.817377
0.77546
0.733544
0.691627
0.64971
0.607794
0.565878
0.523961
0.482044
0.440127
0.398211
0.356295
0.314378
0.272463
0.230544
0.188631
0.146709
0.104797
0.0628833
0.0209556
4.23418
4.08485
4.12924
4.04503
4.00224
3.96281
3.91996
3.87756
3.83552
3.79354
3.75158
3.70964
3.66771
3.62579
3.58387
3.54195
3.50004
3.45812
3.4162
3.37428
3.33237
3.29045
3.24853
3.20662
3.1647
3.12278
3.08087
3.03895
2.99704
2.95512
2.9132
2.87129
2.82937
2.78745
2.74554
2.70362
2.6617
2.61979
2.57787
2.53595
2.49404
2.45212
2.41021
2.36829
2.32637
2.28446
2.24254
2.20062
2.15871
2.11679
2.07487
2.03296
1.99104
1.94912
1.90721
1.86529
1.82337
1.78146
1.73954
1.69762
1.65571
1.61379
1.57187
1.52996
1.48804
1.44612
1.40421
1.36229
1.32038
1.27846
1.23654
1.19462
1.15271
1.11079
1.06888
1.02696
0.985042
0.943126
0.90121
0.859293
0.817377
0.77546
0.733544
0.691627
0.64971
0.607794
0.565878
0.523961
0.482044
0.440127
0.398211
0.356295
0.314378
0.272463
0.230544
0.188631
0.146709
0.104797
0.0628833
0.0209557
4.25224
4.08977
4.13188
4.04612
4.00259
3.96291
3.91998
3.87756
3.83551
3.79353
3.75157
3.70964
3.66771
3.62579
3.58387
3.54195
3.50003
3.45812
3.4162
3.37428
3.33237
3.29045
3.24853
3.20662
3.1647
3.12278
3.08087
3.03895
2.99704
2.95512
2.9132
2.87129
2.82937
2.78745
2.74554
2.70362
2.6617
2.61979
2.57787
2.53595
2.49404
2.45212
2.41021
2.36829
2.32637
2.28446
2.24254
2.20062
2.15871
2.11679
2.07487
2.03296
1.99104
1.94912
1.90721
1.86529
1.82337
1.78146
1.73954
1.69762
1.65571
1.61379
1.57187
1.52996
1.48804
1.44612
1.40421
1.36229
1.32038
1.27846
1.23654
1.19462
1.15271
1.11079
1.06888
1.02696
0.985042
0.943126
0.90121
0.859293
0.817377
0.77546
0.733543
0.691627
0.64971
0.607794
0.565878
0.523961
0.482044
0.440127
0.398211
0.356295
0.314378
0.272463
0.230544
0.188631
0.146709
0.104797
0.0628833
0.0209557
4.27362
4.09459
4.13435
4.04706
4.00285
3.96295
3.91997
3.87754
3.8355
3.79351
3.75156
3.70963
3.66771
3.62579
3.58387
3.54195
3.50003
3.45812
3.4162
3.37428
3.33237
3.29045
3.24853
3.20662
3.1647
3.12279
3.08087
3.03895
2.99704
2.95512
2.9132
2.87129
2.82937
2.78745
2.74554
2.70362
2.6617
2.61979
2.57787
2.53595
2.49404
2.45212
2.41021
2.36829
2.32637
2.28446
2.24254
2.20062
2.15871
2.11679
2.07487
2.03296
1.99104
1.94912
1.90721
1.86529
1.82337
1.78146
1.73954
1.69762
1.65571
1.61379
1.57187
1.52996
1.48804
1.44612
1.40421
1.36229
1.32038
1.27846
1.23654
1.19462
1.15271
1.11079
1.06888
1.02696
0.985042
0.943126
0.90121
0.859293
0.817377
0.77546
0.733543
0.691627
0.64971
0.607794
0.565878
0.523961
0.482044
0.440127
0.398211
0.356295
0.314378
0.272463
0.230544
0.188631
0.146709
0.104797
0.0628833
0.0209557
4.29887
4.09903
4.13647
4.04778
4.003
3.96293
3.91994
3.87751
3.83547
3.7935
3.75155
3.70962
3.6677
3.62578
3.58387
3.54195
3.50003
3.45812
3.4162
3.37428
3.33237
3.29045
3.24853
3.20662
3.1647
3.12279
3.08087
3.03895
2.99704
2.95512
2.9132
2.87129
2.82937
2.78745
2.74554
2.70362
2.6617
2.61979
2.57787
2.53595
2.49404
2.45212
2.41021
2.36829
2.32637
2.28446
2.24254
2.20062
2.15871
2.11679
2.07487
2.03296
1.99104
1.94912
1.90721
1.86529
1.82337
1.78146
1.73954
1.69762
1.65571
1.61379
1.57187
1.52996
1.48804
1.44612
1.40421
1.36229
1.32038
1.27846
1.23654
1.19462
1.15271
1.11079
1.06888
1.02696
0.985042
0.943126
0.90121
0.859293
0.817377
0.77546
0.733543
0.691627
0.64971
0.607794
0.565878
0.523961
0.482044
0.440127
0.398211
0.356295
0.314378
0.272463
0.230544
0.188631
0.146709
0.104797
0.0628832
0.0209558
4.32866
4.10268
4.138
4.04818
4.00301
3.96284
3.91987
3.87747
3.83544
3.79348
3.75154
3.70962
3.6677
3.62578
3.58386
3.54195
3.50003
3.45812
3.4162
3.37428
3.33237
3.29045
3.24853
3.20662
3.1647
3.12279
3.08087
3.03895
2.99704
2.95512
2.9132
2.87129
2.82937
2.78745
2.74554
2.70362
2.6617
2.61979
2.57787
2.53595
2.49404
2.45212
2.41021
2.36829
2.32637
2.28446
2.24254
2.20062
2.15871
2.11679
2.07487
2.03296
1.99104
1.94912
1.90721
1.86529
1.82337
1.78146
1.73954
1.69762
1.65571
1.61379
1.57187
1.52996
1.48804
1.44612
1.40421
1.36229
1.32038
1.27846
1.23654
1.19462
1.15271
1.11079
1.06888
1.02696
0.985042
0.943126
0.90121
0.859294
0.817377
0.77546
0.733543
0.691627
0.64971
0.607794
0.565878
0.523961
0.482044
0.440127
0.398211
0.356295
0.314378
0.272463
0.230544
0.188631
0.146709
0.104797
0.0628832
0.0209558
4.3638
4.10506
4.13866
4.04818
4.00287
3.96266
3.91977
3.87741
3.83541
3.79346
3.75153
3.70961
3.66769
3.62578
3.58386
3.54195
3.50003
3.45812
3.4162
3.37428
3.33237
3.29045
3.24853
3.20662
3.1647
3.12279
3.08087
3.03895
2.99704
2.95512
2.9132
2.87129
2.82937
2.78745
2.74554
2.70362
2.6617
2.61979
2.57787
2.53595
2.49404
2.45212
2.41021
2.36829
2.32637
2.28446
2.24254
2.20062
2.15871
2.11679
2.07487
2.03296
1.99104
1.94912
1.90721
1.86529
1.82337
1.78146
1.73954
1.69762
1.65571
1.61379
1.57187
1.52996
1.48804
1.44612
1.40421
1.36229
1.32038
1.27846
1.23654
1.19462
1.15271
1.11079
1.06888
1.02696
0.985042
0.943126
0.90121
0.859294
0.817377
0.77546
0.733543
0.691627
0.64971
0.607794
0.565878
0.523961
0.482044
0.440127
0.398211
0.356295
0.314378
0.272463
0.230544
0.188631
0.146709
0.104797
0.0628831
0.0209558
4.40515
4.10549
4.13812
4.04769
4.00257
3.96239
3.91963
3.87734
3.83537
3.79343
3.75151
3.7096
3.66769
3.62578
3.58386
3.54195
3.50003
3.45812
3.4162
3.37428
3.33237
3.29045
3.24853
3.20662
3.1647
3.12279
3.08087
3.03895
2.99704
2.95512
2.9132
2.87129
2.82937
2.78745
2.74553
2.70362
2.6617
2.61979
2.57787
2.53595
2.49404
2.45212
2.41021
2.36829
2.32637
2.28446
2.24254
2.20062
2.15871
2.11679
2.07487
2.03296
1.99104
1.94912
1.90721
1.86529
1.82337
1.78146
1.73954
1.69762
1.65571
1.61379
1.57187
1.52996
1.48804
1.44612
1.40421
1.36229
1.32038
1.27846
1.23654
1.19462
1.15271
1.11079
1.06888
1.02696
0.985042
0.943126
0.90121
0.859294
0.817377
0.77546
0.733544
0.691627
0.64971
0.607794
0.565878
0.523961
0.482044
0.440127
0.398211
0.356295
0.314378
0.272463
0.230545
0.188631
0.146709
0.104797
0.0628831
0.0209558
4.4535
4.10325
4.13617
4.04674
4.00216
3.96206
3.91948
3.87727
3.83532
3.79341
3.7515
3.70959
3.66768
3.62577
3.58386
3.54195
3.50003
3.45812
3.4162
3.37428
3.33237
3.29045
3.24853
3.20662
3.1647
3.12279
3.08087
3.03895
2.99704
2.95512
2.9132
2.87129
2.82937
2.78745
2.74553
2.70362
2.6617
2.61979
2.57787
2.53595
2.49404
2.45212
2.41021
2.36829
2.32637
2.28446
2.24254
2.20062
2.15871
2.11679
2.07487
2.03296
1.99104
1.94912
1.90721
1.86529
1.82337
1.78146
1.73954
1.69762
1.65571
1.61379
1.57187
1.52996
1.48804
1.44612
1.40421
1.36229
1.32038
1.27846
1.23654
1.19462
1.15271
1.11079
1.06888
1.02696
0.985042
0.943126
0.90121
0.859294
0.817377
0.77546
0.733544
0.691627
0.64971
0.607794
0.565878
0.523961
0.482044
0.440127
0.398211
0.356295
0.314378
0.272463
0.230545
0.188631
0.146709
0.104797
0.062883
0.0209558
4.51124
4.09823
4.13303
4.04551
4.00173
3.9617
3.91933
3.8772
3.83528
3.79339
3.75149
3.70958
3.66768
3.62577
3.58386
3.54195
3.50003
3.45812
3.4162
3.37428
3.33237
3.29045
3.24853
3.20662
3.1647
3.12279
3.08087
3.03895
2.99704
2.95512
2.9132
2.87129
2.82937
2.78745
2.74553
2.70362
2.6617
2.61979
2.57787
2.53595
2.49404
2.45212
2.41021
2.36829
2.32637
2.28446
2.24254
2.20062
2.15871
2.11679
2.07487
2.03296
1.99104
1.94912
1.90721
1.86529
1.82337
1.78146
1.73954
1.69762
1.65571
1.61379
1.57187
1.52996
1.48804
1.44612
1.40421
1.36229
1.32038
1.27846
1.23654
1.19462
1.15271
1.11079
1.06888
1.02696
0.985042
0.943126
0.90121
0.859294
0.817377
0.77546
0.733544
0.691627
0.649711
0.607794
0.565878
0.523961
0.482044
0.440127
0.39821
0.356295
0.314378
0.272463
0.230545
0.188631
0.146709
0.104797
0.0628829
0.0209558
4.58928
4.09163
4.12926
4.04431
4.00131
3.96136
3.91919
3.87714
3.83525
3.79337
3.75148
3.70958
3.66768
3.62577
3.58386
3.54195
3.50003
3.45812
3.4162
3.37428
3.33237
3.29045
3.24853
3.20662
3.1647
3.12279
3.08087
3.03895
2.99704
2.95512
2.9132
2.87129
2.82937
2.78745
2.74553
2.70362
2.6617
2.61979
2.57787
2.53595
2.49404
2.45212
2.41021
2.36829
2.32637
2.28446
2.24254
2.20062
2.15871
2.11679
2.07487
2.03296
1.99104
1.94912
1.90721
1.86529
1.82337
1.78146
1.73954
1.69762
1.65571
1.61379
1.57187
1.52996
1.48804
1.44612
1.40421
1.36229
1.32038
1.27846
1.23654
1.19462
1.15271
1.11079
1.06888
1.02696
0.985042
0.943126
0.90121
0.859294
0.817377
0.77546
0.733544
0.691627
0.649711
0.607794
0.565878
0.523961
0.482044
0.440127
0.39821
0.356295
0.314378
0.272463
0.230545
0.188631
0.146709
0.104797
0.0628827
0.0209558
4.7023
4.08453
4.12456
4.04299
4.00074
3.96101
3.91906
3.87707
3.83521
3.79335
3.75147
3.70957
3.66767
3.62577
3.58386
3.54194
3.50003
3.45812
3.4162
3.37428
3.33237
3.29045
3.24853
3.20662
3.1647
3.12279
3.08087
3.03895
2.99704
2.95512
2.9132
2.87129
2.82937
2.78745
2.74553
2.70362
2.6617
2.61978
2.57787
2.53595
2.49404
2.45212
2.41021
2.36829
2.32637
2.28446
2.24254
2.20062
2.15871
2.11679
2.07487
2.03296
1.99104
1.94912
1.90721
1.86529
1.82337
1.78146
1.73954
1.69762
1.65571
1.61379
1.57187
1.52996
1.48804
1.44612
1.40421
1.36229
1.32038
1.27846
1.23654
1.19462
1.15271
1.11079
1.06888
1.02696
0.985042
0.943126
0.90121
0.859294
0.817377
0.77546
0.733544
0.691627
0.649711
0.607794
0.565878
0.523961
0.482044
0.440127
0.39821
0.356295
0.314379
0.272463
0.230545
0.188631
0.146709
0.104797
0.0628824
0.0209554
)
;

boundaryField
{
    inlet
    {
        type            zeroGradient;
    }
    outlet
    {
        type            fixedValue;
        value           uniform 0;
    }
    upperWall
    {
        type            zeroGradient;
    }
    lowerWall
    {
        type            zeroGradient;
    }
    frontAndBack
    {
        type            empty;
    }
}


// ************************************************************************* //
