/*--------------------------------*- C++ -*----------------------------------*\
| =========                 |                                                 |
| \\      /  F ield         | OpenFOAM: The Open Source CFD Toolbox           |
|  \\    /   O peration     | Version:  5.x                                   |
|   \\  /    A nd           | Web:      www.OpenFOAM.org                      |
|    \\/     M anipulation  |                                                 |
\*---------------------------------------------------------------------------*/
FoamFile
{
    version     2.0;
    format      ascii;
    class       surfaceScalarField;
    location    "0.1";
    object      phi;
}
// * * * * * * * * * * * * * * * * * * * * * * * * * * * * * * * * * * * * * //

dimensions      [0 3 -1 0 0 0 0];

internalField   nonuniform List<scalar> 
7860
(
0.00109373
0.00140627
0.000742643
0.00035109
0.000683688
5.89551e-05
0.000667679
1.60088e-05
0.000659581
8.09819e-06
0.000657359
2.22152e-06
0.000656247
1.11253e-06
0.000655605
6.4177e-07
0.000655283
3.21711e-07
0.00065512
1.62986e-07
0.000655036
8.4149e-08
0.000654992
4.36613e-08
0.00065497
2.27278e-08
0.000654958
1.16422e-08
0.000654952
5.74582e-09
0.000654949
3.28944e-09
0.000654947
1.42199e-09
0.000654947
8.95552e-10
0.000654946
3.85422e-10
0.000654946
1.80952e-10
0.000654946
3.82756e-10
0.000654946
-3.85396e-10
0.000654946
1.24797e-10
0.000654945
5.21719e-10
0.000654946
-6.04788e-10
0.000654946
3.40967e-10
0.000654946
7.03745e-11
0.000654946
-3.24779e-10
0.000654945
7.43723e-10
0.000654946
-8.07598e-10
0.000654945
4.35403e-10
0.000654946
-1.17938e-10
0.000654945
3.88887e-10
0.000654946
-3.91516e-10
0.000654946
-1.73054e-10
0.000654945
1.14187e-09
0.000654946
-1.50242e-09
0.000654945
7.04572e-10
0.000654945
4.94506e-10
0.000654946
-9.38276e-10
0.000654945
5.25608e-10
0.000654945
7.94164e-10
0.000654946
-1.87665e-09
0.000654946
8.50607e-10
0.000654944
1.54467e-09
0.000654947
-2.9633e-09
0.000654945
2.20231e-09
0.000654945
-4.07497e-10
0.000654947
-1.73343e-09
0.000654944
2.94115e-09
0.000654947
-3.36471e-09
0.000654946
1.4438e-09
0.000654945
1.09327e-09
0.000654947
-1.9954e-09
0.000654946
7.45629e-10
0.000654947
-7.75171e-10
0.000654945
1.77592e-09
0.000654947
-2.04186e-09
0.000654946
8.34765e-10
0.000654946
4.17049e-10
0.000654947
-6.83829e-10
0.000654946
7.74867e-10
0.000654946
-8.52289e-11
0.000654945
5.1059e-10
0.000654945
1.4026e-10
0.000654946
-7.08295e-10
0.000654945
8.79151e-10
0.000654944
8.00602e-10
0.000654945
-8.0775e-10
0.000654945
-3.33834e-10
0.000654945
6.32893e-10
0.000654945
1.70075e-10
0.000654945
-6.59523e-10
0.000654946
-9.15744e-10
0.000654946
-3.53497e-10
0.000654946
6.20086e-10
0.000654945
5.20577e-10
0.000654946
-9.09469e-10
0.000654948
-1.56397e-09
0.000654948
-4.98771e-11
0.000654946
1.87499e-09
0.000654944
1.74711e-09
0.000654944
-2.10301e-10
0.000654946
-1.45398e-09
0.000654946
-5.0645e-10
0.000654945
1.25844e-09
0.000654944
1.54419e-09
0.000654944
-8.48042e-11
0.000654946
-1.83152e-09
0.000654947
-1.90749e-09
0.000654948
-3.89986e-10
0.000654947
1.01836e-09
0.000654946
1.26027e-09
0.000654946
-2.00883e-10
0.000654945
2.95313e-10
0.000654948
-2.77575e-09
0.000654944
4.14652e-09
0.000654945
-1.29835e-09
0.000654945
1.62831e-10
1.21101e-08
0.00212963
0.00177664
0.00185256
0.000628163
0.00175374
0.000157777
0.0017192
5.05418e-05
0.00170322
2.40852e-05
0.00169658
8.86014e-06
0.00169345
4.24247e-06
0.00169182
2.26549e-06
0.00169099
1.1573e-06
0.00169056
5.95183e-07
0.00169033
3.09246e-07
0.00169021
1.6181e-07
0.00169015
8.48126e-08
0.00169012
4.40616e-08
0.0016901
2.2519e-08
0.00169009
1.24958e-08
0.00169009
5.77812e-09
0.00169009
3.48457e-09
0.00169008
1.73447e-09
0.00169008
7.46866e-10
0.00169008
1.09362e-09
0.00169008
-8.27318e-10
0.00169008
4.37365e-10
0.00169008
1.26145e-09
0.00169008
-1.45428e-09
0.00169008
7.79667e-10
0.00169008
2.94955e-10
0.00169008
-7.07846e-10
0.00169008
1.58297e-09
0.00169008
-1.83481e-09
0.00169008
1.17549e-09
0.00169008
-3.87933e-10
0.00169008
8.71736e-10
0.00169008
-8.11448e-10
0.00169008
-3.84422e-10
0.00169008
2.56226e-09
0.00169008
-3.41471e-09
0.00169008
1.63916e-09
0.00169008
1.08132e-09
0.00169008
-2.01543e-09
0.00169008
1.21943e-09
0.00169008
1.59391e-09
0.00169008
-4.16203e-09
0.00169008
2.13144e-09
0.00169008
3.06552e-09
0.00169008
-6.3613e-09
0.00169008
4.96405e-09
0.00169008
-1.52813e-09
0.00169008
-2.99965e-09
0.00169008
5.7552e-09
0.00169008
-7.5381e-09
0.00169008
3.87755e-09
0.00169008
1.51502e-09
0.00169008
-3.99551e-09
0.00169008
1.40794e-09
0.00169008
-1.54305e-09
0.00169008
3.76433e-09
0.00169008
-4.85225e-09
0.00169008
2.75721e-09
0.00169008
9.64122e-11
0.00169008
-1.09503e-09
0.00169008
1.77587e-09
0.00169008
-1.28897e-10
0.00169008
1.50291e-09
0.00169008
-7.04301e-11
0.00169008
-1.37077e-09
0.00169008
2.40999e-09
0.00169008
1.63248e-09
0.00169008
-1.78636e-09
0.00169008
-6.08054e-10
0.00169008
1.25752e-09
0.00169008
2.76804e-10
0.00169008
-1.46563e-09
0.00169008
-2.21975e-09
0.00169008
-1.04611e-09
0.00169008
1.24975e-09
0.00169008
1.0762e-09
0.00169008
-2.14049e-09
0.00169009
-3.57459e-09
0.00169009
-7.51224e-11
0.00169008
4.37218e-09
0.00169008
4.17253e-09
0.00169008
-2.44356e-10
0.00169008
-3.13787e-09
0.00169008
-1.09449e-09
0.00169008
2.83877e-09
0.00169008
3.48186e-09
0.00169008
-2.5102e-10
0.00169008
-4.32321e-09
0.00169008
-4.58871e-09
0.00169009
-1.12405e-09
0.00169008
2.24701e-09
0.00169008
2.87401e-09
0.00169008
-1.94813e-11
0.00169008
1.72187e-10
0.00169008
-4.69788e-09
0.00169008
8.02033e-09
0.00169008
-1.9902e-09
0.00169008
4.50701e-09
2.57217e-08
0.00257174
0.0017049
0.00245086
0.000749045
0.0023623
0.000246332
0.00232164
9.1206e-05
0.00230296
4.27591e-05
0.00229395
1.78667e-05
0.00228961
8.58612e-06
0.00228741
4.46304e-06
0.00228628
2.2934e-06
0.00228569
1.18648e-06
0.00228538
6.1842e-07
0.00228521
3.24377e-07
0.00228513
1.70523e-07
0.00228508
8.89542e-08
0.00228506
4.61216e-08
0.00228505
2.52768e-08
0.00228504
1.22113e-08
0.00228504
6.96205e-09
0.00228504
3.52836e-09
0.00228503
1.74636e-09
0.00228503
1.89581e-09
0.00228503
-9.55184e-10
0.00228503
4.63595e-10
0.00228503
1.9924e-09
0.00228503
-1.86468e-09
0.00228503
8.66425e-10
0.00228503
4.83126e-10
0.00228503
-9.78238e-10
0.00228503
2.37614e-09
0.00228503
-2.7609e-09
0.00228503
1.80062e-09
0.00228503
-7.08863e-10
0.00228503
1.32941e-09
0.00228503
-9.2731e-10
0.00228503
-1.00399e-09
0.00228503
3.87902e-09
0.00228503
-4.63551e-09
0.00228503
2.03275e-09
0.00228503
1.54051e-09
0.00228503
-2.55828e-09
0.00228503
1.35794e-09
0.00228503
2.34395e-09
0.00228503
-5.5389e-09
0.00228503
2.53098e-09
0.00228503
4.45486e-09
0.00228503
-8.71851e-09
0.00228503
6.7077e-09
0.00228503
-2.31252e-09
0.00228503
-3.69341e-09
0.00228503
7.45983e-09
0.00228504
-1.01895e-08
0.00228503
5.52952e-09
0.00228503
1.38317e-09
0.00228503
-4.93158e-09
0.00228503
1.88384e-09
0.00228503
-2.39392e-09
0.00228503
5.38221e-09
0.00228504
-7.09922e-09
0.00228503
4.73085e-09
0.00228503
-8.42826e-10
0.00228503
-1.01613e-09
0.00228503
2.55016e-09
0.00228503
-3.62887e-10
0.00228503
2.30932e-09
0.00228503
-3.09449e-10
0.00228503
-1.65929e-09
0.00228503
3.49049e-09
0.00228503
1.98318e-09
0.00228503
-2.31758e-09
0.00228503
-6.64664e-10
0.00228503
1.47367e-09
0.00228503
2.52491e-10
0.00228503
-1.84233e-09
0.00228503
-2.94516e-09
0.00228503
-1.5789e-09
0.00228503
1.37947e-09
0.00228503
1.2731e-09
0.00228503
-2.71676e-09
0.00228504
-4.4918e-09
0.00228504
-1.14445e-10
0.00228503
5.56165e-09
0.00228503
5.44435e-09
0.00228503
4.6585e-12
0.00228503
-3.73218e-09
0.00228503
-1.36179e-09
0.00228503
3.48257e-09
0.00228503
4.31099e-09
0.00228503
-3.2008e-10
0.00228503
-5.51289e-09
0.00228503
-5.97317e-09
0.00228504
-1.68385e-09
0.00228503
2.69675e-09
0.00228503
3.65133e-09
0.00228503
3.76378e-10
0.00228503
1.39654e-10
0.00228503
-4.65826e-09
0.00228503
9.26642e-09
0.00228503
-9.20543e-10
0.00228503
8.85358e-09
3.15398e-08
0.00271302
0.00149188
0.00268835
0.000773714
0.00262418
0.000310509
0.00258577
0.000129608
0.00256748
6.10573e-05
0.00255798
2.73595e-05
0.00255324
1.33272e-05
0.00255084
6.86288e-06
0.0025496
3.53852e-06
0.00254895
1.83708e-06
0.00254861
9.59862e-07
0.00254843
5.03854e-07
0.00254833
2.65175e-07
0.00254828
1.38743e-07
0.00254825
7.26732e-08
0.00254824
3.92653e-08
0.00254823
1.93358e-08
0.00254823
1.09725e-08
0.00254823
5.61788e-09
0.00254823
2.759e-09
0.00254823
2.51994e-09
0.00254823
-5.8457e-10
0.00254823
3.58036e-10
0.00254823
2.44321e-09
0.00254823
-2.03108e-09
0.00254823
8.83239e-10
0.00254822
7.78298e-10
0.00254823
-1.48385e-09
0.00254822
3.10473e-09
0.00254823
-3.40687e-09
0.00254822
2.37703e-09
0.00254823
-1.289e-09
0.00254822
1.7464e-09
0.00254822
-6.24703e-10
0.00254823
-1.99286e-09
0.00254822
4.98913e-09
0.00254823
-5.25458e-09
0.00254823
2.03172e-09
0.00254822
1.94761e-09
0.00254823
-2.86209e-09
0.00254823
1.08649e-09
0.00254822
3.24479e-09
0.00254823
-6.31909e-09
0.00254823
2.09412e-09
0.00254822
6.06484e-09
0.00254823
-1.05029e-08
0.00254822
7.70697e-09
0.00254823
-2.55964e-09
0.00254823
-4.39473e-09
0.00254822
8.85401e-09
0.00254823
-1.18356e-08
0.00254823
6.35047e-09
0.00254823
1.36765e-09
0.00254823
-5.40892e-09
0.00254823
2.41666e-09
0.00254823
-3.44901e-09
0.00254822
6.96277e-09
0.00254823
-8.93919e-09
0.00254822
6.41173e-09
0.00254823
-1.88161e-09
0.00254823
-8.20743e-10
0.00254822
3.22361e-09
0.00254823
-8.70791e-10
0.00254822
2.78429e-09
0.00254823
-3.94444e-10
0.00254823
-1.8108e-09
0.00254822
4.06918e-09
0.00254822
2.0148e-09
0.00254822
-2.5953e-09
0.00254822
-5.96258e-10
0.00254822
1.52216e-09
0.00254822
1.58379e-10
0.00254822
-1.92222e-09
0.00254823
-3.10335e-09
0.00254823
-1.80725e-09
0.00254823
1.24466e-09
0.00254823
1.22328e-09
0.00254823
-2.76595e-09
0.00254823
-4.53953e-09
0.00254823
-9.74911e-11
0.00254823
5.66033e-09
0.00254823
5.64997e-09
0.00254823
2.25823e-10
0.00254822
-3.58192e-09
0.00254822
-1.34191e-09
0.00254822
3.43024e-09
0.00254822
4.27404e-09
0.00254822
-3.41884e-10
0.00254823
-5.58487e-09
0.00254823
-6.1404e-09
0.00254823
-1.88066e-09
0.00254823
2.61044e-09
0.00254823
3.73241e-09
0.00254823
7.19513e-10
0.00254822
3.03397e-10
0.00254822
-3.6824e-09
0.00254822
9.06857e-09
0.00254822
9.12541e-10
0.00254822
1.11606e-08
3.1575e-08
0.00272793
0.00126395
0.00274838
0.000753266
0.0027076
0.000351289
0.00267646
0.000160747
0.00266041
7.71079e-05
0.00265161
3.61541e-05
0.00264707
1.78743e-05
0.00264474
9.19238e-06
0.00264352
4.75496e-06
0.00264288
2.47551e-06
0.00264255
1.2961e-06
0.00264237
6.80663e-07
0.00264227
3.5853e-07
0.00264223
1.87911e-07
0.0026422
9.91089e-08
0.00264219
5.29871e-08
0.00264218
2.6431e-08
0.00264217
1.49411e-08
0.00264217
7.69488e-09
0.00264217
3.86092e-09
0.00264217
2.85821e-09
0.00264217
8.36798e-11
0.00264217
2.04015e-10
0.00264217
2.71368e-09
0.00264217
-2.05062e-09
0.00264217
7.73089e-10
0.00264217
1.23298e-09
0.00264217
-2.12023e-09
0.00264217
3.70428e-09
0.00264217
-3.85492e-09
0.00264217
2.91783e-09
0.00264217
-1.92619e-09
0.00264217
2.00772e-09
0.00264217
-1.97637e-11
0.00264217
-3.19471e-09
0.00264217
5.94743e-09
0.00264217
-5.46397e-09
0.00264217
1.76802e-09
0.00264217
2.24672e-09
0.00264217
-2.88797e-09
0.00264217
5.05072e-10
0.00264217
4.19192e-09
0.00264217
-6.64186e-09
0.00264217
1.02477e-09
0.00264217
7.94677e-09
0.00264217
-1.19705e-08
0.00264217
8.09077e-09
0.00264217
-2.19915e-09
0.00264217
-5.29036e-09
0.00264217
1.00827e-08
0.00264217
-1.27793e-08
0.00264217
6.46875e-09
0.00264217
1.70434e-09
0.00264217
-5.75556e-09
0.00264217
2.91961e-09
0.00264217
-4.56124e-09
0.00264217
8.54558e-09
0.00264217
-1.04403e-08
0.00264217
7.62669e-09
0.00264217
-2.72705e-09
0.00264217
-6.50361e-10
0.00264217
3.8666e-09
0.00264217
-1.53508e-09
0.00264217
2.94603e-09
0.00264217
-2.63345e-10
0.00264217
-1.89931e-09
0.00264217
4.26631e-09
0.00264217
1.92108e-09
0.00264217
-2.74084e-09
0.00264217
-4.8643e-10
0.00264217
1.52779e-09
0.00264217
5.0173e-11
0.00264217
-1.88753e-09
0.00264217
-2.97493e-09
0.00264217
-1.80891e-09
0.00264217
1.03869e-09
0.00264217
1.063e-09
0.00264217
-2.58999e-09
0.00264217
-4.17488e-09
0.00264217
-4.68305e-11
0.00264217
5.27463e-09
0.00264217
5.29976e-09
0.00264217
3.62698e-10
0.00264217
-3.15478e-09
0.00264217
-1.18932e-09
0.00264217
3.09769e-09
0.00264217
3.85334e-09
0.00264217
-3.41411e-10
0.00264217
-5.14424e-09
0.00264217
-5.69952e-09
0.00264217
-1.83846e-09
0.00264217
2.3292e-09
0.00264217
3.4931e-09
0.00264217
9.74364e-10
0.00264217
5.55741e-10
0.00264217
-2.46965e-09
0.00264217
8.36122e-09
0.00264217
2.77559e-09
0.00264217
1.19208e-08
2.89725e-08
0.00270283
0.00106112
0.00274254
0.000713558
0.00272107
0.000372757
0.00269884
0.00018298
0.00268605
8.98983e-05
0.00267861
4.35886e-05
0.00267462
2.18642e-05
0.00267254
1.1275e-05
0.00267144
5.85307e-06
0.00267086
3.05514e-06
0.00267056
1.60254e-06
0.00267039
8.42105e-07
0.00267031
4.43916e-07
0.00267026
2.32944e-07
0.00267024
1.2338e-07
0.00267023
6.54994e-08
0.00267022
3.29437e-08
0.00267022
1.8611e-08
0.00267021
9.62841e-09
0.00267021
4.9264e-09
0.00267021
2.91558e-09
0.00267021
9.03222e-10
0.00267021
1.33737e-10
0.00267021
2.8341e-09
0.00267021
-2.07638e-09
0.00267021
5.47229e-10
0.00267021
1.99779e-09
0.00267021
-2.87722e-09
0.00267021
4.02094e-09
0.00267021
-4.11071e-09
0.00267021
3.58427e-09
0.00267021
-2.55743e-09
0.00267021
1.92956e-09
0.00267021
7.78045e-10
0.00267021
-4.25977e-09
0.00267021
6.69583e-09
0.00267021
-5.49488e-09
0.00267021
1.3087e-09
0.00267021
2.56628e-09
0.00267021
-2.63097e-09
0.00267021
-3.87988e-10
0.00267021
5.00671e-09
0.00267021
-6.41353e-09
0.00267021
-4.74323e-10
0.00267021
9.84686e-09
0.00267021
-1.3159e-08
0.00267021
8.03345e-09
0.00267021
-1.27759e-09
0.00267021
-6.4733e-09
0.00267021
1.11047e-08
0.00267021
-1.31124e-08
0.00267021
6.0735e-09
0.00267021
2.3032e-09
0.00267021
-6.13041e-09
0.00267021
3.4103e-09
0.00267021
-5.61773e-09
0.00267021
1.00467e-08
0.00267021
-1.16725e-08
0.00267021
8.4122e-09
0.00267021
-3.27427e-09
0.00267021
-5.70619e-10
0.00267021
4.49342e-09
0.00267021
-2.22138e-09
0.00267021
2.86759e-09
0.00267021
5.76214e-11
0.00267021
-1.93273e-09
0.00267021
4.20927e-09
0.00267021
1.80265e-09
0.00267021
-2.80231e-09
0.00267021
-3.81339e-10
0.00267021
1.54434e-09
0.00267021
-5.4296e-11
0.00267021
-1.85457e-09
0.00267021
-2.7518e-09
0.00267021
-1.68678e-09
0.00267021
8.51526e-10
0.00267021
8.6317e-10
0.00267021
-2.37822e-09
0.00267021
-3.70845e-09
0.00267021
4.05782e-11
0.00267021
4.77473e-09
0.00267021
4.78329e-09
0.00267021
4.12981e-10
0.00267021
-2.69758e-09
0.00267021
-9.99636e-10
0.00267021
2.72764e-09
0.00267021
3.35747e-09
0.00267021
-3.43541e-10
0.00267021
-4.58429e-09
0.00267021
-5.08906e-09
0.00267021
-1.69167e-09
0.00267021
2.03846e-09
0.00267021
3.18042e-09
0.00267021
1.16547e-09
0.00267021
8.12965e-10
0.00267021
-1.33188e-09
0.00267021
7.61052e-09
0.00267021
4.33596e-09
0.00267021
1.1949e-08
2.57753e-08
0.00267112
0.000889998
0.00271925
0.00066543
0.00271293
0.000379081
0.00269929
0.000196611
0.00269011
9.90833e-05
0.00268434
4.93561e-05
0.00268111
2.51002e-05
0.00267938
1.30055e-05
0.00267845
6.77775e-06
0.00267796
3.54704e-06
0.0026777
1.8637e-06
0.00267756
9.8017e-07
0.00267749
5.17194e-07
0.00267745
2.71687e-07
0.00267743
1.44063e-07
0.00267742
7.61556e-08
0.00267741
3.87214e-08
0.00267741
2.18269e-08
0.00267741
1.11582e-08
0.0026774
5.85722e-09
0.0026774
2.87008e-09
0.0026774
1.84705e-09
0.0026774
-2.69734e-12
0.0026774
2.79408e-09
0.0026774
-1.97101e-09
0.0026774
2.10944e-10
0.0026774
2.95625e-09
0.0026774
-3.71616e-09
0.0026774
4.06953e-09
0.0026774
-4.1248e-09
0.0026774
4.36898e-09
0.0026774
-3.21856e-09
0.0026774
1.45074e-09
0.0026774
1.80904e-09
0.0026774
-4.98789e-09
0.0026774
7.09385e-09
0.0026774
-5.55465e-09
0.0026774
8.86563e-10
0.0026774
2.95495e-09
0.0026774
-2.16014e-09
0.0026774
-1.63588e-09
0.0026774
5.63183e-09
0.0026774
-5.51368e-09
0.0026774
-2.2951e-09
0.0026774
1.14833e-08
0.0026774
-1.3991e-08
0.0026774
7.6893e-09
0.0026774
7.77028e-11
0.0026774
-7.92572e-09
0.0026774
1.18186e-08
0.0026774
-1.28242e-08
0.0026774
5.33842e-09
0.0026774
2.95864e-09
0.0026774
-6.54057e-09
0.0026774
3.91412e-09
0.0026774
-6.54043e-09
0.0026774
1.13693e-08
0.0026774
-1.26899e-08
0.0026774
8.8639e-09
0.0026774
-3.50666e-09
0.0026774
-6.09023e-10
0.0026774
5.07911e-09
0.0026774
-2.84191e-09
0.0026774
2.61861e-09
0.0026774
5.15296e-10
0.0026774
-1.90484e-09
0.0026774
3.97434e-09
0.0026774
1.68814e-09
0.0026774
-2.78842e-09
0.0026774
-2.87067e-10
0.0026774
1.56886e-09
0.0026774
-1.5588e-10
0.0026774
-1.85428e-09
0.0026774
-2.51707e-09
0.0026774
-1.5034e-09
0.0026774
7.02825e-10
0.0026774
6.50794e-10
0.0026774
-2.20183e-09
0.0026774
-3.25933e-09
0.0026774
1.52148e-10
0.0026774
4.31348e-09
0.0026774
4.26246e-09
0.0026774
4.05334e-10
0.0026774
-2.30009e-09
0.0026774
-8.10342e-10
0.0026774
2.40942e-09
0.0026774
2.90489e-09
0.0026774
-3.55811e-10
0.0026774
-4.06512e-09
0.0026774
-4.49725e-09
0.0026774
-1.51264e-09
0.0026774
1.79999e-09
0.0026774
2.8938e-09
0.0026774
1.31476e-09
0.0026774
1.04283e-09
0.0026774
-3.62683e-10
0.0026774
6.97158e-09
0.0026774
5.52527e-09
0.0026774
1.17039e-08
2.28249e-08
0.00264264
0.000747358
0.00269469
0.000613375
0.00269997
0.000373802
0.0026939
0.000202687
0.00268827
0.000104708
0.00268427
5.33583e-05
0.00268188
2.74872e-05
0.00268056
1.43241e-05
0.00267985
7.49553e-06
0.00267946
3.93309e-06
0.00267925
2.06976e-06
0.00267915
1.08972e-06
0.00267909
5.7569e-07
0.00267906
3.0264e-07
0.00267904
1.60239e-07
0.00267903
8.4646e-08
0.00267903
4.37079e-08
0.00267902
2.43557e-08
0.00267902
1.20265e-08
0.00267902
6.74677e-09
0.00267902
2.96691e-09
0.00267902
2.72108e-09
0.00267902
-4.30524e-10
0.00267902
2.70218e-09
0.00267902
-1.43838e-09
0.00267902
-3.40334e-10
0.00267902
3.69984e-09
0.00267902
-4.38795e-09
0.00267902
4.17048e-09
0.00267902
-4.10322e-09
0.00267902
4.93982e-09
0.00267902
-3.6684e-09
0.00267902
8.08203e-10
0.00267902
2.87767e-09
0.00267902
-5.47429e-09
0.00267902
7.16901e-09
0.00267902
-5.5434e-09
0.00267902
5.65773e-10
0.00267902
3.25053e-09
0.00267902
-1.49586e-09
0.00267902
-3.06092e-09
0.00267902
5.95677e-09
0.00267902
-3.96034e-09
0.00267902
-4.33872e-09
0.00267902
1.27143e-08
0.00267902
-1.43857e-08
0.00267902
7.11379e-09
0.00267902
1.73182e-09
0.00267902
-9.54364e-09
0.00267902
1.21505e-08
0.00267902
-1.19322e-08
0.00267902
4.39656e-09
0.00267902
3.51269e-09
0.00267902
-6.96139e-09
0.00267902
4.46108e-09
0.00267902
-7.28937e-09
0.00267902
1.24441e-08
0.00267902
-1.35386e-08
0.00267902
9.07911e-09
0.00267902
-3.43251e-09
0.00267902
-7.81183e-10
0.00267902
5.57905e-09
0.00267902
-3.33713e-09
0.00267902
2.2573e-09
0.00267902
1.0514e-09
0.00267902
-1.81768e-09
0.00267902
3.60759e-09
0.00267902
1.57968e-09
0.00267902
-2.69659e-09
0.00267902
-1.99806e-10
0.00267902
1.58283e-09
0.00267902
-2.5861e-10
0.00267902
-1.88078e-09
0.00267902
-2.29232e-09
0.00267902
-1.29175e-09
0.00267902
5.85362e-10
0.00267902
4.34577e-10
0.00267902
-2.0712e-09
0.00267902
-2.85618e-09
0.00267902
2.78954e-10
0.00267902
3.92462e-09
0.00267902
3.78568e-09
0.00267902
3.59405e-10
0.00267902
-1.97342e-09
0.00267902
-6.31974e-10
0.00267902
2.15875e-09
0.00267902
2.52046e-09
0.00267902
-3.7858e-10
0.00267902
-3.62632e-09
0.00267902
-3.97652e-09
0.00267902
-1.33009e-09
0.00267902
1.62081e-09
0.00267902
2.6567e-09
0.00267902
1.43352e-09
0.00267902
1.23902e-09
0.00267902
4.31532e-10
0.00267902
6.46418e-09
0.00267902
6.38372e-09
0.00267902
1.13656e-08
2.03318e-08
0.00261913
0.000628229
0.00267297
0.00055953
0.00268703
0.000359747
0.00268733
0.000202382
0.00268504
0.000107
0.00268279
5.56074e-05
0.00268129
2.89894e-05
0.00268042
1.51993e-05
0.00267993
7.98623e-06
0.00267966
4.20183e-06
0.00267951
2.21458e-06
0.00267943
1.16734e-06
0.00267939
6.17303e-07
0.00267937
3.2484e-07
0.00267936
1.71627e-07
0.00267935
9.06713e-08
0.00267935
4.75075e-08
0.00267935
2.62063e-08
0.00267935
1.23306e-08
0.00267935
7.53274e-09
0.00267935
3.10938e-09
0.00267935
3.50351e-09
0.00267935
-1.03302e-09
0.00267935
2.45962e-09
0.00267935
-4.54166e-10
0.00267935
-1.0033e-09
0.00267935
4.03395e-09
0.00267935
-4.86692e-09
0.00267935
4.55398e-09
0.00267935
-4.12567e-09
0.00267935
5.0234e-09
0.00267935
-3.78757e-09
0.00267935
3.15944e-10
0.00267935
3.77192e-09
0.00267935
-5.89723e-09
0.00267935
7.0313e-09
0.00267935
-5.32354e-09
0.00267935
3.72236e-10
0.00267935
3.22452e-09
0.00267934
-6.58607e-10
0.00267935
-4.37897e-09
0.00267935
5.89895e-09
0.00267934
-1.94152e-09
0.00267935
-6.47975e-09
0.00267935
1.35306e-08
0.00267935
-1.42892e-08
0.00267935
6.28216e-09
0.00267934
3.53906e-09
0.00267935
-1.11572e-08
0.00267935
1.20849e-08
0.00267934
-1.05366e-08
0.00267935
3.349e-09
0.00267935
3.884e-09
0.00267935
-7.35561e-09
0.00267935
5.05822e-09
0.00267935
-7.86146e-09
0.00267934
1.3248e-08
0.00267935
-1.42543e-08
0.00267935
9.13527e-09
0.00267935
-3.07156e-09
0.00267935
-1.09526e-09
0.00267935
5.95297e-09
0.00267935
-3.67001e-09
0.00267935
1.83725e-09
0.00267935
1.60992e-09
0.00267935
-1.68292e-09
0.00267935
3.14572e-09
0.00267935
1.4758e-09
0.00267935
-2.52806e-09
0.00267935
-1.15793e-10
0.00267935
1.56977e-09
0.00267935
-3.65912e-10
0.00267935
-1.91804e-09
0.00267935
-2.07816e-09
0.00267935
-1.07081e-09
0.00267935
4.86699e-10
0.00267935
2.17815e-10
0.00267935
-1.97688e-09
0.00267935
-2.49685e-09
0.00267935
4.14092e-10
0.00267935
3.60185e-09
0.00267935
3.3586e-09
0.00267935
2.89837e-10
0.00267935
-1.70637e-09
0.00267935
-4.65381e-10
0.00267935
1.96711e-09
0.00267935
2.19835e-09
0.00267935
-4.10584e-10
0.00267935
-3.26523e-09
0.00267935
-3.53004e-09
0.00267935
-1.15396e-09
0.00267935
1.49158e-09
0.00267935
2.46611e-09
0.00267935
1.52727e-09
0.00267935
1.40325e-09
0.00267934
1.07019e-09
0.00267934
6.06728e-09
0.00267934
6.976e-09
0.00267934
1.09929e-08
1.82811e-08
0.00260018
0.000528047
0.0026546
0.00050511
0.00267524
0.000339113
0.00268084
0.000196778
0.00268158
0.000106258
0.00268101
5.61762e-05
0.00268039
2.96075e-05
0.00267998
1.56181e-05
0.00267972
8.23924e-06
0.00267958
4.34645e-06
0.0026795
2.29453e-06
0.00267945
1.21082e-06
0.00267943
6.40633e-07
0.00267942
3.37562e-07
0.00267941
1.78225e-07
0.00267941
9.40354e-08
0.00267941
4.9695e-08
0.00267941
2.73802e-08
0.00267941
1.23109e-08
0.0026794
8.19066e-09
0.0026794
3.03482e-09
0.0026794
4.13186e-09
0.0026794
-1.44952e-09
0.0026794
1.99905e-09
0.0026794
6.56313e-10
0.0026794
-1.58232e-09
0.0026794
4.08011e-09
0.0026794
-5.27194e-09
0.0026794
5.18113e-09
0.0026794
-4.11376e-09
0.0026794
4.55802e-09
0.0026794
-3.59198e-09
0.0026794
1.22233e-10
0.0026794
4.40204e-09
0.0026794
-6.36056e-09
0.0026794
6.74265e-09
0.0026794
-4.8063e-09
0.0026794
3.43192e-10
0.0026794
2.69678e-09
0.0026794
2.97674e-10
0.0026794
-5.31003e-09
0.00267941
5.40862e-09
0.0026794
3.09998e-10
0.0026794
-8.5959e-09
0.0026794
1.398e-08
0.0026794
-1.36651e-08
0.00267941
5.13878e-09
0.0026794
5.34651e-09
0.0026794
-1.25664e-08
0.00267941
1.16505e-08
0.0026794
-8.79563e-09
0.0026794
2.26192e-09
0.0026794
4.06272e-09
0.0026794
-7.68161e-09
0.0026794
5.68657e-09
0.0026794
-8.28588e-09
0.0026794
1.38e-08
0.0026794
-1.48551e-08
0.0026794
9.07988e-09
0.0026794
-2.45449e-09
0.0026794
-1.54516e-09
0.0026794
6.17002e-09
0.0026794
-3.81764e-09
0.0026794
1.40573e-09
0.0026794
2.1392e-09
0.0026794
-1.51608e-09
0.0026794
2.62394e-09
0.0026794
1.37729e-09
0.0026794
-2.29026e-09
0.0026794
-3.49522e-11
0.0026794
1.51981e-09
0.0026794
-4.78111e-10
0.0026794
-1.95153e-09
0.0026794
-1.87145e-09
0.0026794
-8.53276e-10
0.0026794
3.95935e-10
0.0026794
3.58068e-12
0.0026794
-1.90695e-09
0.0026794
-2.1725e-09
0.0026794
5.51771e-10
0.0026794
3.3306e-09
0.0026794
2.97594e-09
0.0026794
2.07695e-10
0.0026794
-1.48464e-09
0.0026794
-3.09311e-10
0.0026794
1.82146e-09
0.0026794
1.92666e-09
0.0026794
-4.50226e-10
0.0026794
-2.96943e-09
0.0026794
-3.14848e-09
0.0026794
-9.87833e-10
0.0026794
1.40054e-09
0.0026794
2.31308e-09
0.0026794
1.59925e-09
0.0026794
1.5388e-09
0.0026794
1.57696e-09
0.0026794
5.75402e-09
0.0026794
7.36136e-09
0.0026794
1.06045e-08
1.66023e-08
0.00258502
0.000443025
0.00263926
0.000450869
0.00266479
0.000313589
0.00267475
0.000186816
0.0026782
0.000102809
0.0026792
5.51729e-05
0.00267944
2.93677e-05
0.00267948
1.55825e-05
0.00267946
8.25192e-06
0.00267945
4.36419e-06
0.00267943
2.30785e-06
0.00267942
1.21909e-06
0.00267942
6.45078e-07
0.00267942
3.40329e-07
0.00267942
1.7996e-07
0.00267941
9.47333e-08
0.00267941
5.00362e-08
0.00267941
2.7815e-08
0.00267941
1.21245e-08
0.00267941
8.75556e-09
0.00267941
2.57106e-09
0.00267941
4.46494e-09
0.00267941
-1.35945e-09
0.00267941
1.38271e-09
0.00267941
1.49458e-09
0.00267941
-1.98682e-09
0.00267941
4.12124e-09
0.00267941
-5.66325e-09
0.00267941
5.77147e-09
0.00267941
-3.96388e-09
0.00267941
3.74862e-09
0.00267941
-3.19928e-09
0.00267941
1.67701e-10
0.00267941
4.76072e-09
0.00267941
-6.80598e-09
0.00267941
6.344e-09
0.00267941
-4.07724e-09
0.00267941
5.38661e-10
0.00267941
1.6461e-09
0.00267941
1.26131e-09
0.00267941
-5.66198e-09
0.00267941
4.49749e-09
0.00267941
2.56585e-09
0.00267941
-1.05777e-08
0.00267941
1.41316e-08
0.00267941
-1.25172e-08
0.00267941
3.65835e-09
0.00267941
7.00487e-09
0.00267941
-1.36006e-08
0.00267941
1.09156e-08
0.00267941
-6.88668e-09
0.00267941
1.16942e-09
0.00267941
4.08707e-09
0.00267941
-7.89691e-09
0.00267941
6.308e-09
0.00267941
-8.61452e-09
0.00267941
1.41483e-08
0.00267941
-1.53398e-08
0.00267941
8.9324e-09
0.00267941
-1.62358e-09
0.00267941
-2.10923e-09
0.00267941
6.21311e-09
0.00267941
-3.7716e-09
0.00267941
1.00003e-09
0.00267941
2.59998e-09
0.00267941
-1.33648e-09
0.00267941
2.07741e-09
0.00267941
1.28739e-09
0.00267941
-1.99608e-09
0.00267941
4.05955e-11
0.00267941
1.4291e-09
0.00267941
-5.93209e-10
0.00267941
-1.97074e-09
0.00267941
-1.66999e-09
0.00267941
-6.48825e-10
0.00267941
3.06306e-10
0.00267941
-2.06128e-10
0.00267941
-1.85054e-09
0.00267941
-1.87525e-09
0.00267941
6.87191e-10
0.00267941
3.09729e-09
0.00267941
2.63137e-09
0.00267941
1.21444e-10
0.00267941
-1.29577e-09
0.00267941
-1.62928e-10
0.00267941
1.70998e-09
0.00267941
1.6943e-09
0.00267941
-4.95841e-10
0.00267941
-2.72652e-09
0.00267941
-2.82144e-09
0.00267941
-8.33316e-10
0.00267941
1.33736e-09
0.00267941
2.1888e-09
0.00267941
1.65187e-09
0.00267941
1.64874e-09
0.00267941
1.97371e-09
0.00267941
5.5011e-09
0.00267941
7.5872e-09
0.00267941
1.02075e-08
1.5222e-08
0.00257293
0.000370092
0.00262653
0.000397274
0.00265565
0.000284463
0.00266918
0.000173295
0.002675
9.69813e-05
0.00267745
5.27287e-05
0.0026785
2.83161e-05
0.00267897
1.51068e-05
0.0026792
8.02867e-06
0.00267931
4.2561e-06
0.00267936
2.25454e-06
0.00267939
1.19207e-06
0.0026794
6.30796e-07
0.00267941
3.33028e-07
0.00267941
1.76607e-07
0.00267941
9.28553e-08
0.00267941
4.86132e-08
0.00267941
2.74277e-08
0.00267942
1.17262e-08
0.00267941
9.26136e-09
0.00267942
1.79306e-09
0.00267942
4.35055e-09
0.00267942
-7.14893e-10
0.00267942
8.02955e-10
0.00267942
1.8352e-09
0.00267942
-2.29747e-09
0.00267942
4.40953e-09
0.00267942
-6.00644e-09
0.00267942
6.04235e-09
0.00267942
-3.66108e-09
0.00267942
2.88617e-09
0.00267942
-2.68946e-09
0.00267942
2.60235e-10
0.00267942
4.85491e-09
0.00267942
-7.05466e-09
0.00267942
5.87525e-09
0.00267942
-3.35175e-09
0.00267941
9.95002e-10
0.00267942
2.17583e-10
0.00267942
2.11158e-09
0.00267942
-5.38455e-09
0.00267942
3.20685e-09
0.00267941
4.67995e-09
0.00267942
-1.2323e-08
0.00267942
1.40138e-08
0.00267941
-1.08763e-08
0.00267942
1.85613e-09
0.00267941
8.38978e-09
0.00267942
-1.41378e-08
0.00267942
9.96593e-09
0.00267941
-4.97676e-09
0.00267942
8.4977e-11
0.00267942
4.01504e-09
0.00267942
-7.96052e-09
0.00267942
6.87626e-09
0.00267942
-8.91019e-09
0.00267942
1.43558e-08
0.00267942
-1.56916e-08
0.00267942
8.6913e-09
0.00267941
-6.31606e-10
0.00267942
-2.75262e-09
0.00267942
6.08033e-09
0.00267942
-3.53829e-09
0.00267942
6.48842e-10
0.00267942
2.96223e-09
0.00267942
-1.1611e-09
0.00267942
1.53817e-09
0.00267942
1.21079e-09
0.00267942
-1.6615e-09
0.00267942
1.07132e-10
0.00267942
1.29888e-09
0.00267942
-7.07934e-10
0.00267942
-1.96891e-09
0.00267942
-1.47366e-09
0.00267942
-4.64369e-10
0.00267942
2.12965e-10
0.00267942
-4.0775e-10
0.00267942
-1.80004e-09
0.00267942
-1.59937e-09
0.00267942
8.16505e-10
0.00267942
2.89118e-09
0.00267942
2.31974e-09
0.00267942
3.76684e-11
0.00267942
-1.13016e-09
0.00267942
-2.56001e-11
0.00267942
1.6228e-09
0.00267942
1.4924e-09
0.00267942
-5.45833e-10
0.00267942
-2.5261e-09
0.00267942
-2.53997e-09
0.00267942
-6.91353e-10
0.00267942
1.29361e-09
0.00267942
2.08586e-09
0.00267942
1.6873e-09
0.00267942
1.73554e-09
0.00267941
2.27952e-09
0.00267942
5.29004e-09
0.00267941
7.6899e-09
0.00267942
9.80518e-09
1.40758e-08
0.00256333
0.000306764
0.00261602
0.000344586
0.00264777
0.00025271
0.00266417
0.000156892
0.00267206
8.90944e-05
0.0026758
4.89897e-05
0.0026776
2.65141e-05
0.00267849
1.42158e-05
0.00267894
7.58013e-06
0.00267917
4.02679e-06
0.00267929
2.13648e-06
0.00267935
1.13068e-06
0.00267938
5.98465e-07
0.0026794
3.15968e-07
0.00267941
1.68004e-07
0.00267941
8.84574e-08
0.00267941
4.57113e-08
0.00267941
2.62024e-08
0.00267942
1.09608e-08
0.00267941
9.63522e-09
0.00267942
9.74103e-10
0.00267942
3.76749e-09
0.00267942
2.2897e-10
0.00267942
4.33957e-10
0.00267942
1.74493e-09
0.00267942
-2.65294e-09
0.00267942
4.95407e-09
0.00267942
-6.14532e-09
0.00267942
5.84074e-09
0.00267942
-3.29248e-09
0.00267942
2.21942e-09
0.00267942
-2.09874e-09
0.00267942
2.26519e-10
0.00267942
4.66755e-09
0.00267942
-6.93175e-09
0.00267942
5.42067e-09
0.00267942
-2.89156e-09
0.00267941
1.69916e-09
0.00267942
-1.34393e-09
0.00267942
2.7565e-09
0.00267941
-4.55703e-09
0.00267942
1.59611e-09
0.00267941
6.59413e-09
0.00267942
-1.37421e-08
0.00267942
1.36138e-08
0.00267941
-8.81931e-09
0.00267942
-1.79842e-10
0.00267942
9.40575e-09
0.00267942
-1.41235e-08
0.00267942
8.88531e-09
0.00267941
-3.19637e-09
0.00267942
-9.86623e-10
0.00267942
3.90235e-09
0.00267942
-7.84227e-09
0.00267942
7.35663e-09
0.00267942
-9.24214e-09
0.00267942
1.44881e-08
0.00267942
-1.5882e-08
0.00267942
8.3399e-09
0.00267941
4.63233e-10
0.00267942
-3.43266e-09
0.00267942
5.78471e-09
0.00267942
-3.138e-09
0.00267942
3.71237e-10
0.00267942
3.20718e-09
0.00267942
-1.00307e-09
0.00267942
1.0325e-09
0.00267942
1.15291e-09
0.00267942
-1.30387e-09
0.00267942
1.60766e-10
0.00267942
1.13363e-09
0.00267942
-8.18417e-10
0.00267942
-1.94254e-09
0.00267942
-1.28346e-09
0.00267942
-3.05342e-10
0.00267942
1.13735e-10
0.00267942
-5.98167e-10
0.00267942
-1.74974e-09
0.00267942
-1.34139e-09
0.00267942
9.36662e-10
0.00267942
2.70442e-09
0.00267942
2.03733e-09
0.00267942
-3.86754e-11
0.00267942
-9.80641e-10
0.00267942
1.02732e-10
0.00267942
1.55215e-09
0.00267942
1.31409e-09
0.00267942
-5.98739e-10
0.00267942
-2.35992e-09
0.00267942
-2.29682e-09
0.00267942
-5.62586e-10
0.00267942
1.26251e-09
0.00267942
1.99825e-09
0.00267942
1.70769e-09
0.00267942
1.80123e-09
0.00267942
2.51052e-09
0.00267942
5.10666e-09
0.00267942
7.69705e-09
0.00267942
9.39906e-09
1.311e-08
0.00255574
0.000251025
0.00260741
0.000292918
0.00264105
0.000219064
0.00265977
0.000138177
0.00266941
7.9455e-05
0.00267429
4.41112e-05
0.00267677
2.40352e-05
0.00267804
1.29434e-05
0.0026787
6.92232e-06
0.00267904
3.68415e-06
0.00267922
1.95741e-06
0.00267931
1.03674e-06
0.00267936
5.49133e-07
0.00267939
2.89843e-07
0.0026794
1.54208e-07
0.00267941
8.15589e-08
0.00267941
4.16576e-08
0.00267941
2.42012e-08
0.00267941
9.71747e-09
0.00267941
9.70043e-09
0.00267942
3.92834e-10
0.00267942
2.8721e-09
0.00267942
1.10391e-09
0.00267942
2.92266e-10
0.00267942
1.49939e-09
0.00267942
-3.11675e-09
0.00267942
5.54444e-09
0.00267942
-5.9559e-09
0.00267942
5.24882e-09
0.00267942
-2.98403e-09
0.00267942
1.8196e-09
0.00267942
-1.41003e-09
0.00267942
4.39178e-12
0.00267942
4.15478e-09
0.00267942
-6.34801e-09
0.00267942
5.09788e-09
0.00267942
-2.90609e-09
0.00267941
2.57269e-09
0.00267942
-2.75932e-09
0.00267942
3.13241e-09
0.00267941
-3.32203e-09
0.00267942
-2.72611e-10
0.00267941
8.30154e-09
0.00267942
-1.47453e-08
0.00267942
1.28883e-08
0.00267941
-6.46309e-09
0.00267942
-2.31225e-09
0.00267942
1.00087e-08
0.00267942
-1.3579e-08
0.00267942
7.74218e-09
0.00267941
-1.6268e-09
0.00267942
-2.03488e-09
0.00267942
3.78425e-09
0.00267942
-7.52452e-09
0.00267942
7.72691e-09
0.00267942
-9.66981e-09
0.00267942
1.45975e-08
0.00267942
-1.5873e-08
0.00267942
7.85567e-09
0.00267941
1.59653e-09
0.00267942
-4.09974e-09
0.00267942
5.34977e-09
0.00267942
-2.60108e-09
0.00267942
1.75691e-10
0.00267942
3.32778e-09
0.00267942
-8.71544e-10
0.00267942
5.81154e-10
0.00267942
1.11767e-09
0.00267942
-9.39558e-10
0.00267942
1.97724e-10
0.00267942
9.39909e-10
0.00267942
-9.20676e-10
0.00267942
-1.8907e-09
0.00267942
-1.1011e-09
0.00267942
-1.75599e-10
0.00267942
7.92051e-12
0.00267942
-7.74404e-10
0.00267942
-1.69573e-09
0.00267942
-1.09944e-09
0.00267942
1.04524e-09
0.00267942
2.53163e-09
0.00267942
1.78171e-09
0.00267942
-1.04326e-10
0.00267942
-8.41981e-10
0.00267942
2.21933e-10
0.00267942
1.4921e-09
0.00267942
1.15414e-09
0.00267942
-6.53254e-10
0.00267942
-2.22147e-09
0.00267942
-2.08624e-09
0.00267942
-4.47468e-10
0.00267942
1.23864e-09
0.00267942
1.92123e-09
0.00267942
1.7151e-09
0.00267942
1.84821e-09
0.00267942
2.67934e-09
0.00267942
4.94071e-09
0.00267942
7.62926e-09
0.00267942
8.98952e-09
1.22801e-08
0.0025498
0.000201224
0.00260045
0.000242271
0.00263544
0.000184073
0.00265598
0.000117632
0.00266709
6.83533e-05
0.00267294
3.82536e-05
0.00267602
2.09625e-05
0.00267763
1.13313e-05
0.00267847
6.07598e-06
0.00267892
3.23893e-06
0.00267915
1.72285e-06
0.00267928
9.1309e-07
0.00267934
4.84092e-07
0.00267938
2.5562e-07
0.0026794
1.35608e-07
0.0026794
7.22318e-08
0.00267941
3.66469e-08
0.00267941
2.15485e-08
0.00267941
8.02828e-09
0.00267941
9.25676e-09
0.00267941
1.82634e-10
0.00267942
1.92974e-09
0.00267942
1.61468e-09
0.00267942
2.50937e-10
0.00267942
1.39046e-09
0.00267942
-3.61697e-09
0.00267942
5.89327e-09
0.00267942
-5.43116e-09
0.00267942
4.49273e-09
0.00267942
-2.79917e-09
0.00267942
1.5907e-09
0.00267942
-6.2429e-10
0.00267942
-3.22389e-10
0.00267942
3.30056e-09
0.00267942
-5.37364e-09
0.00267942
5.02954e-09
0.00267942
-3.47289e-09
0.00267942
3.49885e-09
0.00267942
-3.81906e-09
0.00267942
3.22707e-09
0.00267941
-1.83601e-09
0.00267942
-2.3384e-09
0.00267942
9.80763e-09
0.00267942
-1.52419e-08
0.00267942
1.17849e-08
0.00267941
-3.9495e-09
0.00267942
-4.37978e-09
0.00267942
1.02051e-08
0.00267942
-1.25858e-08
0.00267942
6.57773e-09
0.00267941
-2.94714e-10
0.00267942
-3.04257e-09
0.00267942
3.67546e-09
0.00267942
-7.01283e-09
0.00267942
7.98674e-09
0.00267942
-1.02385e-08
0.00267942
1.47212e-08
0.00267942
-1.563e-08
0.00267942
7.21984e-09
0.00267942
2.70502e-09
0.00267942
-4.70659e-09
0.00267942
4.80784e-09
0.00267942
-1.96453e-09
0.00267942
6.17356e-11
0.00267942
3.32667e-09
0.00267942
-7.71142e-10
0.00267942
1.99322e-10
0.00267942
1.10642e-09
0.00267942
-5.82685e-10
0.00267942
2.14894e-10
0.00267942
7.25365e-10
0.00267942
-1.01113e-09
0.00267942
-1.81437e-09
0.00267942
-9.2884e-10
0.00267942
-7.71822e-11
0.00267942
-1.04485e-10
0.00267942
-9.33689e-10
0.00267942
-1.6356e-09
0.00267942
-8.72696e-10
0.00267942
1.14035e-09
0.00267942
2.36945e-09
0.00267942
1.55131e-09
0.00267942
-1.57041e-10
0.00267942
-7.10815e-10
0.00267942
3.3184e-10
0.00267942
1.43816e-09
0.00267942
1.00881e-09
0.00267942
-7.08455e-10
0.00267942
-2.10556e-09
0.00267942
-1.90377e-09
0.00267942
-3.4632e-10
0.00267942
1.21767e-09
0.00267942
1.85119e-09
0.00267942
1.71149e-09
0.00267942
1.87838e-09
0.00267942
2.79742e-09
0.00267942
4.78382e-09
0.00267942
7.50212e-09
0.00267942
8.57603e-09
1.15495e-08
0.00254523
0.000155997
0.00259493
0.000192568
0.00263086
0.000148143
0.00265283
9.56657e-05
0.00266512
5.60628e-05
0.00267179
3.158e-05
0.00267537
1.73862e-05
0.00267727
9.42725e-06
0.00267828
5.06606e-06
0.00267882
2.70427e-06
0.0026791
1.43979e-06
0.00267925
7.6343e-07
0.00267933
4.05022e-07
0.00267937
2.14358e-07
0.00267939
1.12896e-07
0.0026794
6.06679e-08
0.00267941
3.07539e-08
0.00267941
1.83478e-08
0.00267941
6.07162e-09
0.00267941
8.19189e-09
0.00267941
2.65181e-10
0.00267942
1.2008e-09
0.00267942
1.67252e-09
0.00267942
1.10077e-10
0.00267942
1.57224e-09
0.00267942
-3.96669e-09
0.00267942
5.77465e-09
0.00267942
-4.69218e-09
0.00267942
3.82034e-09
0.00267942
-2.70361e-09
0.00267942
1.36616e-09
0.00267942
1.86603e-10
0.00267942
-5.7265e-10
0.00267942
2.15521e-09
0.00267942
-4.21021e-09
0.00267942
5.29349e-09
0.00267942
-4.52052e-09
0.00267942
4.34986e-09
0.00267942
-4.40765e-09
0.00267942
3.0511e-09
0.00267941
-2.28143e-10
0.00267942
-4.52848e-09
0.00267942
1.11033e-08
0.00267942
-1.51647e-08
0.00267942
1.02832e-08
0.00267941
-1.44252e-09
0.00267942
-6.22029e-09
0.00267942
1.00383e-08
0.00267942
-1.126e-08
0.00267942
5.4114e-09
0.00267942
8.03433e-10
0.00267942
-3.96943e-09
0.00267942
3.56448e-09
0.00267942
-6.33725e-09
0.00267942
8.15958e-09
0.00267942
-1.09723e-08
0.00267942
1.48739e-08
0.00267942
-1.51251e-08
0.00267942
6.4214e-09
0.00267942
3.72982e-09
0.00267942
-5.20947e-09
0.00267942
4.19502e-09
0.00267942
-1.26821e-09
0.00267942
2.13178e-11
0.00267942
3.2152e-09
0.00267942
-7.03033e-10
0.00267942
-1.03845e-10
0.00267942
1.11935e-09
0.00267942
-2.46154e-10
0.00267942
2.10976e-10
0.00267942
4.97851e-10
0.00267942
-1.08679e-09
0.00267942
-1.71602e-09
0.00267942
-7.68795e-10
0.00267942
-1.09871e-11
0.00267942
-2.2281e-10
0.00267942
-1.07368e-09
0.00267942
-1.56816e-09
0.00267942
-6.61119e-10
0.00267942
1.22072e-09
0.00267942
2.21607e-09
0.00267942
1.34521e-09
0.00267942
-1.9561e-10
0.00267942
-5.8515e-10
0.00267942
4.32367e-10
0.00267942
1.38716e-09
0.00267942
8.75263e-10
0.00267942
-7.63282e-10
0.00267942
-2.00837e-09
0.00267942
-1.74592e-09
0.00267942
-2.59384e-10
0.00267942
1.1962e-09
0.00267942
1.78559e-09
0.00267942
1.6984e-09
0.00267942
1.8944e-09
0.00267942
2.87344e-09
0.00267942
4.6299e-09
0.00267942
7.32725e-09
0.00267942
8.15744e-09
1.08875e-08
0.0025418
0.000114196
0.00259069
0.000143675
0.00262726
0.000111573
0.0026503
7.26293e-05
0.00266352
4.28418e-05
0.00267085
2.42541e-05
0.00267483
1.34014e-05
0.00267697
7.28417e-06
0.00267812
3.92109e-06
0.00267873
2.0954e-06
0.00267905
1.11649e-06
0.00267922
5.9219e-07
0.00267931
3.14085e-07
0.00267936
1.67156e-07
0.00267939
8.6918e-08
0.0026794
4.72375e-08
0.00267941
2.39938e-08
0.00267941
1.46501e-08
0.00267941
4.08083e-09
0.00267942
6.55608e-09
0.00267941
4.27662e-10
0.00267942
7.99016e-10
0.00267942
1.40375e-09
0.00267942
-2.69642e-10
0.00267942
1.98511e-09
0.00267942
-3.96117e-09
0.00267942
5.13856e-09
0.00267942
-3.94494e-09
0.00267942
3.39504e-09
0.00267942
-2.57947e-09
0.00267942
1.00245e-09
0.00267942
8.78873e-10
0.00267942
-5.50138e-10
0.00267942
8.47273e-10
0.00267942
-3.12111e-09
0.00267941
5.88743e-09
0.00267942
-5.8581e-09
0.00267942
5.02899e-09
0.00267942
-4.52129e-09
0.00267942
2.62047e-09
0.00267941
1.42839e-09
0.00267942
-6.7579e-09
0.00267942
1.21518e-08
0.00267941
-1.44803e-08
0.00267942
8.40179e-09
0.00267941
9.04207e-10
0.00267942
-7.7086e-09
0.00267942
9.58431e-09
0.00267941
-9.72832e-09
0.00267942
4.23637e-09
0.00267942
1.70781e-09
0.00267942
-4.77195e-09
0.00267942
3.42324e-09
0.00267942
-5.5457e-09
0.00267942
8.28448e-09
0.00267942
-1.18702e-08
0.00267942
1.50475e-08
0.00267942
-1.43437e-08
0.00267942
5.46365e-09
0.00267942
4.61919e-09
0.00267942
-5.57467e-09
0.00267942
3.55033e-09
0.00267942
-5.51698e-10
0.00267942
4.10173e-11
0.00267942
3.00989e-09
0.00267942
-6.63437e-10
0.00267942
-3.2634e-10
0.00267942
1.15557e-09
0.00267942
5.9892e-11
0.00267942
1.85527e-10
0.00267942
2.65308e-10
0.00267942
-1.14541e-09
0.00267942
-1.59945e-09
0.00267942
-6.23171e-10
0.00267942
2.35316e-11
0.00267942
-3.45507e-10
0.00267942
-1.19325e-09
0.00267942
-1.49279e-09
0.00267942
-4.65614e-10
0.00267942
1.28609e-09
0.00267942
2.07078e-09
0.00267942
1.16287e-09
0.00267942
-2.19672e-10
0.00267942
-4.64016e-10
0.00267942
5.2353e-10
0.00267942
1.33696e-09
0.00267942
7.51619e-10
0.00267942
-8.17026e-10
0.00267942
-1.92691e-09
0.00267942
-1.6102e-09
0.00267942
-1.86875e-10
0.00267942
1.17167e-09
0.00267942
1.72244e-09
0.00267942
1.67842e-09
0.00267942
1.89733e-09
0.00267942
2.91526e-09
0.00267942
4.47417e-09
0.00267942
7.11334e-09
0.00267942
7.73221e-09
1.02687e-08
0.00253936
7.48324e-05
0.00258762
9.54191e-05
0.00262461
7.45862e-05
0.00264841
4.88283e-05
0.00266231
2.89355e-05
0.00267013
1.644e-05
0.00267442
9.10736e-06
0.00267675
4.95864e-06
0.002678
2.67246e-06
0.00267866
1.42924e-06
0.00267902
7.62114e-07
0.0026792
4.0435e-07
0.0026793
2.13909e-07
0.00267936
1.15185e-07
0.00267938
5.85855e-08
0.0026794
3.24141e-08
0.00267941
1.64365e-08
0.00267941
1.04741e-08
0.00267941
2.23041e-09
0.00267941
4.54389e-09
0.00267941
4.57272e-10
0.00267942
6.56453e-10
0.00267942
1.03994e-09
0.00267942
-8.82404e-10
0.00267942
2.41028e-09
0.00267942
-3.49015e-09
0.00267942
4.13163e-09
0.00267942
-3.38669e-09
0.00267942
3.22126e-09
0.00267942
-2.27802e-09
0.00267942
4.60694e-10
0.00267942
1.27583e-09
0.00267942
-1.42841e-10
0.00267942
-4.1612e-10
0.00267942
-2.35835e-09
0.00267941
6.72794e-09
0.00267942
-7.24132e-09
0.00267942
5.4916e-09
0.00267942
-4.23814e-09
0.00267942
1.93865e-09
0.00267941
3.11171e-09
0.00267942
-8.91797e-09
0.00267942
1.28824e-08
0.00267941
-1.32055e-08
0.00267942
6.21941e-09
0.00267941
2.95441e-09
0.00267942
-8.76623e-09
0.00267942
8.93035e-09
0.00267941
-8.1032e-09
0.00267942
3.03194e-09
0.00267942
2.46202e-09
0.00267942
-5.396e-09
0.00267942
3.21981e-09
0.00267942
-4.70958e-09
0.00267942
8.41633e-09
0.00267942
-1.29095e-08
0.00267942
1.52155e-08
0.00267941
-1.32868e-08
0.00267942
4.36466e-09
0.00267942
5.33203e-09
0.00267942
-5.77925e-09
0.00267942
2.91005e-09
0.00267942
1.49399e-10
0.00267942
1.04754e-10
0.00267942
2.73046e-09
0.00267942
-6.46713e-10
0.00267942
-4.69402e-10
0.00267942
1.21187e-09
0.00267942
3.28053e-10
0.00267942
1.39163e-10
0.00267942
3.55367e-11
0.00267942
-1.18569e-09
0.00267942
-1.46903e-09
0.00267942
-4.94383e-10
0.00267942
2.84809e-11
0.00267942
-4.71139e-10
0.00267942
-1.29174e-09
0.00267942
-1.41028e-09
0.00267942
-2.86265e-10
0.00267942
1.33628e-09
0.00267942
1.93376e-09
0.00267942
1.00396e-09
0.00267942
-2.29514e-10
0.00267942
-3.47106e-10
0.00267942
6.0538e-10
0.00267942
1.28646e-09
0.00267942
6.36493e-10
0.00267942
-8.69072e-10
0.00267942
-1.85905e-09
0.00267942
-1.4949e-09
0.00267942
-1.29043e-10
0.00267942
1.14229e-09
0.00267942
1.66054e-09
0.00267942
1.65284e-09
0.00267942
1.89018e-09
0.00267942
2.92837e-09
0.00267942
4.31305e-09
0.00267942
6.86704e-09
0.00267942
7.2986e-09
9.67123e-09
0.0025378
3.70344e-05
0.00258562
4.76014e-05
0.00262285
3.73493e-05
0.00264715
2.45354e-05
0.0026615
1.45782e-05
0.00266964
8.30084e-06
0.00267414
4.60567e-06
0.00267659
2.50998e-06
0.00267791
1.35368e-06
0.00267862
7.24085e-07
0.00267899
3.86562e-07
0.00267919
2.05227e-07
0.0026793
1.07527e-07
0.00267935
5.97536e-08
0.00267938
2.8752e-08
0.0026794
1.6737e-08
0.00267941
8.2511e-09
0.00267941
5.85425e-09
0.00267941
5.84013e-10
0.00267941
2.41528e-09
0.00267942
2.28207e-10
0.00267942
5.87336e-10
0.00267942
7.88595e-10
0.00267942
-1.56895e-09
0.00267942
2.58258e-09
0.00267941
-2.5919e-09
0.00267942
3.00586e-09
0.00267942
-3.10402e-09
0.00267942
3.164e-09
0.00267942
-1.70229e-09
0.00267942
-1.7282e-10
0.00267942
1.22607e-09
0.00267942
6.44262e-10
0.00267942
-1.4154e-09
0.00267942
-2.08301e-09
0.00267941
7.67148e-09
0.00267942
-8.44174e-09
0.00267942
5.74153e-09
0.00267942
-3.66795e-09
0.00267942
9.93006e-10
0.00267941
4.82683e-09
0.00267942
-1.08793e-08
0.00267942
1.32096e-08
0.00267941
-1.14153e-08
0.00267942
3.85915e-09
0.00267942
4.6229e-09
0.00267942
-9.37785e-09
0.00267942
8.16214e-09
0.00267941
-6.47274e-09
0.00267942
1.77487e-09
0.00267942
3.10114e-09
0.00267942
-5.78106e-09
0.00267942
2.92051e-09
0.00267942
-3.90785e-09
0.00267942
8.60897e-09
0.00267942
-1.40433e-08
0.00267942
1.53364e-08
0.00267941
-1.19723e-08
0.00267942
3.15606e-09
0.00267942
5.83997e-09
0.00267942
-5.8127e-09
0.00267942
2.30711e-09
0.00267942
8.03931e-10
0.00267942
1.9598e-10
0.00267942
2.39775e-09
0.00267942
-6.45725e-10
0.00267942
-5.37696e-10
0.00267942
1.28392e-09
0.00267942
5.53584e-10
0.00267942
7.34832e-11
0.00267942
-1.84531e-10
0.00267942
-1.20703e-09
0.00267942
-1.32978e-09
0.00267942
-3.84442e-10
0.00267942
6.56664e-12
0.00267942
-5.97664e-10
0.00267942
-1.36974e-09
0.00267942
-1.32157e-09
0.00267942
-1.23738e-10
0.00267942
1.37222e-09
0.00267942
1.80559e-09
0.00267942
8.68143e-10
0.00267942
-2.25934e-10
0.00267942
-2.34376e-10
0.00267942
6.77989e-10
0.00267942
1.2353e-09
0.00267942
5.2888e-10
0.00267942
-9.18938e-10
0.00267942
-1.80336e-09
0.00267942
-1.39907e-09
0.00267942
-8.61811e-11
0.00267942
1.10693e-09
0.00267942
1.59901e-09
0.00267942
1.6239e-09
0.00267942
1.87426e-09
0.00267942
2.91849e-09
0.00267942
4.14344e-09
0.00267942
6.59361e-09
0.00267942
6.85484e-09
9.07616e-09
0.00253703
1.46684e-09
0.00258463
6.43793e-09
0.00262198
-4.26556e-09
0.00264652
1.79499e-09
0.0026611
-2.68493e-09
0.0026694
-5.90513e-10
0.002674
-2.55267e-10
0.00267651
-7.4679e-10
0.00267787
-4.18773e-10
0.00267859
-8.19172e-10
0.00267898
2.643e-10
0.00267918
3.35864e-10
0.00267929
-1.8035e-09
0.00267935
2.35169e-09
0.00267938
-1.77897e-09
0.0026794
7.08157e-10
0.00267941
-2.70254e-10
0.00267941
8.82951e-10
0.00267941
-9.26728e-10
0.00267941
4.20796e-10
0.00267942
-2.43539e-10
0.00267942
3.68978e-10
0.00267942
7.52675e-10
0.00267942
-2.09908e-09
0.00267942
2.31581e-09
0.00267941
-1.44315e-09
0.00267942
2.02273e-09
0.00267942
-3.05658e-09
0.00267942
3.03353e-09
0.00267942
-8.64487e-10
0.00267942
-7.22615e-10
0.00267942
6.70949e-10
0.00267942
1.67125e-09
0.00267942
-1.96456e-09
0.00267942
-2.326e-09
0.00267942
8.54189e-09
0.00267942
-9.29046e-09
0.00267942
5.82129e-09
0.00267942
-2.91916e-09
0.00267942
-2.34353e-10
0.00267941
6.57231e-09
0.00267942
-1.24972e-08
0.00267942
1.30553e-08
0.00267941
-9.23703e-09
0.00267942
1.4792e-09
0.00267942
5.86495e-09
0.00267942
-9.57629e-09
0.00267942
7.34654e-09
0.00267941
-4.88896e-09
0.00267942
4.47327e-10
0.00267942
3.64605e-09
0.00267942
-5.87739e-09
0.00267942
2.50816e-09
0.00267942
-3.22378e-09
0.00267942
8.91021e-09
0.00267942
-1.52116e-08
0.00267942
1.5365e-08
0.00267941
-1.04351e-08
0.00267942
1.87981e-09
0.00267942
6.1289e-09
0.00267942
-5.67637e-09
0.00267942
1.76722e-09
0.00267942
1.3889e-09
0.00267942
2.98183e-10
0.00267942
2.03224e-09
0.00267942
-6.52341e-10
0.00267942
-5.38624e-10
0.00267942
1.36685e-09
0.00267942
7.33908e-10
0.00267942
-8.82617e-12
0.00267942
-3.89183e-10
0.00267942
-1.20954e-09
0.00267942
-1.18707e-09
0.00267942
-2.94689e-10
0.00267942
-3.89021e-11
0.00267942
-7.22935e-10
0.00267942
-1.42863e-09
0.00267942
-1.22835e-09
0.00267942
2.17529e-11
0.00267942
1.39529e-09
0.00267942
1.68726e-09
0.00267942
7.54908e-10
0.00267942
-2.10083e-10
0.00267942
-1.25802e-10
0.00267942
7.41676e-10
0.00267942
1.18336e-09
0.00267942
4.28304e-10
0.00267942
-9.66377e-10
0.00267942
-1.75896e-09
0.00267942
-1.32224e-09
0.00267942
-5.88054e-11
0.00267942
1.0652e-09
0.00267942
1.53732e-09
0.00267942
1.59378e-09
0.00267942
1.85094e-09
0.00267942
2.89069e-09
0.00267942
3.96284e-09
0.00267942
6.29751e-09
0.00267942
6.39923e-09
8.46623e-09
0.00253703
-3.70315e-05
0.00258463
-4.75886e-05
0.00262198
-3.73578e-05
0.00264652
-2.45319e-05
0.0026611
-1.45836e-05
0.0026694
-8.30192e-06
0.002674
-4.60624e-06
0.00267651
-2.51157e-06
0.00267787
-1.35436e-06
0.00267859
-7.25746e-07
0.00267898
-3.86079e-07
0.00267918
-2.04686e-07
0.00267929
-1.1079e-07
0.00267935
-5.53715e-08
0.00267938
-3.22186e-08
0.0026794
-1.52438e-08
0.00267941
-8.76877e-09
0.00267941
-4.27061e-09
0.00267941
-2.42876e-09
0.00267941
-1.28428e-09
0.00267941
-8.41685e-10
0.00267942
-1.34813e-10
0.00267942
8.8868e-10
0.00267942
-2.25994e-09
0.00267942
1.57041e-09
0.00267942
-2.86853e-10
0.00267942
1.35051e-09
0.00267942
-3.09118e-09
0.00267942
2.66698e-09
0.00267942
1.03845e-10
0.00267942
-9.8961e-10
0.00267942
-3.29236e-10
0.00267942
2.71651e-09
0.00267942
-1.96702e-09
0.00267942
-2.9942e-09
0.00267942
9.18506e-09
0.00267942
-9.71184e-09
0.00267942
5.78246e-09
0.00267942
-2.05855e-09
0.00267942
-1.75979e-09
0.00267941
8.31956e-09
0.00267942
-1.36275e-08
0.00267942
1.23721e-08
0.00267941
-6.83386e-09
0.00267942
-7.62583e-10
0.00267942
6.69114e-09
0.00267942
-9.43777e-09
0.00267942
6.52509e-09
0.00267941
-3.3688e-09
0.00267942
-9.53345e-10
0.00267942
4.09522e-09
0.00267942
-5.64862e-09
0.00267942
1.98452e-09
0.00267942
-2.73812e-09
0.00267942
9.35417e-09
0.00267942
-1.63429e-08
0.00267942
1.52562e-08
0.00267941
-8.72304e-09
0.00267942
5.83677e-10
0.00267942
6.19881e-09
0.00267942
-5.38324e-09
0.00267942
1.31047e-09
0.00267942
1.88738e-09
0.00267942
3.97113e-10
0.00267942
1.65304e-09
0.00267942
-6.58464e-10
0.00267942
-4.81448e-10
0.00267942
1.45537e-09
0.00267942
8.68992e-10
0.00267942
-1.04867e-10
0.00267942
-5.73636e-10
0.00267942
-1.19431e-09
0.00267942
-1.04595e-09
0.00267942
-2.26261e-10
0.00267942
-1.03987e-10
0.00267942
-8.44856e-10
0.00267942
-1.47053e-09
0.00267942
-1.13295e-09
0.00267942
1.50686e-10
0.00267942
1.4073e-09
0.00267942
1.57964e-09
0.00267942
6.63895e-10
0.00267942
-1.83171e-10
0.00267942
-2.18732e-11
0.00267942
7.97093e-10
0.00267942
1.13109e-09
0.00267942
3.34352e-10
0.00267942
-1.01129e-09
0.00267942
-1.72542e-09
0.00267942
-1.26434e-09
0.00267942
-4.74583e-11
0.00267942
1.01709e-09
0.00267942
1.47544e-09
0.00267942
1.56434e-09
0.00267942
1.82168e-09
0.00267942
2.84973e-09
0.00267942
3.76917e-09
0.00267942
5.98285e-09
0.00267942
5.93024e-09
7.82517e-09
0.0025378
-7.48294e-05
0.00258562
-9.54063e-05
0.00262285
-7.45947e-05
0.00264715
-4.88248e-05
0.0026615
-2.89409e-05
0.00266964
-1.64408e-05
0.00267414
-9.10802e-06
0.00267659
-4.96044e-06
0.00267791
-2.67282e-06
0.00267862
-1.43097e-06
0.00267899
-7.61674e-07
0.00267919
-4.04171e-07
0.0026793
-2.16308e-07
0.00267935
-1.11635e-07
0.00267938
-6.17733e-08
0.0026794
-3.07578e-08
0.00267941
-1.68878e-08
0.00267941
-9.36922e-09
0.00267941
-4.03401e-09
0.00267941
-2.6734e-09
0.00267941
-1.4044e-09
0.00267942
-9.34646e-10
0.00267942
1.06173e-09
0.00267942
-1.95015e-09
0.00267942
4.71999e-10
0.00267942
6.45502e-10
0.00267942
1.01572e-09
0.00267942
-3.01207e-09
0.00267942
2.00413e-09
0.00267942
9.93958e-10
0.00267942
-8.35274e-10
0.00267942
-1.5979e-09
0.00267942
3.54394e-09
0.00267942
-1.44232e-09
0.00267942
-3.90539e-09
0.00267942
9.50726e-09
0.00267942
-9.72649e-09
0.00267942
5.6626e-09
0.00267941
-1.10562e-09
0.00267942
-3.56785e-09
0.00267942
9.99723e-09
0.00267942
-1.41494e-08
0.00267942
1.11611e-08
0.00267941
-4.3893e-09
0.00267942
-2.727e-09
0.00267942
7.15442e-09
0.00267942
-9.05854e-09
0.00267942
5.70972e-09
0.00267941
-1.9006e-09
0.00267942
-2.41294e-09
0.00267942
4.43054e-09
0.00267942
-5.08123e-09
0.00267942
1.37119e-09
0.00267942
-2.51713e-09
0.00267942
9.95442e-09
0.00267942
-1.73615e-08
0.00267942
1.49716e-08
0.00267941
-6.89332e-09
0.00267942
-6.83715e-10
0.00267942
6.06227e-09
0.00267942
-4.9545e-09
0.00267942
9.48805e-10
0.00267942
2.29015e-09
0.00267942
4.81017e-10
0.00267942
1.2773e-09
0.00267942
-6.56867e-10
0.00267942
-3.76542e-10
0.00267942
1.54391e-09
0.00267942
9.60825e-10
0.00267942
-2.10394e-10
0.00267942
-7.34973e-10
0.00267942
-1.1633e-09
0.00267942
-9.11153e-10
0.00267942
-1.79462e-10
0.00267942
-1.84526e-10
0.00267942
-9.61603e-10
0.00267942
-1.4982e-09
0.00267942
-1.03797e-09
0.00267942
2.63668e-10
0.00267942
1.41071e-09
0.00267942
1.48371e-09
0.00267942
5.94312e-10
0.00267942
-1.46329e-10
0.00267942
7.70473e-11
0.00267942
8.44808e-10
0.00267942
1.0794e-09
0.00267942
2.46843e-10
0.00267942
-1.05383e-09
0.00267942
-1.70274e-09
0.00267942
-1.22568e-09
0.00267942
-5.27508e-11
0.00267942
9.62771e-10
0.00267942
1.41414e-09
0.00267942
1.53679e-09
0.00267942
1.78819e-09
0.00267942
2.80033e-09
0.00267942
3.56056e-09
0.00267942
5.65385e-09
0.00267942
5.44661e-09
7.13683e-09
0.00253936
-0.000114193
0.00258762
-0.000143662
0.00262461
-0.000111582
0.00264841
-7.26258e-05
0.00266231
-4.28474e-05
0.00267013
-2.42547e-05
0.00267442
-1.34022e-05
0.00267675
-7.28617e-06
0.002678
-3.92113e-06
0.00267866
-2.09727e-06
0.00267902
-1.11597e-06
0.0026792
-5.92522e-07
0.0026793
-3.1543e-07
0.00267936
-1.64679e-07
0.00267938
-8.96242e-08
0.0026794
-4.54881e-08
0.00267941
-2.43381e-08
0.00267941
-1.41572e-08
0.00267941
-5.78127e-09
0.00267941
-3.80531e-09
0.00267941
-1.8195e-09
0.00267942
-1.8946e-09
0.00267942
1.10741e-09
0.00267941
-1.21701e-09
0.00267942
-7.63205e-10
0.00267942
1.24656e-09
0.00267942
8.9288e-10
0.00267942
-2.6567e-09
0.00267942
1.11633e-09
0.00267942
1.57905e-09
0.00267942
-2.31998e-10
0.00267942
-2.87926e-09
0.00267942
3.96543e-09
0.00267941
-5.15543e-10
0.00267942
-4.85055e-09
0.00267942
9.49858e-09
0.00267942
-9.425e-09
0.00267942
5.46352e-09
0.00267941
-3.52721e-11
0.00267942
-5.5987e-09
0.00267942
1.14886e-08
0.00267942
-1.39845e-08
0.00267942
9.48266e-09
0.00267941
-2.0833e-09
0.00267942
-4.31765e-09
0.00267942
7.33989e-09
0.00267942
-8.53545e-09
0.00267942
4.88604e-09
0.00267941
-4.59856e-10
0.00267942
-3.89135e-09
0.00267942
4.61736e-09
0.00267942
-4.18677e-09
0.00267942
7.0787e-10
0.00267942
-2.60628e-09
0.00267942
1.07024e-08
0.00267942
-1.81954e-08
0.00267942
1.44856e-08
0.00267941
-5.00951e-09
0.00267942
-1.87632e-09
0.00267942
5.74218e-09
0.00267942
-4.41723e-09
0.00267942
6.87288e-10
0.00267942
2.59392e-09
0.00267942
5.41943e-10
0.00267942
9.19335e-10
0.00267942
-6.41651e-10
0.00267942
-2.34939e-10
0.00267942
1.62738e-09
0.00267942
1.01312e-09
0.00267942
-3.20408e-10
0.00267942
-8.72146e-10
0.00267942
-1.11937e-09
0.00267942
-7.86636e-10
0.00267942
-1.53622e-10
0.00267942
-2.76612e-10
0.00267942
-1.0717e-09
0.00267942
-1.51482e-09
0.00267942
-9.46147e-10
0.00267942
3.61535e-10
0.00267942
1.40835e-09
0.00267942
1.40047e-09
0.00267942
5.45173e-10
0.00267942
-1.0063e-10
0.00267942
1.707e-10
0.00267942
8.85492e-10
0.00267942
1.02916e-09
0.00267942
1.65898e-10
0.00267942
-1.09428e-09
0.00267942
-1.69125e-09
0.00267942
-1.2068e-09
0.00267942
-7.53547e-11
0.00267942
9.02595e-10
0.00267942
1.35389e-09
0.00267942
1.51342e-09
0.00267942
1.75145e-09
0.00267942
2.74749e-09
0.00267942
3.33513e-09
0.00267942
5.31535e-09
0.00267942
4.94744e-09
6.38439e-09
0.0025418
-0.000155994
0.00259069
-0.000192555
0.00262726
-0.000148151
0.0026503
-9.5662e-05
0.00266352
-5.60686e-05
0.00267085
-3.15802e-05
0.00267483
-1.73869e-05
0.00267698
-9.42934e-06
0.00267812
-5.06593e-06
0.00267873
-2.70636e-06
0.00267905
-1.43894e-06
0.00267922
-7.6434e-07
0.00267931
-4.05464e-07
0.00267936
-2.12881e-07
0.00267939
-1.14933e-07
0.0026794
-5.90755e-08
0.00267941
-3.09223e-08
0.00267941
-1.84054e-08
0.00267941
-7.61614e-09
0.00267941
-4.76899e-09
0.00267941
-2.0585e-09
0.00267942
-2.80976e-09
0.00267942
9.2048e-10
0.00267941
-2.42911e-10
0.00267942
-1.89231e-09
0.00267942
1.53241e-09
0.00267942
7.83883e-10
0.00267942
-1.96356e-09
0.00267942
1.82526e-10
0.00267942
1.69e-09
0.00267942
7.22158e-10
0.00267942
-3.90589e-09
0.00267942
3.89204e-09
0.00267942
6.12566e-10
0.00267942
-5.6417e-09
0.00267942
9.21654e-09
0.00267942
-8.91481e-09
0.00267942
5.13576e-09
0.00267941
1.20556e-09
0.00267942
-7.74832e-09
0.00267942
1.26546e-08
0.00267941
-1.31191e-08
0.00267942
7.45898e-09
0.00267941
-7.58831e-11
0.00267942
-5.49098e-09
0.00267942
7.35141e-09
0.00267942
-7.95158e-09
0.00267942
4.02178e-09
0.00267941
9.79127e-10
0.00267942
-5.33072e-09
0.00267942
4.6175e-09
0.00267942
-3.00418e-09
0.00267942
4.80633e-11
0.00267942
-3.02636e-09
0.00267942
1.15689e-08
0.00267942
-1.87821e-08
0.00267942
1.37864e-08
0.00267941
-3.13584e-09
0.00267942
-2.95344e-09
0.00267942
5.26817e-09
0.00267942
-3.80121e-09
0.00267942
5.24113e-10
0.00267942
2.80094e-09
0.00267942
5.75767e-10
0.00267942
5.90648e-10
0.00267942
-6.08938e-10
0.00267942
-6.77021e-11
0.00267942
1.70152e-09
0.00267942
1.03163e-09
0.00267942
-4.3045e-10
0.00267942
-9.85333e-10
0.00267942
-1.06648e-09
0.00267942
-6.75141e-10
0.00267942
-1.47474e-10
0.00267942
-3.76269e-10
0.00267942
-1.17447e-09
0.00267942
-1.52383e-09
0.00267942
-8.60306e-10
0.00267942
4.45725e-10
0.00267942
1.4028e-09
0.00267942
1.33129e-09
0.00267942
5.1536e-10
0.00267942
-4.698e-11
0.00267942
2.58644e-10
0.00267942
9.19913e-10
0.00267942
9.81213e-10
0.00267942
9.19243e-11
0.00267942
-1.13295e-09
0.00267942
-1.69159e-09
0.00267942
-1.20866e-09
0.00267942
-1.15717e-10
0.00267942
8.36412e-10
0.00267942
1.29586e-09
0.00267942
1.49637e-09
0.00267942
1.71248e-09
0.00267942
2.69656e-09
0.00267942
3.09073e-09
0.00267942
4.97334e-09
0.00267942
4.43229e-09
5.54946e-09
0.00254523
-0.000201221
0.00259493
-0.000242259
0.00263086
-0.000184081
0.00265283
-0.000117628
0.00266512
-6.83594e-05
0.00267179
-3.82537e-05
0.00267537
-2.0963e-05
0.00267727
-1.13334e-05
0.00267828
-6.0759e-06
0.00267882
-3.24129e-06
0.0026791
-1.7214e-06
0.00267925
-9.14625e-07
0.00267933
-4.83929e-07
0.00267937
-2.54848e-07
0.00267939
-1.36897e-07
0.0026794
-7.11235e-08
0.00267941
-3.65348e-08
0.00267941
-2.19407e-08
0.00267941
-9.40213e-09
0.00267941
-5.64569e-09
0.00267941
-2.16975e-09
0.00267942
-3.47772e-09
0.00267942
4.85889e-10
0.00267942
7.3318e-10
0.00267942
-2.74403e-09
0.00267942
1.6438e-09
0.00267942
4.8889e-10
0.00267942
-9.9942e-10
0.00267942
-5.6363e-10
0.00267942
1.26817e-09
0.00267942
1.82251e-09
0.00267942
-4.45972e-09
0.00267942
3.35374e-09
0.00267942
1.71396e-09
0.00267942
-6.15797e-09
0.00267942
8.77166e-09
0.00267942
-8.29766e-09
0.00267942
4.60598e-09
0.00267941
2.65404e-09
0.00267942
-9.86033e-09
0.00267942
1.33515e-08
0.00267941
-1.16102e-08
0.00267942
5.26227e-09
0.00267942
1.50588e-09
0.00267942
-6.25157e-09
0.00267942
7.29073e-09
0.00267942
-7.36452e-09
0.00267942
3.0759e-09
0.00267941
2.4345e-09
0.00267942
-6.66447e-09
0.00267942
4.39898e-09
0.00267941
-1.59411e-09
0.00267942
-5.51852e-10
0.00267942
-3.76915e-09
0.00267942
1.25068e-08
0.00267942
-1.90741e-08
0.00267942
1.28779e-08
0.00267941
-1.33421e-09
0.00267942
-3.88163e-09
0.00267942
4.67467e-09
0.00267942
-3.13786e-09
0.00267942
4.51777e-10
0.00267942
2.91928e-09
0.00267942
5.81121e-10
0.00267942
2.99978e-10
0.00267942
-5.5723e-10
0.00267942
1.14483e-10
0.00267942
1.76349e-09
0.00267942
1.02324e-09
0.00267942
-5.36069e-10
0.00267942
-1.07644e-09
0.00267942
-1.0091e-09
0.00267942
-5.78789e-10
0.00267942
-1.58213e-10
0.00267942
-4.80289e-10
0.00267942
-1.26989e-09
0.00267942
-1.52891e-09
0.00267942
-7.83179e-10
0.00267942
5.17365e-10
0.00267942
1.39773e-09
0.00267942
1.27718e-09
0.00267942
5.03867e-10
0.00267942
1.35832e-11
0.00267942
3.40563e-10
0.00267942
9.48643e-10
0.00267942
9.36533e-10
0.00267942
2.56343e-11
0.00267942
-1.17015e-09
0.00267942
-1.70471e-09
0.00267942
-1.23258e-09
0.00267942
-1.74564e-10
0.00267942
7.64373e-10
0.00267942
1.24133e-09
0.00267942
1.48756e-09
0.00267942
1.67243e-09
0.00267942
2.6534e-09
0.00267942
2.82459e-09
0.00267942
4.63555e-09
0.00267942
3.90141e-09
4.61122e-09
0.0025498
-0.000251022
0.00260045
-0.000292906
0.00263544
-0.000219072
0.00265598
-0.000138173
0.00266709
-7.94615e-05
0.00267294
-4.41112e-05
0.00267602
-2.40353e-05
0.00267763
-1.29455e-05
0.00267847
-6.92239e-06
0.00267892
-3.6868e-06
0.00267915
-1.9552e-06
0.00267928
-1.03894e-06
0.00267934
-5.48601e-07
0.00267938
-2.8943e-07
0.0026794
-1.54813e-07
0.00267941
-8.12119e-08
0.00267941
-4.11275e-08
0.00267941
-2.46625e-08
0.00267941
-1.09741e-08
0.00267942
-6.45618e-09
0.00267942
-2.2532e-09
0.00267942
-3.7693e-09
0.00267942
-1.07849e-10
0.00267942
1.47515e-09
0.00267942
-3.24631e-09
0.00267942
1.77361e-09
0.00267942
-1.11035e-10
0.00267942
5.98275e-11
0.00267942
-9.15239e-10
0.00267942
3.87385e-10
0.00267942
2.81602e-09
0.00267942
-4.42552e-09
0.00267942
2.48741e-09
0.00267942
2.58048e-09
0.00267942
-6.3609e-09
0.00267942
8.29673e-09
0.00267942
-7.63769e-09
0.00267942
3.78253e-09
0.00267941
4.32186e-09
0.00267942
-1.17572e-08
0.00267942
1.34686e-08
0.00267941
-9.58311e-09
0.00267942
3.07589e-09
0.00267942
2.6079e-09
0.00267942
-6.66059e-09
0.00267942
7.24567e-09
0.00267942
-6.80365e-09
0.00267942
2.01009e-09
0.00267941
3.90765e-09
0.00267942
-7.8218e-09
0.00267942
3.94197e-09
0.00267941
-3.45915e-11
0.00267942
-1.03861e-09
0.00267942
-4.79902e-09
0.00267942
1.34569e-08
0.00267942
-1.90434e-08
0.00267942
1.17813e-08
0.00267941
3.3837e-10
0.00267942
-4.63664e-09
0.00267942
3.99859e-09
0.00267942
-2.45835e-09
0.00267942
4.59198e-10
0.00267942
2.96002e-09
0.00267942
5.60743e-10
0.00267942
5.24902e-11
0.00267942
-4.87599e-10
0.00267942
3.0203e-10
0.00267942
1.81213e-09
0.00267942
9.95666e-10
0.00267942
-6.33166e-10
0.00267942
-1.14885e-09
0.00267942
-9.52561e-10
0.00267942
-4.98157e-10
0.00267942
-1.82421e-10
0.00267942
-5.85582e-10
0.00267942
-1.35901e-09
0.00267942
-1.53386e-09
0.00267942
-7.17311e-10
0.00267942
5.78079e-10
0.00267942
1.39625e-09
0.00267942
1.23984e-09
0.00267942
5.09691e-10
0.00267942
7.983e-11
0.00267942
4.16088e-10
0.00267942
9.72183e-10
0.00267942
8.96223e-10
0.00267942
-3.18929e-11
0.00267942
-1.20609e-09
0.00267942
-1.73181e-09
0.00267942
-1.28032e-09
0.00267942
-2.52863e-10
0.00267942
6.86656e-10
0.00267942
1.19151e-09
0.00267942
1.48948e-09
0.00267942
1.63221e-09
0.00267942
2.62462e-09
0.00267942
2.5329e-09
0.00267942
4.31212e-09
0.00267942
3.35587e-09
3.54549e-09
0.00255574
-0.000306761
0.00260741
-0.000344575
0.00264105
-0.000252718
0.00265977
-0.000156888
0.00266941
-8.91011e-05
0.00267429
-4.89895e-05
0.00267677
-2.65138e-05
0.00267804
-1.42179e-05
0.0026787
-7.5803e-06
0.00267904
-4.02972e-06
0.00267922
-2.13356e-06
0.00267931
-1.13356e-06
0.00267936
-5.97558e-07
0.00267939
-3.15731e-07
0.0026794
-1.68115e-07
0.00267941
-8.89424e-08
0.00267941
-4.46703e-08
0.00267941
-2.65337e-08
0.00267941
-1.21869e-08
0.00267942
-7.15737e-09
0.00267942
-2.40995e-09
0.00267942
-3.66209e-09
0.00267942
-7.17148e-10
0.00267942
1.84073e-09
0.00267942
-3.45453e-09
0.00267942
2.11698e-09
0.00267942
-1.028e-09
0.00267942
9.84419e-10
0.00267942
-7.52291e-10
0.00267942
-7.64082e-10
0.00267942
3.46523e-09
0.00267942
-3.81079e-09
0.00267942
1.48853e-09
0.00267942
3.07975e-09
0.00267942
-6.29878e-09
0.00267942
7.90923e-09
0.00267942
-6.94524e-09
0.00267942
2.58693e-09
0.00267941
6.16656e-09
0.00267942
-1.32519e-08
0.00267942
1.29422e-08
0.00267941
-7.21244e-09
0.00267942
1.08326e-09
0.00267942
3.22076e-09
0.00267942
-6.80468e-09
0.00267942
7.27739e-09
0.00267942
-6.27278e-09
0.00267942
8.02527e-10
0.00267941
5.37666e-09
0.00267942
-8.73604e-09
0.00267942
3.2449e-09
0.00267941
1.58817e-09
0.00267942
-1.37255e-09
0.00267942
-6.05505e-09
0.00267942
1.4355e-08
0.00267942
-1.86846e-08
0.00267942
1.05328e-08
0.00267942
1.83336e-09
0.00267942
-5.20412e-09
0.00267942
3.27667e-09
0.00267942
-1.79245e-09
0.00267942
5.32897e-10
0.00267942
2.93744e-09
0.00267942
5.20101e-10
0.00267942
-1.49879e-10
0.00267942
-4.03847e-10
0.00267942
4.86766e-10
0.00267942
1.84841e-09
0.00267942
9.57154e-10
0.00267942
-7.18599e-10
0.00267942
-1.20727e-09
0.00267942
-9.02198e-10
0.00267942
-4.33195e-10
0.00267942
-2.15536e-10
0.00267942
-6.89573e-10
0.00267942
-1.44374e-09
0.00267942
-1.5429e-09
0.00267942
-6.64705e-10
0.00267942
6.29402e-10
0.00267942
1.40153e-09
0.00267942
1.2213e-09
0.00267942
5.32078e-10
0.00267942
1.50269e-10
0.00267942
4.84586e-10
0.00267942
9.91079e-10
0.00267942
8.61798e-10
0.00267942
-7.94699e-11
0.00267942
-1.24085e-09
0.00267942
-1.77435e-09
0.00267942
-1.35406e-09
0.00267942
-3.51909e-10
0.00267942
6.03345e-10
0.00267942
1.14783e-09
0.00267942
1.50512e-09
0.00267942
1.59246e-09
0.00267942
2.6178e-09
0.00267942
2.21027e-09
0.00267942
4.01646e-09
0.00267942
2.79794e-09
2.32366e-09
0.00256333
-0.00037009
0.00261602
-0.000397263
0.00264777
-0.00028447
0.00266417
-0.000173291
0.00267206
-9.69883e-05
0.0026758
-5.27281e-05
0.0026776
-2.83157e-05
0.00267849
-1.5109e-05
0.00267894
-8.0287e-06
0.00267917
-4.2593e-06
0.00267929
-2.25117e-06
0.00267935
-1.19561e-06
0.00267938
-6.29256e-07
0.0026794
-3.33083e-07
0.00267941
-1.76408e-07
0.00267941
-9.39908e-08
0.00267941
-4.71133e-08
0.00267941
-2.7566e-08
0.00267941
-1.29488e-08
0.00267942
-7.66408e-09
0.00267942
-2.6931e-09
0.00267942
-3.24489e-09
0.00267942
-1.18526e-09
0.00267942
1.80298e-09
0.00267942
-3.50363e-09
0.00267942
2.78391e-09
0.00267942
-2.13943e-09
0.00267942
1.54823e-09
0.00267942
-7.8093e-11
0.00267942
-1.93166e-09
0.00267942
3.60726e-09
0.00267941
-2.73845e-09
0.00267942
5.67705e-10
0.00267942
3.16445e-09
0.00267942
-6.07387e-09
0.00267942
7.68344e-09
0.00267942
-6.18764e-09
0.00267942
9.83637e-10
0.00267941
8.08908e-09
0.00267942
-1.41768e-08
0.00267942
1.17696e-08
0.00267941
-4.6983e-09
0.00267942
-5.62648e-10
0.00267942
3.38521e-09
0.00267942
-6.78366e-09
0.00267942
7.41612e-09
0.00267942
-5.75797e-09
0.00267942
-5.47921e-10
0.00267942
6.80474e-09
0.00267942
-9.35936e-09
0.00267942
2.33176e-09
0.00267941
3.18214e-09
0.00267942
-1.52916e-09
0.00267942
-7.45304e-09
0.00267942
1.51309e-08
0.00267942
-1.80111e-08
0.00267942
9.17873e-09
0.00267942
3.11729e-09
0.00267942
-5.58159e-09
0.00267942
2.54287e-09
0.00267942
-1.16643e-09
0.00267942
6.57027e-10
0.00267942
2.86904e-09
0.00267942
4.67303e-10
0.00267942
-3.09678e-10
0.00267942
-3.11884e-10
0.00267942
6.62341e-10
0.00267942
1.87567e-09
0.00267942
9.16223e-10
0.00267942
-7.90634e-10
0.00267942
-1.2574e-09
0.00267942
-8.63426e-10
0.00267942
-3.82822e-10
0.00267942
-2.52364e-10
0.00267942
-7.8979e-10
0.00267942
-1.52703e-09
0.00267942
-1.56043e-09
0.00267942
-6.27243e-10
0.00267942
6.73048e-10
0.00267942
1.41686e-09
0.00267942
1.22393e-09
0.00267942
5.70443e-10
0.00267942
2.23251e-10
0.00267942
5.44884e-10
0.00267942
1.00597e-09
0.00267942
8.35347e-10
0.00267942
-1.15593e-10
0.00267942
-1.2745e-09
0.00267942
-1.8341e-09
0.00267942
-1.45641e-09
0.00267942
-4.73557e-10
0.00267942
5.14564e-10
0.00267942
1.11203e-09
0.00267942
1.53808e-09
0.00267942
1.55352e-09
0.00267942
2.64159e-09
0.00267942
1.84912e-09
0.00267942
3.76631e-09
0.00267942
2.23144e-09
9.11563e-10
0.00257293
-0.000443023
0.00262653
-0.000450859
0.00265565
-0.000313596
0.00266918
-0.000186812
0.002675
-0.000102816
0.00267745
-5.51717e-05
0.0026785
-2.93672e-05
0.00267897
-1.55849e-05
0.0026792
-8.2516e-06
0.00267931
-4.36766e-06
0.00267936
-2.30431e-06
0.00267939
-1.22313e-06
0.0026794
-6.42647e-07
0.00267941
-3.40989e-07
0.00267941
-1.79493e-07
0.00267941
-9.61427e-08
0.00267941
-4.83751e-08
0.00267941
-2.77924e-08
0.00267942
-1.32441e-08
0.00267942
-7.87738e-09
0.00267942
-3.0891e-09
0.00267942
-2.67411e-09
0.00267942
-1.40009e-09
0.00267942
1.45122e-09
0.00267942
-3.55555e-09
0.00267941
3.77634e-09
0.00267942
-3.24735e-09
0.00267942
1.60114e-09
0.00267941
9.81666e-10
0.00267942
-2.85509e-09
0.00267942
3.18772e-09
0.00267941
-1.41632e-09
0.00267942
-9.1305e-11
0.00267942
2.87172e-09
0.00267942
-5.8116e-09
0.00267942
7.63973e-09
0.00267941
-5.31023e-09
0.00267942
-1.00576e-09
0.00267941
9.95347e-09
0.00267942
-1.44179e-08
0.00267942
1.0021e-08
0.00267941
-2.2476e-09
0.00267942
-1.75413e-09
0.00267942
3.17622e-09
0.00267942
-6.68855e-09
0.00267942
7.66019e-09
0.00267941
-5.2371e-09
0.00267942
-2.01613e-09
0.00267941
8.14072e-09
0.00267942
-9.66673e-09
0.00267942
1.24654e-09
0.00267941
4.66746e-09
0.00267941
-1.50853e-09
0.00267942
-8.89555e-09
0.00267942
1.57222e-08
0.00267941
-1.70586e-08
0.00267942
7.77596e-09
0.00267942
4.16748e-09
0.00267942
-5.77457e-09
0.00267942
1.82472e-09
0.00267942
-6.01985e-10
0.00267942
8.16089e-10
0.00267942
2.77384e-09
0.00267942
4.11427e-10
0.00267942
-4.31625e-10
0.00267942
-2.20459e-10
0.00267942
8.24373e-10
0.00267942
1.89983e-09
0.00267942
8.81407e-10
0.00267942
-8.49262e-10
0.00267942
-1.30593e-09
0.00267942
-8.41269e-10
0.00267942
-3.45023e-10
0.00267942
-2.87278e-10
0.00267942
-8.83966e-10
0.00267942
-1.61249e-09
0.00267942
-1.59147e-09
0.00267942
-6.06462e-10
0.00267942
7.10867e-10
0.00267942
1.44579e-09
0.00267942
1.25042e-09
0.00267942
6.24466e-10
0.00267942
2.96493e-10
0.00267942
5.95584e-10
0.00267942
1.01749e-09
0.00267942
8.195e-10
0.00267942
-1.38075e-10
0.00267942
-1.30743e-09
0.00267942
-1.91324e-09
0.00267942
-1.59034e-09
0.00267942
-6.2023e-10
0.00267942
4.20419e-10
0.00267942
1.0863e-09
0.00267942
1.59273e-09
0.00267942
1.51523e-09
0.00267942
2.70573e-09
0.00267942
1.43906e-09
0.00267942
3.5853e-09
0.00267942
1.6621e-09
-7.31914e-10
0.00258502
-0.000528045
0.00263926
-0.0005051
0.00266479
-0.00033912
0.00267475
-0.000196774
0.0026782
-0.000106266
0.0026792
-5.61743e-05
0.00267944
-2.9607e-05
0.00267948
-1.56206e-05
0.00267946
-8.2386e-06
0.00267945
-4.35013e-06
0.00267943
-2.29099e-06
0.00267943
-1.21519e-06
0.00267942
-6.37257e-07
0.00267942
-3.39132e-07
0.00267942
-1.77357e-07
0.00267941
-9.53178e-08
0.00267941
-4.83456e-08
0.00267941
-2.72622e-08
0.00267941
-1.31112e-08
0.00267941
-7.72377e-09
0.00267941
-3.52165e-09
0.00267941
-2.12179e-09
0.00267941
-1.32145e-09
0.00267941
9.53184e-10
0.00267941
-3.74698e-09
0.00267941
4.98506e-09
0.00267941
-4.12423e-09
0.00267941
1.10239e-09
0.00267941
2.21044e-09
0.00267941
-3.32858e-09
0.00267941
2.2669e-09
0.00267941
-7.74801e-11
0.00267941
-3.81653e-10
0.00267941
2.31064e-09
0.00267941
-5.62576e-09
0.00267941
7.74409e-09
0.00267941
-4.26046e-09
0.00267942
-3.29526e-09
0.00267941
1.16038e-08
0.00267941
-1.39321e-08
0.00267942
7.83299e-09
0.00267941
-5.05478e-11
0.00267941
-2.43775e-09
0.00267941
2.68764e-09
0.00267941
-6.58929e-09
0.00267941
7.98482e-09
0.00267941
-4.69801e-09
0.00267941
-3.54235e-09
0.00267941
9.3266e-09
0.00267941
-9.66659e-09
0.00267941
5.78756e-11
0.00267941
5.97655e-09
0.00267941
-1.33612e-09
0.00267941
-1.02722e-08
0.00267941
1.60721e-08
0.00267941
-1.5879e-08
0.00267941
6.38662e-09
0.00267941
4.97491e-09
0.00267941
-5.79855e-09
0.00267941
1.14541e-09
0.00267941
-1.18524e-10
0.00267941
9.97318e-10
0.00267941
2.67138e-09
0.00267941
3.62645e-10
0.00267941
-5.2378e-10
0.00267941
-1.39882e-10
0.00267941
9.70209e-10
0.00267941
1.9295e-09
0.00267941
8.6086e-10
0.00267941
-8.96205e-10
0.00267941
-1.36053e-09
0.00267941
-8.40054e-10
0.00267941
-3.1692e-10
0.00267941
-3.14304e-10
0.00267941
-9.70091e-10
0.00267941
-1.70425e-09
0.00267941
-1.64159e-09
0.00267941
-6.04209e-10
0.00267941
7.45254e-10
0.00267941
1.49231e-09
0.00267941
1.30366e-09
0.00267941
6.93788e-10
0.00267941
3.67383e-10
0.00267941
6.34912e-10
0.00267941
1.02634e-09
0.00267941
8.17612e-10
0.00267941
-1.44319e-10
0.00267941
-1.34001e-09
0.00267941
-2.01454e-09
0.00267941
-1.75946e-09
0.00267941
-7.94768e-10
0.00267941
3.20953e-10
0.00267941
1.07341e-09
0.00267941
1.67437e-09
0.00267941
1.47681e-09
0.00267941
2.82113e-09
0.00267941
9.65902e-10
0.00267941
3.50518e-09
0.00267942
1.09775e-09
-2.65611e-09
0.00260018
-0.000628228
0.0026546
-0.000559521
0.00267524
-0.000359753
0.00268084
-0.000202378
0.00268158
-0.000107007
0.00268101
-5.56048e-05
0.00268039
-2.89889e-05
0.00267998
-1.52019e-05
0.00267972
-7.98551e-06
0.00267958
-4.20564e-06
0.0026795
-2.21102e-06
0.00267945
-1.17187e-06
0.00267943
-6.13205e-07
0.00267942
-3.27417e-07
0.00267941
-1.70149e-07
0.00267941
-9.15713e-08
0.00267941
-4.69176e-08
0.00267941
-2.60221e-08
0.0026794
-1.26224e-08
0.0026794
-7.17591e-09
0.0026794
-3.87763e-09
0.0026794
-1.73163e-09
0.0026794
-9.79723e-10
0.0026794
4.94292e-10
0.0026794
-4.14187e-09
0.0026794
6.22352e-09
0.0026794
-4.58317e-09
0.00267941
1.30449e-10
0.0026794
3.3596e-09
0.0026794
-3.24601e-09
0.00267941
1.0117e-09
0.0026794
1.04448e-09
0.0026794
-2.7037e-10
0.0026794
1.62294e-09
0.0026794
-5.59251e-09
0.0026794
7.92966e-09
0.0026794
-3.02395e-09
0.00267941
-5.72785e-09
0.0026794
1.28883e-08
0.0026794
-1.27587e-08
0.00267941
5.38818e-09
0.0026794
1.74445e-09
0.0026794
-2.615e-09
0.0026794
2.0144e-09
0.0026794
-6.52615e-09
0.0026794
8.35371e-09
0.0026794
-4.14753e-09
0.00267941
-5.04051e-09
0.0026794
1.03077e-08
0.0026794
-9.40175e-09
0.00267941
-1.14913e-09
0.0026794
7.06598e-09
0.0026794
-1.06531e-09
0.0026794
-1.14685e-08
0.0026794
1.61345e-08
0.0026794
-1.45377e-08
0.0026794
5.07541e-09
0.0026794
5.54394e-09
0.0026794
-5.67695e-09
0.0026794
5.20289e-10
0.0026794
2.70171e-10
0.0026794
1.18989e-09
0.0026794
2.58196e-09
0.0026794
3.30412e-10
0.0026794
-5.96435e-10
0.0026794
-8.19238e-11
0.0026794
1.09899e-09
0.0026794
1.97553e-09
0.0026794
8.6277e-10
0.0026794
-9.35032e-10
0.0026794
-1.4299e-09
0.0026794
-8.63335e-10
0.0026794
-2.94818e-10
0.0026794
-3.27108e-10
0.0026794
-1.04636e-09
0.0026794
-1.80674e-09
0.0026794
-1.71693e-09
0.0026794
-6.22724e-10
0.0026794
7.7914e-10
0.0026794
1.5612e-09
0.0026794
1.38664e-09
0.0026794
7.77756e-10
0.0026794
4.32814e-10
0.0026794
6.60881e-10
0.0026794
1.03355e-09
0.0026794
8.332e-10
0.0026794
-1.31004e-10
0.0026794
-1.37247e-09
0.0026794
-2.14146e-09
0.0026794
-1.96817e-09
0.0026794
-1.00032e-09
0.0026794
2.16402e-10
0.0026794
1.0767e-09
0.0026794
1.78911e-09
0.0026794
1.43666e-09
0.0026794
3.00009e-09
0.00267941
4.10641e-10
0.00267941
3.56786e-09
0.00267941
5.49116e-10
-4.91955e-09
0.00261913
-0.000747357
0.00267297
-0.000613367
0.00268703
-0.000373808
0.00268733
-0.000202683
0.00268504
-0.000104716
0.00268279
-5.33549e-05
0.00268129
-2.74864e-05
0.00268042
-1.43267e-05
0.00267993
-7.49506e-06
0.00267966
-3.93688e-06
0.00267951
-2.06612e-06
0.00267943
-1.09431e-06
0.00267939
-5.71203e-07
0.00267937
-3.06016e-07
0.00267936
-1.58146e-07
0.00267935
-8.50739e-08
0.00267935
-4.40249e-08
0.00267935
-2.41172e-08
0.00267935
-1.18465e-08
0.00267935
-6.26603e-09
0.00267935
-4.04739e-09
0.00267935
-1.57258e-09
0.00267935
-4.67764e-10
0.00267935
2.27477e-10
0.00267935
-4.71813e-09
0.00267935
7.28064e-09
0.00267935
-4.52141e-09
0.00267935
-1.14541e-09
0.00267935
4.20973e-09
0.00267934
-2.61587e-09
0.00267935
-3.7379e-10
0.00267935
1.80231e-09
0.00267935
1.88837e-10
0.00267935
9.47025e-10
0.00267935
-5.73806e-09
0.00267935
8.12374e-09
0.00267934
-1.63927e-09
0.00267935
-8.10914e-09
0.00267935
1.36972e-08
0.00267934
-1.10205e-08
0.00267935
2.88094e-09
0.00267935
3.06595e-09
0.00267935
-2.33928e-09
0.00267935
1.22758e-09
0.00267935
-6.49998e-09
0.00267935
8.72585e-09
0.00267934
-3.61647e-09
0.00267935
-6.40428e-09
0.00267935
1.10403e-08
0.00267935
-8.94886e-09
0.00267935
-2.27853e-09
0.00267935
7.92132e-09
0.00267935
-7.7731e-10
0.00267935
-1.23695e-08
0.00267935
1.58758e-08
0.00267934
-1.31106e-08
0.00267935
3.9071e-09
0.00267935
5.89066e-09
0.00267935
-5.43954e-09
0.00267935
-4.30617e-11
0.00267935
5.54804e-10
0.00267935
1.38698e-09
0.00267935
2.52517e-09
0.00267935
3.23149e-10
0.00267935
-6.62124e-10
0.00267935
-5.95015e-11
0.00267935
1.21186e-09
0.00267935
2.0501e-09
0.00267935
8.95335e-10
0.00267935
-9.70733e-10
0.00267935
-1.52377e-09
0.00267935
-9.13893e-10
0.00267935
-2.73824e-10
0.00267935
-3.19156e-10
0.00267935
-1.11086e-09
0.00267935
-1.92464e-09
0.00267935
-1.8241e-09
0.00267935
-6.64515e-10
0.00267935
8.15926e-10
0.00267935
1.65795e-09
0.00267935
1.50225e-09
0.00267935
8.75194e-10
0.00267935
4.88849e-10
0.00267935
6.71612e-10
0.00267935
1.04015e-09
0.00267935
8.69903e-10
0.00267935
-9.42101e-11
0.00267935
-1.40449e-09
0.00267935
-2.2979e-09
0.00267935
-2.22173e-09
0.00267935
-1.24013e-09
0.00267935
1.0776e-10
0.00267935
1.09997e-09
0.00267935
1.94331e-09
0.00267935
1.39204e-09
0.00267935
3.25616e-09
0.00267935
-2.51582e-10
0.00267935
3.82691e-09
0.00267935
3.185e-11
-7.58956e-09
0.00264264
-0.000889997
0.0026947
-0.000665423
0.00269997
-0.000379086
0.0026939
-0.000196606
0.00268827
-9.90921e-05
0.00268427
-4.9352e-05
0.00268188
-2.50991e-05
0.00268056
-1.30079e-05
0.00267985
-6.77777e-06
0.00267946
-3.5506e-06
0.00267926
-1.8601e-06
0.00267915
-9.84716e-07
0.00267909
-5.12546e-07
0.00267906
-2.75437e-07
0.00267904
-1.41747e-07
0.00267903
-7.60853e-08
0.00267903
-3.96777e-08
0.00267902
-2.15969e-08
0.00267902
-1.08262e-08
0.00267902
-5.0752e-09
0.00267902
-3.95709e-09
0.00267902
-1.63586e-09
0.00267902
1.05436e-10
0.00267902
2.19136e-10
0.00267902
-5.37153e-09
0.00267902
7.975e-09
0.00267902
-3.94464e-09
0.00267902
-2.51031e-09
0.00267902
4.62363e-09
0.00267902
-1.56073e-09
0.00267902
-1.66462e-09
0.00267902
2.11542e-09
0.00267902
8.98704e-10
0.00267902
3.84665e-10
0.00267902
-6.04006e-09
0.00267902
8.27315e-09
0.00267902
-2.06563e-10
0.00267902
-1.0229e-08
0.00267902
1.39772e-08
0.00267902
-8.90438e-09
0.00267902
5.03456e-10
0.00267902
3.89917e-09
0.00267902
-1.69445e-09
0.00267902
3.69502e-10
0.00267902
-6.47893e-09
0.00267902
9.06974e-09
0.00267902
-3.16472e-09
0.00267902
-7.51539e-09
0.00267902
1.1499e-08
0.00267902
-8.41491e-09
0.00267902
-3.2287e-09
0.00267902
8.55672e-09
0.00267902
-5.76535e-10
0.00267902
-1.28635e-08
0.00267902
1.52744e-08
0.00267902
-1.1678e-08
0.00267902
2.94343e-09
0.00267902
6.03975e-09
0.00267902
-5.11891e-09
0.00267902
-5.45116e-10
0.00267902
7.30077e-10
0.00267902
1.58539e-09
0.00267902
2.51879e-09
0.00267902
3.46907e-10
0.00267902
-7.35119e-10
0.00267902
-8.51031e-11
0.00267902
1.31028e-09
0.00267902
2.16584e-09
0.00267902
9.65473e-10
0.00267902
-1.00882e-09
0.00267902
-1.65146e-09
0.00267902
-9.94169e-10
0.00267902
-2.47636e-10
0.00267902
-2.82755e-10
0.00267902
-1.16131e-09
0.00267902
-2.06201e-09
0.00267902
-1.969e-09
0.00267902
-7.31471e-10
0.00267902
8.59098e-10
0.00267902
1.78746e-09
0.00267902
1.65245e-09
0.00267902
9.83365e-10
0.00267902
5.30718e-10
0.00267902
6.64586e-10
0.00267902
1.04693e-09
0.00267902
9.31008e-10
0.00267902
-2.96844e-11
0.00267902
-1.43452e-09
0.00267902
-2.48673e-09
0.00267902
-2.52457e-09
0.00267902
-1.51616e-09
0.00267902
-2.60197e-12
0.00267902
1.14725e-09
0.00267902
2.14181e-09
0.00267902
1.33843e-09
0.00267902
3.60213e-09
0.00267902
-1.0512e-09
0.00267902
4.34573e-09
0.00267902
-4.2998e-10
-1.07317e-08
0.00267112
-0.00106112
0.00271925
-0.000713552
0.00271293
-0.000372762
0.0026993
-0.000182976
0.00269011
-8.99073e-05
0.00268434
-4.35838e-05
0.00268111
-2.18629e-05
0.00267938
-1.12772e-05
0.00267845
-5.85361e-06
0.00267796
-3.05832e-06
0.0026777
-1.59926e-06
0.00267756
-8.46499e-07
0.00267749
-4.39153e-07
0.00267745
-2.36606e-07
0.00267743
-1.21464e-07
0.00267742
-6.49463e-08
0.00267741
-3.39898e-08
0.00267741
-1.85288e-08
0.00267741
-9.56962e-09
0.0026774
-3.71256e-09
0.0026774
-3.59228e-09
0.0026774
-1.84306e-09
0.0026774
6.39509e-10
0.0026774
4.46909e-10
0.0026774
-5.95725e-09
0.0026774
8.20274e-09
0.0026774
-2.96516e-09
0.0026774
-3.75078e-09
0.0026774
4.56851e-09
0.0026774
-2.71667e-10
0.0026774
-2.68809e-09
0.0026774
1.99806e-09
0.0026774
1.73978e-09
0.0026774
-1.86021e-11
0.0026774
-6.44047e-09
0.0026774
8.36473e-09
0.0026774
1.11643e-09
0.0026774
-1.18855e-08
0.0026774
1.37383e-08
0.0026774
-6.63994e-09
0.0026774
-1.57597e-09
0.0026774
4.28699e-09
0.0026774
-7.81911e-10
0.0026774
-5.52139e-10
0.0026774
-6.40126e-09
0.0026774
9.36561e-09
0.0026774
-2.87637e-09
0.0026774
-8.24911e-09
0.0026774
1.16737e-08
0.0026774
-7.91943e-09
0.0026774
-3.90232e-09
0.0026774
9.00582e-09
0.0026774
-5.75183e-10
0.0026774
-1.28481e-08
0.0026774
1.432e-08
0.0026774
-1.03153e-08
0.0026774
2.23689e-09
0.0026774
6.01838e-09
0.0026774
-4.74536e-09
0.0026774
-9.91546e-10
0.0026774
7.94601e-10
0.0026774
1.78173e-09
0.0026774
2.57395e-09
0.0026774
4.03755e-10
0.0026774
-8.29185e-10
0.0026774
-1.70695e-10
0.0026774
1.39451e-09
0.0026774
2.33032e-09
0.0026774
1.07693e-09
0.0026774
-1.05377e-09
0.0026774
-1.81891e-09
0.0026774
-1.1027e-09
0.0026774
-2.08622e-10
0.0026774
-2.08978e-10
0.0026774
-1.19293e-09
0.0026774
-2.2182e-09
0.0026774
-2.15217e-09
0.0026774
-8.22352e-10
0.0026774
9.10836e-10
0.0026774
1.9497e-09
0.0026774
1.83369e-09
0.0026774
1.09618e-09
0.0026774
5.51306e-10
0.0026774
6.35461e-10
0.0026774
1.05269e-09
0.0026774
1.01777e-09
0.0026774
6.62748e-11
0.0026774
-1.45799e-09
0.0026774
-2.70412e-09
0.0026774
-2.87269e-09
0.0026774
-1.82423e-09
0.0026774
-1.09829e-10
0.0026774
1.22075e-09
0.0026774
2.38404e-09
0.0026774
1.26451e-09
0.0026774
4.045e-09
0.0026774
-2.02038e-09
0.0026774
5.17964e-09
0.0026774
-7.90374e-10
-1.43665e-08
0.00270283
-0.00126395
0.00274254
-0.00075326
0.00272107
-0.000351292
0.00269884
-0.000160744
0.00268605
-7.71167e-05
0.00267861
-3.61489e-05
0.00267462
-1.78727e-05
0.00267254
-9.19436e-06
0.00267144
-4.75602e-06
0.00267086
-2.47819e-06
0.00267056
-1.29335e-06
0.00267039
-6.8477e-07
0.00267031
-3.53819e-07
0.00267026
-1.91016e-07
0.00267024
-9.80051e-08
0.00267023
-5.21075e-08
0.00267022
-2.72063e-08
0.00267022
-1.50106e-08
0.00267022
-8.06339e-09
0.00267021
-2.30475e-09
0.00267021
-2.99405e-09
0.00267021
-2.07989e-09
0.00267021
1.07238e-09
0.00267021
7.99967e-10
0.00267021
-6.31093e-09
0.00267021
7.94009e-09
0.00267021
-1.7679e-09
0.00267021
-4.69628e-09
0.00267021
4.11497e-09
0.00267021
1.02228e-09
0.00267021
-3.33511e-09
0.00267021
1.53643e-09
0.00267021
2.58927e-09
0.00267021
-2.74997e-10
0.00267021
-6.84395e-09
0.00267021
8.40441e-09
0.00267021
2.1367e-09
0.00267021
-1.28867e-08
0.00267021
1.30306e-08
0.00267021
-4.46434e-09
0.00267021
-3.232e-09
0.00267021
4.31715e-09
0.00267021
2.84027e-10
0.00267021
-1.54489e-09
0.00267021
-6.17686e-09
0.00267021
9.58023e-09
0.00267021
-2.82989e-09
0.00267021
-8.47756e-09
0.00267021
1.15493e-08
0.00267021
-7.557e-09
0.00267021
-4.20782e-09
0.00267021
9.2839e-09
0.00267021
-8.61938e-10
0.00267021
-1.22251e-08
0.00267021
1.3003e-08
0.00267021
-9.0704e-09
0.00267021
1.81572e-09
0.00267021
5.84178e-09
0.00267021
-4.33692e-09
0.00267021
-1.38053e-09
0.00267021
7.49788e-10
0.00267021
1.95991e-09
0.00267021
2.68054e-09
0.00267021
4.8742e-10
0.00267021
-9.5223e-10
0.00267021
-3.22803e-10
0.00267021
1.45561e-09
0.00267021
2.53091e-09
0.00267021
1.22156e-09
0.00267021
-1.10416e-09
0.00267021
-2.01553e-09
0.00267021
-1.22641e-09
0.00267021
-1.46838e-10
0.00267021
-8.93513e-11
0.00267021
-1.19295e-09
0.00267021
-2.37413e-09
0.00267021
-2.35357e-09
0.00267021
-9.25982e-10
0.00267021
9.67056e-10
0.00267021
2.12663e-09
0.00267021
2.02369e-09
0.00267021
1.19608e-09
0.00267021
5.38539e-10
0.00267021
5.7568e-10
0.00267021
1.04927e-09
0.00267021
1.12245e-09
0.00267021
1.93741e-10
0.00267021
-1.46083e-09
0.00267021
-2.92194e-09
0.00267021
-3.23185e-09
0.00267021
-2.13665e-09
0.00267021
-2.03969e-10
0.00267021
1.3129e-09
0.00267021
2.64938e-09
0.00267021
1.14518e-09
0.00267021
4.56247e-09
0.00267021
-3.17368e-09
0.00267021
6.31406e-09
0.00267021
-9.4813e-10
-1.83274e-08
0.00272793
-0.00149188
0.00274838
-0.000773709
0.0027076
-0.000310511
0.00267646
-0.000129605
0.00266041
-6.10654e-05
0.00265161
-2.73542e-05
0.00264707
-1.33253e-05
0.00264474
-6.86459e-06
0.00264352
-3.54005e-06
0.00264288
-1.83923e-06
0.00264255
-9.57715e-07
0.00264237
-5.07484e-07
0.00264228
-2.60813e-07
0.00264223
-1.41022e-07
0.0026422
-7.24537e-08
0.00264219
-3.82123e-08
0.00264218
-1.97425e-08
0.00264217
-1.11956e-08
0.00264217
-6.30905e-09
0.00264217
-9.90826e-10
0.00264217
-2.24931e-09
0.00264217
-2.21225e-09
0.00264217
1.35992e-09
0.00264217
1.12792e-09
0.00264217
-6.2764e-09
0.00264217
7.20763e-09
0.00264217
-5.75419e-10
0.00264217
-5.2045e-09
0.00264217
3.40199e-09
0.00264217
2.06488e-09
0.00264217
-3.54395e-09
0.00264217
8.62116e-10
0.00264217
3.30132e-09
0.00264217
-4.19753e-10
0.00264217
-7.08996e-09
0.00264217
8.32741e-09
0.00264217
2.67109e-09
0.00264217
-1.30095e-08
0.00264217
1.18756e-08
0.00264217
-2.60457e-09
0.00264217
-4.33326e-09
0.00264217
4.06893e-09
0.00264217
1.34332e-09
0.00264217
-2.54331e-09
0.00264217
-5.69093e-09
0.00264217
9.58458e-09
0.00264217
-3.02243e-09
0.00264217
-8.06675e-09
0.00264217
1.10456e-08
0.00264217
-7.3064e-09
0.00264217
-4.06781e-09
0.00264217
9.30086e-09
0.00264217
-1.42977e-09
0.00264217
-1.08879e-08
0.00264217
1.12919e-08
0.00264217
-7.91613e-09
0.00264217
1.65129e-09
0.00264217
5.47835e-09
0.00264217
-3.87538e-09
0.00264217
-1.67522e-09
0.00264217
6.0087e-10
0.00264217
2.06458e-09
0.00264217
2.77031e-09
0.00264217
5.72106e-10
0.00264217
-1.08904e-09
0.00264217
-5.28196e-10
0.00264217
1.45865e-09
0.00264217
2.6975e-09
0.00264217
1.35792e-09
0.00264217
-1.13988e-09
0.00264217
-2.1822e-09
0.00264217
-1.32107e-09
0.00264217
-5.21243e-11
0.00264217
7.68256e-11
0.00264217
-1.1299e-09
0.00264217
-2.46013e-09
0.00264217
-2.49736e-09
0.00264217
-1.00603e-09
0.00264217
1.0046e-09
0.00264217
2.25188e-09
0.00264217
2.1515e-09
0.00264217
1.23699e-09
0.00264217
4.72031e-10
0.00264217
4.70253e-10
0.00264217
1.01064e-09
0.00264217
1.21053e-09
0.00264217
3.39167e-10
0.00264217
-1.40434e-09
0.00264217
-3.04696e-09
0.00264217
-3.48703e-09
0.00264217
-2.36698e-09
0.00264217
-2.61982e-10
0.00264217
1.38679e-09
0.00264217
2.86146e-09
0.00264217
9.23843e-10
0.00264217
5.05228e-09
0.00264217
-4.44437e-09
0.00264217
7.50559e-09
0.00264217
-6.91018e-10
-2.19178e-08
0.00271302
-0.0017049
0.00268835
-0.000749042
0.00262418
-0.000246333
0.00258578
-9.12037e-05
0.00256748
-4.2766e-05
0.00255798
-1.7862e-05
0.00255324
-8.58384e-06
0.00255084
-4.46449e-06
0.0025496
-2.29525e-06
0.00254895
-1.18806e-06
0.00254861
-6.16803e-07
0.00254843
-3.2734e-07
0.00254833
-1.66886e-07
0.00254828
-9.03457e-08
0.00254825
-4.65697e-08
0.00254824
-2.42661e-08
0.00254823
-1.22487e-08
0.00254823
-7.3216e-09
0.00254823
-4.36586e-09
0.00254823
4.72888e-11
0.00254823
-1.45617e-09
0.00254823
-2.10394e-09
0.00254823
1.43558e-09
0.00254823
1.2858e-09
0.00254822
-5.68001e-09
0.00254823
5.9883e-09
0.00254823
3.654e-10
0.00254822
-5.08653e-09
0.00254823
2.55503e-09
0.00254823
2.59424e-09
0.00254822
-3.27558e-09
0.00254823
1.52943e-10
0.00254823
3.6285e-09
0.00254823
-4.59036e-10
0.00254823
-6.86199e-09
0.00254823
7.8365e-09
0.00254823
2.58873e-09
0.00254822
-1.18935e-08
0.00254823
1.01358e-08
0.00254823
-1.24127e-09
0.00254823
-4.67817e-09
0.00254823
3.54543e-09
0.00254823
2.13735e-09
0.00254823
-3.28371e-09
0.00254822
-4.79834e-09
0.00254823
9.01374e-09
0.00254823
-3.25457e-09
0.00254822
-6.86572e-09
0.00254823
9.9077e-09
0.00254823
-6.88639e-09
0.00254822
-3.42331e-09
0.00254823
8.7158e-09
0.00254823
-2.06419e-09
0.00254822
-8.71574e-09
0.00254823
9.10058e-09
0.00254822
-6.67426e-09
0.00254822
1.60591e-09
0.00254823
4.79416e-09
0.00254822
-3.27196e-09
0.00254822
-1.76001e-09
0.00254823
3.69162e-10
0.00254823
1.96357e-09
0.00254823
2.66347e-09
0.00254823
5.97459e-10
0.00254823
-1.16626e-09
0.00254823
-7.20788e-10
0.00254823
1.32258e-09
0.00254823
2.6477e-09
0.00254823
1.37579e-09
0.00254823
-1.0954e-09
0.00254823
-2.16736e-09
0.00254823
-1.28319e-09
0.00254823
7.09095e-11
0.00254823
2.6145e-10
0.00254823
-9.4722e-10
0.00254822
-2.31472e-09
0.00254822
-2.40711e-09
0.00254822
-9.80351e-10
0.00254822
9.6097e-10
0.00254822
2.16934e-09
0.00254823
2.0609e-09
0.00254823
1.12917e-09
0.00254823
3.29477e-10
0.00254823
3.0445e-10
0.00254823
8.80383e-10
0.00254823
1.19358e-09
0.00254823
4.57291e-10
0.00254823
-1.21186e-09
0.00254823
-2.8705e-09
0.00254823
-3.37865e-09
0.00254822
-2.32514e-09
0.00254822
-2.4711e-10
0.00254822
1.3454e-09
0.00254823
2.83463e-09
0.00254823
5.16579e-10
0.00254823
5.23956e-09
0.00254823
-5.52874e-09
0.00254823
8.04918e-09
0.00254822
2.71844e-10
-2.34101e-08
0.00257174
-0.00177664
0.00245086
-0.00062816
0.0023623
-0.000157777
0.00232164
-5.05403e-05
0.00230296
-2.40902e-05
0.00229396
-8.85685e-06
0.00228961
-4.24029e-06
0.00228741
-2.26658e-06
0.00228628
-1.15898e-06
0.00228569
-5.96189e-07
0.00228538
-3.08011e-07
0.00228521
-1.639e-07
0.00228513
-8.23889e-08
0.00228508
-4.46508e-08
0.00228506
-2.31323e-08
0.00228505
-1.18124e-08
0.00228504
-5.69253e-09
0.00228504
-3.74636e-09
0.00228504
-2.40345e-09
0.00228503
5.83422e-10
0.00228503
-7.26433e-10
0.00228503
-1.6208e-09
0.00228503
1.19624e-09
0.00228503
1.12985e-09
0.00228503
-4.28421e-09
0.00228503
4.18757e-09
0.00228503
7.75e-10
0.00228503
-4.04829e-09
0.00228503
1.6575e-09
0.00228503
2.31011e-09
0.00228503
-2.45844e-09
0.00228503
-3.46499e-10
0.00228503
3.16775e-09
0.00228503
-3.53103e-10
0.00228503
-5.60882e-09
0.00228503
6.29518e-09
0.00228504
1.86889e-09
0.00228503
-9.00983e-09
0.00228504
7.45514e-09
0.00228503
-4.97134e-10
0.00228503
-3.93568e-09
0.00228503
2.64009e-09
0.00228503
2.23625e-09
0.00228503
-3.20082e-09
0.00228503
-3.36124e-09
0.00228503
7.18559e-09
0.00228503
-3.02907e-09
0.00228503
-4.76594e-09
0.00228503
7.6283e-09
0.00228503
-5.65947e-09
0.00228503
-2.27663e-09
0.00228503
6.87578e-09
0.00228503
-2.25895e-09
0.00228503
-5.66989e-09
0.00228503
6.29122e-09
0.00228503
-4.98279e-09
0.00228503
1.41765e-09
0.00228503
3.53279e-09
0.00228503
-2.36112e-09
0.00228503
-1.43521e-09
0.00228503
1.1942e-10
0.00228503
1.46669e-09
0.00228503
2.08038e-09
0.00228503
4.85418e-10
0.00228503
-1.0228e-09
0.00228503
-7.4942e-10
0.00228503
9.4682e-10
0.00228503
2.08943e-09
0.00228504
1.11466e-09
0.00228503
-8.63329e-10
0.00228503
-1.72547e-09
0.00228503
-9.82199e-10
0.00228503
1.73904e-10
0.00228503
3.69732e-10
0.00228503
-6.0129e-10
0.00228503
-1.72141e-09
0.00228503
-1.8345e-09
0.00228503
-7.47533e-10
0.00228503
7.42488e-10
0.00228503
1.65748e-09
0.00228503
1.54673e-09
0.00228503
7.85542e-10
0.00228503
1.2569e-10
0.00228503
9.92359e-11
0.00228503
5.93564e-10
0.00228503
9.35628e-10
0.00228503
4.56701e-10
0.00228503
-8.06335e-10
0.00228503
-2.12126e-09
0.00228503
-2.55947e-09
0.00228503
-1.76581e-09
0.00228503
-1.40585e-10
0.00228503
1.03618e-09
0.00228503
2.2829e-09
0.00228503
-7.16944e-11
0.00228503
4.60825e-09
0.00228503
-5.63705e-09
0.00228504
6.80196e-09
0.00228503
1.81265e-09
-2.00528e-08
0.00212963
-0.00140627
0.00185256
-0.000351089
0.00175374
-5.89554e-05
0.0017192
-1.6008e-05
0.00170321
-8.10029e-06
0.00169658
-2.22027e-06
0.00169345
-1.11137e-06
0.00169182
-6.42256e-07
0.00169099
-3.22499e-07
0.00169056
-1.63391e-07
0.00169033
-8.35128e-08
0.00169021
-4.45762e-08
0.00169015
-2.1761e-08
0.00169012
-1.1769e-08
0.0016901
-6.11542e-09
0.00169009
-3.02166e-09
0.00169009
-1.2981e-09
0.00169009
-1.02716e-09
0.00169008
-7.41784e-10
0.00169008
4.14563e-10
0.00169008
-1.74841e-10
0.00169008
-7.12961e-10
0.00169008
5.28573e-10
0.00169008
6.12878e-10
0.00169008
-1.93047e-09
0.00169008
1.71384e-09
0.00169008
5.26989e-10
0.00169008
-1.85041e-09
0.00169008
6.49939e-10
0.00169008
1.09344e-09
0.00169008
-1.03116e-09
0.00169008
-3.84032e-10
0.00169008
1.53776e-09
0.00169008
-4.30577e-11
0.00169008
-2.76565e-09
0.00169008
2.96308e-09
0.00169009
7.98345e-10
0.00169008
-4.03684e-09
0.00169008
3.33956e-09
0.00169008
-1.82722e-10
0.00169008
-1.85668e-09
0.00169008
1.14444e-09
0.00169008
1.25618e-09
0.00169008
-1.66e-09
0.00169008
-1.46215e-09
0.00169008
3.42356e-09
0.00169008
-1.62411e-09
0.00169008
-1.96901e-09
0.00169008
3.61027e-09
0.00169008
-2.79215e-09
0.00169008
-9.05601e-10
0.00169008
3.21287e-09
0.00169008
-1.32121e-09
0.00169008
-2.12869e-09
0.00169008
2.7262e-09
0.00169008
-2.3573e-09
0.00169008
7.25913e-10
0.00169008
1.56222e-09
0.00169008
-1.00762e-09
0.00169008
-6.14179e-10
0.00169008
-4.07078e-11
0.00169008
5.5708e-10
0.00169008
9.08846e-10
0.00169008
2.39685e-10
0.00169008
-4.84894e-10
0.00169008
-4.29363e-10
0.00169008
3.39641e-10
0.00169008
9.08408e-10
0.00169008
5.13123e-10
0.00169008
-3.64588e-10
0.00169008
-7.59617e-10
0.00169008
-4.2183e-10
0.00169008
1.24029e-10
0.00169008
2.42974e-10
0.00169008
-1.78244e-10
0.00169008
-6.83413e-10
0.00169008
-7.5692e-10
0.00169008
-3.11844e-10
0.00169008
3.05827e-10
0.00169008
6.85871e-10
0.00169008
6.311e-10
0.00169008
2.922e-10
0.00169008
-1.054e-11
0.00169008
-3.42325e-11
0.00169008
1.93716e-10
0.00169008
3.88036e-10
0.00169008
2.41172e-10
0.00169008
-2.62693e-10
0.00169008
-8.24427e-10
0.00169008
-1.03323e-09
0.00169008
-7.18996e-10
0.00169008
-2.45331e-11
0.00169008
4.1474e-10
0.00169008
1.07151e-09
0.00169008
-4.12405e-10
0.00169008
2.51508e-09
0.00169008
-3.3373e-09
0.00169009
3.03915e-09
0.00169009
2.1976e-09
-9.79887e-09
0.00109373
0.000742643
0.000683688
0.00066768
0.000659579
0.000657359
0.000656248
0.000655605
0.000655283
0.00065512
0.000655036
0.000654991
0.00065497
0.000654958
0.000654952
0.000654949
0.000654947
0.000654946
0.000654946
0.000654946
0.000654946
0.000654945
0.000654946
0.000654946
0.000654944
0.000654946
0.000654947
0.000654945
0.000654945
0.000654947
0.000654946
0.000654945
0.000654947
0.000654947
0.000654944
0.000654947
0.000654948
0.000654944
0.000654947
0.000654947
0.000654945
0.000654946
0.000654947
0.000654946
0.000654944
0.000654948
0.000654946
0.000654944
0.000654948
0.000654945
0.000654944
0.000654947
0.000654946
0.000654944
0.000654946
0.000654944
0.000654945
0.000654946
0.000654945
0.000654945
0.000654945
0.000654945
0.000654946
0.000654946
0.000654946
0.000654945
0.000654946
0.000654947
0.000654947
0.000654947
0.000654946
0.000654946
0.000654946
0.000654946
0.000654946
0.000654945
0.000654944
0.000654944
0.000654944
0.000654945
0.000654946
0.000654946
0.000654946
0.000654946
0.000654946
0.000654947
0.000654947
0.000654947
0.000654946
0.000654945
0.000654944
0.000654944
0.000654944
0.000654945
0.000654945
0.000654948
0.000654944
0.000654947
0.000654949
)
;

boundaryField
{
    inlet
    {
        type            calculated;
        value           nonuniform List<scalar> 
40
(
-0.0025
-0.0025
-0.0025
-0.0025
-0.0025
-0.0025
-0.0025
-0.0025
-0.0025
-0.0025
-0.0025
-0.0025
-0.0025
-0.0025
-0.0025
-0.0025
-0.0025
-0.0025
-0.0025
-0.0025
-0.0025
-0.0025
-0.0025
-0.0025
-0.0025
-0.0025
-0.0025
-0.0025
-0.0025
-0.0025
-0.0025
-0.0025
-0.0025
-0.0025
-0.0025
-0.0025
-0.0025
-0.0025
-0.0025
-0.0025
)
;
    }
    outlet
    {
        type            calculated;
        value           nonuniform List<scalar> 
40
(
0.000654933
0.00169006
0.00228502
0.00254822
0.00264217
0.00267021
0.0026774
0.00267902
0.00267935
0.00267941
0.00267942
0.00267942
0.00267942
0.00267942
0.00267942
0.00267942
0.00267942
0.00267942
0.00267942
0.00267942
0.00267942
0.00267942
0.00267942
0.00267942
0.00267942
0.00267942
0.00267942
0.00267942
0.00267942
0.00267942
0.00267941
0.00267935
0.00267903
0.00267741
0.00267022
0.00264217
0.00254823
0.00228503
0.00169007
0.00065494
)
;
    }
    upperWall
    {
        type            calculated;
        value           uniform 0;
    }
    lowerWall
    {
        type            calculated;
        value           uniform 0;
    }
    frontAndBack
    {
        type            empty;
        value           nonuniform 0();
    }
}


// ************************************************************************* //
