/*--------------------------------*- C++ -*----------------------------------*\
| =========                 |                                                 |
| \\      /  F ield         | OpenFOAM: The Open Source CFD Toolbox           |
|  \\    /   O peration     | Version:  5.x                                   |
|   \\  /    A nd           | Web:      www.OpenFOAM.org                      |
|    \\/     M anipulation  |                                                 |
\*---------------------------------------------------------------------------*/
FoamFile
{
    version     2.0;
    format      ascii;
    class       volVectorField;
    location    "0.1";
    object      U;
}
// * * * * * * * * * * * * * * * * * * * * * * * * * * * * * * * * * * * * * //

dimensions      [0 1 -1 0 0 0 0];

internalField   nonuniform List<vector> 
4000
(
(0.284082 0.0951082 0)
(0.209846 0.0158802 0)
(0.118976 0.00353855 0)
(0.100419 0.0016916 0)
(0.0870938 0.000720635 0)
(0.081501 0.000403081 0)
(0.0781005 0.000195971 0)
(0.0764679 0.000104206 0)
(0.0755818 4.92685e-05 0)
(0.0751689 2.31581e-05 0)
(0.0749753 9.17239e-06 0)
(0.0749013 2.88113e-06 0)
(0.0748797 4.66198e-08 0)
(0.0748817 -9.20258e-07 0)
(0.0748912 -1.11168e-06 0)
(0.0749019 -9.71359e-07 0)
(0.0749109 -7.46513e-07 0)
(0.0749177 -5.29217e-07 0)
(0.0749225 -3.54082e-07 0)
(0.0749257 -2.25429e-07 0)
(0.0749276 -1.38202e-07 0)
(0.0749288 -7.97753e-08 0)
(0.0749295 -4.39867e-08 0)
(0.0749299 -2.37114e-08 0)
(0.0749301 -1.14736e-08 0)
(0.0749302 -4.94056e-09 0)
(0.0749302 -1.86382e-09 0)
(0.0749302 -5.74267e-10 0)
(0.0749302 1.04695e-10 0)
(0.0749302 -2.61143e-10 0)
(0.0749302 -4.58229e-10 0)
(0.0749302 6.25054e-11 0)
(0.0749302 3.38469e-10 0)
(0.0749302 -1.04372e-10 0)
(0.0749302 2.40626e-10 0)
(0.0749302 9.25257e-10 0)
(0.0749302 8.90676e-10 0)
(0.0749302 8.60354e-10 0)
(0.0749302 7.49988e-10 0)
(0.0749302 1.20908e-09 0)
(0.0749302 1.01813e-09 0)
(0.0749301 1.87575e-09 0)
(0.0749301 1.52174e-09 0)
(0.0749301 1.54829e-09 0)
(0.0749301 1.73954e-09 0)
(0.0749301 6.76116e-10 0)
(0.07493 8.02573e-10 0)
(0.07493 7.05245e-10 0)
(0.07493 2.98115e-11 0)
(0.07493 -8.2344e-10 0)
(0.07493 -1.10214e-09 0)
(0.0749301 -4.76413e-10 0)
(0.0749301 -6.28748e-10 0)
(0.0749301 -1.5726e-09 0)
(0.0749301 -2.15002e-09 0)
(0.0749301 -9.33539e-10 0)
(0.0749302 -1.33671e-09 0)
(0.0749302 -1.76122e-09 0)
(0.0749302 -2.10028e-09 0)
(0.0749302 -2.19425e-09 0)
(0.0749302 -2.0404e-09 0)
(0.0749303 -1.54928e-09 0)
(0.0749303 -1.46786e-09 0)
(0.0749303 -1.53469e-09 0)
(0.0749303 -1.13733e-09 0)
(0.0749303 -1.10622e-10 0)
(0.0749303 3.08018e-10 0)
(0.0749303 1.10816e-09 0)
(0.0749303 1.57654e-09 0)
(0.0749303 2.07437e-09 0)
(0.0749303 2.74227e-09 0)
(0.0749302 3.31129e-09 0)
(0.0749302 3.57518e-09 0)
(0.0749301 3.23264e-09 0)
(0.0749301 2.77599e-09 0)
(0.07493 2.50882e-09 0)
(0.07493 1.50491e-09 0)
(0.07493 7.76247e-10 0)
(0.07493 -7.91215e-10 0)
(0.07493 -2.14956e-09 0)
(0.07493 -3.00555e-09 0)
(0.0749301 -3.62735e-09 0)
(0.0749301 -3.87687e-09 0)
(0.0749302 -3.90544e-09 0)
(0.0749302 -3.86585e-09 0)
(0.0749303 -3.38247e-09 0)
(0.0749303 -2.39642e-09 0)
(0.0749303 -1.14888e-09 0)
(0.0749303 -6.90698e-10 0)
(0.0749303 3.01263e-10 0)
(0.0749303 1.61649e-09 0)
(0.0749303 2.19213e-09 0)
(0.0749303 2.78947e-09 0)
(0.0749302 2.26516e-09 0)
(0.0749302 1.24497e-09 0)
(0.0749302 7.63024e-10 0)
(0.0749302 6.57241e-10 0)
(0.0749302 2.01735e-09 0)
(0.0749302 9.50431e-10 0)
(0.0749301 8.45198e-09 0)
(0.624505 0.240993 0)
(0.52105 0.0569449 0)
(0.3386 0.0189331 0)
(0.287838 0.00912827 0)
(0.252429 0.0043859 0)
(0.236405 0.00239612 0)
(0.226809 0.00123762 0)
(0.222016 0.000657507 0)
(0.219405 0.000327434 0)
(0.218141 0.00015848 0)
(0.217532 6.89558e-05 0)
(0.21728 2.57815e-05 0)
(0.217192 5.6434e-06 0)
(0.217181 -2.37987e-06 0)
(0.217198 -4.83272e-06 0)
(0.217223 -4.80948e-06 0)
(0.217245 -3.92938e-06 0)
(0.217262 -2.89204e-06 0)
(0.217275 -1.99029e-06 0)
(0.217284 -1.29548e-06 0)
(0.217289 -8.07382e-07 0)
(0.217292 -4.78209e-07 0)
(0.217294 -2.70045e-07 0)
(0.217295 -1.46559e-07 0)
(0.217296 -7.34477e-08 0)
(0.217296 -3.37537e-08 0)
(0.217296 -1.33467e-08 0)
(0.217296 -3.88779e-09 0)
(0.217296 6.05258e-10 0)
(0.217296 7.28027e-10 0)
(0.217296 -6.2754e-10 0)
(0.217296 8.42554e-10 0)
(0.217296 1.72062e-09 0)
(0.217296 4.34856e-10 0)
(0.217296 1.36485e-09 0)
(0.217296 3.02154e-09 0)
(0.217296 3.76867e-09 0)
(0.217296 4.5423e-09 0)
(0.217296 4.89466e-09 0)
(0.217296 7.19466e-09 0)
(0.217296 7.03816e-09 0)
(0.217296 1.033e-08 0)
(0.217296 1.07933e-08 0)
(0.217296 9.65471e-09 0)
(0.217296 9.52468e-09 0)
(0.217296 6.454e-09 0)
(0.217296 5.25848e-09 0)
(0.217296 3.71514e-09 0)
(0.217296 -2.86776e-10 0)
(0.217296 -3.86231e-09 0)
(0.217296 -5.67383e-09 0)
(0.217296 -5.57632e-09 0)
(0.217296 -5.8896e-09 0)
(0.217296 -8.47849e-09 0)
(0.217296 -1.10336e-08 0)
(0.217296 -9.30839e-09 0)
(0.217296 -9.77832e-09 0)
(0.217296 -1.10124e-08 0)
(0.217296 -1.22397e-08 0)
(0.217296 -1.31283e-08 0)
(0.217296 -1.29228e-08 0)
(0.217297 -1.13477e-08 0)
(0.217297 -9.79894e-09 0)
(0.217297 -8.46649e-09 0)
(0.217297 -5.55509e-09 0)
(0.217297 -1.07007e-09 0)
(0.217297 2.15438e-09 0)
(0.217297 6.9271e-09 0)
(0.217297 1.16375e-08 0)
(0.217297 1.4772e-08 0)
(0.217296 1.7747e-08 0)
(0.217296 2.06655e-08 0)
(0.217296 2.23853e-08 0)
(0.217296 2.13815e-08 0)
(0.217296 1.93407e-08 0)
(0.217296 1.58941e-08 0)
(0.217296 9.67017e-09 0)
(0.217296 4.27621e-09 0)
(0.217296 -2.62758e-09 0)
(0.217296 -1.01562e-08 0)
(0.217296 -1.70092e-08 0)
(0.217296 -2.25776e-08 0)
(0.217296 -2.47839e-08 0)
(0.217296 -2.43146e-08 0)
(0.217296 -2.35879e-08 0)
(0.217297 -2.22999e-08 0)
(0.217297 -1.7616e-08 0)
(0.217297 -9.47406e-09 0)
(0.217297 -2.53435e-09 0)
(0.217297 4.30572e-09 0)
(0.217297 1.01305e-08 0)
(0.217297 1.23457e-08 0)
(0.217296 1.40825e-08 0)
(0.217296 1.3058e-08 0)
(0.217296 9.79473e-09 0)
(0.217296 5.80206e-09 0)
(0.217296 3.03999e-09 0)
(0.217296 8.46718e-09 0)
(0.217296 1.18567e-08 0)
(0.217296 3.66447e-08 0)
(0.829588 0.312203 0)
(0.746422 0.107069 0)
(0.532136 0.0472499 0)
(0.459169 0.0234869 0)
(0.407245 0.0120601 0)
(0.382457 0.00657113 0)
(0.367575 0.00349551 0)
(0.359942 0.00186363 0)
(0.355754 0.000950418 0)
(0.353678 0.000467146 0)
(0.352658 0.000211252 0)
(0.352216 8.40717e-05 0)
(0.352048 2.36849e-05 0)
(0.352012 -1.80081e-06 0)
(0.352027 -1.05592e-05 0)
(0.352058 -1.17295e-05 0)
(0.352089 -1.00126e-05 0)
(0.352115 -7.55692e-06 0)
(0.352133 -5.28793e-06 0)
(0.352146 -3.48891e-06 0)
(0.352155 -2.19553e-06 0)
(0.35216 -1.31841e-06 0)
(0.352163 -7.53734e-07 0)
(0.352164 -4.1055e-07 0)
(0.352165 -2.08875e-07 0)
(0.352166 -9.77541e-08 0)
(0.352166 -3.87966e-08 0)
(0.352166 -1.09996e-08 0)
(0.352166 1.39522e-09 0)
(0.352166 4.65479e-09 0)
(0.352166 1.81327e-09 0)
(0.352166 2.04362e-09 0)
(0.352166 4.84207e-09 0)
(0.352166 3.76957e-09 0)
(0.352166 3.97135e-09 0)
(0.352166 6.6338e-09 0)
(0.352166 9.79459e-09 0)
(0.352166 1.37217e-08 0)
(0.352166 1.71356e-08 0)
(0.352166 2.27252e-08 0)
(0.352166 2.51342e-08 0)
(0.352166 2.8794e-08 0)
(0.352166 2.96475e-08 0)
(0.352165 2.74683e-08 0)
(0.352165 2.54936e-08 0)
(0.352165 1.8527e-08 0)
(0.352165 1.31236e-08 0)
(0.352165 7.18364e-09 0)
(0.352165 -1.25896e-09 0)
(0.352165 -9.1311e-09 0)
(0.352165 -1.41358e-08 0)
(0.352165 -1.74222e-08 0)
(0.352165 -2.05756e-08 0)
(0.352165 -2.39181e-08 0)
(0.352166 -2.8049e-08 0)
(0.352166 -2.89605e-08 0)
(0.352166 -3.09936e-08 0)
(0.352166 -3.39735e-08 0)
(0.352166 -3.53037e-08 0)
(0.352166 -3.51432e-08 0)
(0.352166 -3.49349e-08 0)
(0.352166 -3.24027e-08 0)
(0.352166 -2.74173e-08 0)
(0.352166 -2.23026e-08 0)
(0.352167 -1.48527e-08 0)
(0.352167 -4.31032e-09 0)
(0.352167 6.69844e-09 0)
(0.352167 1.83593e-08 0)
(0.352166 3.00303e-08 0)
(0.352166 4.16685e-08 0)
(0.352166 5.16385e-08 0)
(0.352166 5.85383e-08 0)
(0.352166 6.13944e-08 0)
(0.352166 5.96726e-08 0)
(0.352165 5.47839e-08 0)
(0.352165 4.56666e-08 0)
(0.352165 3.03267e-08 0)
(0.352165 1.2052e-08 0)
(0.352165 -7.759e-09 0)
(0.352165 -2.83157e-08 0)
(0.352165 -4.50884e-08 0)
(0.352165 -5.99085e-08 0)
(0.352166 -7.02529e-08 0)
(0.352166 -7.27364e-08 0)
(0.352166 -6.86828e-08 0)
(0.352166 -5.98255e-08 0)
(0.352166 -4.66717e-08 0)
(0.352167 -2.73382e-08 0)
(0.352167 -7.45548e-09 0)
(0.352167 1.32225e-08 0)
(0.352166 3.05346e-08 0)
(0.352166 3.73827e-08 0)
(0.352166 3.81641e-08 0)
(0.352166 3.41046e-08 0)
(0.352166 2.76107e-08 0)
(0.352166 1.9064e-08 0)
(0.352166 1.32255e-08 0)
(0.352166 2.11769e-08 0)
(0.352166 3.6118e-08 0)
(0.352166 8.23052e-08 0)
(0.951459 0.336953 0)
(0.906072 0.152975 0)
(0.696529 0.0808657 0)
(0.612502 0.042049 0)
(0.550196 0.0225939 0)
(0.518953 0.0124163 0)
(0.499978 0.00672914 0)
(0.490018 0.00361133 0)
(0.4845 0.00186902 0)
(0.48171 0.000929757 0)
(0.480315 0.000430333 0)
(0.479689 0.000177777 0)
(0.479438 5.6185e-05 0)
(0.479368 3.15952e-06 0)
(0.479375 -1.62648e-05 0)
(0.479407 -2.01857e-05 0)
(0.479443 -1.79022e-05 0)
(0.479473 -1.37947e-05 0)
(0.479496 -9.7818e-06 0)
(0.479512 -6.52195e-06 0)
(0.479522 -4.13736e-06 0)
(0.479529 -2.50427e-06 0)
(0.479533 -1.44503e-06 0)
(0.479535 -7.92337e-07 0)
(0.479536 -4.06241e-07 0)
(0.479537 -1.91487e-07 0)
(0.479537 -7.63806e-08 0)
(0.479537 -2.18013e-08 0)
(0.479537 1.16975e-09 0)
(0.479537 9.33483e-09 0)
(0.479537 6.94242e-09 0)
(0.479537 4.65372e-09 0)
(0.479537 6.25451e-09 0)
(0.479537 6.09792e-09 0)
(0.479537 7.39367e-09 0)
(0.479537 1.22184e-08 0)
(0.479537 1.93508e-08 0)
(0.479537 2.79076e-08 0)
(0.479537 3.62601e-08 0)
(0.479537 4.57874e-08 0)
(0.479537 5.17641e-08 0)
(0.479537 5.7006e-08 0)
(0.479536 5.75512e-08 0)
(0.479536 5.29597e-08 0)
(0.479536 4.85079e-08 0)
(0.479536 3.69177e-08 0)
(0.479536 2.44667e-08 0)
(0.479536 1.12948e-08 0)
(0.479536 -3.28862e-09 0)
(0.479536 -1.62776e-08 0)
(0.479536 -2.6712e-08 0)
(0.479536 -3.56818e-08 0)
(0.479536 -4.25208e-08 0)
(0.479536 -4.77262e-08 0)
(0.479537 -5.46673e-08 0)
(0.479537 -5.90945e-08 0)
(0.479537 -6.19412e-08 0)
(0.479537 -6.62003e-08 0)
(0.479537 -6.84262e-08 0)
(0.479537 -6.79447e-08 0)
(0.479537 -6.71926e-08 0)
(0.479538 -6.34483e-08 0)
(0.479538 -5.43129e-08 0)
(0.479538 -4.36557e-08 0)
(0.479538 -2.8622e-08 0)
(0.479538 -9.63725e-09 0)
(0.479538 1.19803e-08 0)
(0.479538 3.50367e-08 0)
(0.479538 5.84643e-08 0)
(0.479538 8.19292e-08 0)
(0.479537 1.00945e-07 0)
(0.479537 1.13576e-07 0)
(0.479537 1.19819e-07 0)
(0.479537 1.17637e-07 0)
(0.479536 1.07326e-07 0)
(0.479536 8.78851e-08 0)
(0.479536 5.94541e-08 0)
(0.479536 2.46179e-08 0)
(0.479536 -1.30338e-08 0)
(0.479536 -5.33712e-08 0)
(0.479536 -8.72624e-08 0)
(0.479536 -1.15377e-07 0)
(0.479537 -1.35231e-07 0)
(0.479537 -1.41752e-07 0)
(0.479537 -1.35333e-07 0)
(0.479537 -1.16763e-07 0)
(0.479538 -8.88264e-08 0)
(0.479538 -5.10525e-08 0)
(0.479538 -1.12188e-08 0)
(0.479538 2.64807e-08 0)
(0.479538 5.77026e-08 0)
(0.479538 7.33896e-08 0)
(0.479537 7.44041e-08 0)
(0.479537 6.50208e-08 0)
(0.479537 5.18022e-08 0)
(0.479537 3.60785e-08 0)
(0.479537 2.79735e-08 0)
(0.479537 4.11484e-08 0)
(0.479537 7.44376e-08 0)
(0.479537 1.38319e-07 0)
(1.02085 0.335496 0)
(1.01555 0.18896 0)
(0.831939 0.113634 0)
(0.747026 0.0621678 0)
(0.680372 0.0346984 0)
(0.645331 0.0193383 0)
(0.623662 0.0106434 0)
(0.612039 0.00575962 0)
(0.605523 0.00301606 0)
(0.602171 0.00151696 0)
(0.600467 0.000714798 0)
(0.599681 0.000303874 0)
(0.599351 0.00010354 0)
(0.599246 1.40357e-05 0)
(0.599238 -2.02999e-05 0)
(0.599267 -2.87885e-05 0)
(0.599304 -2.65557e-05 0)
(0.599336 -2.08753e-05 0)
(0.599361 -1.49893e-05 0)
(0.599379 -1.00898e-05 0)
(0.599391 -6.44958e-06 0)
(0.599399 -3.93124e-06 0)
(0.599403 -2.28571e-06 0)
(0.599406 -1.26188e-06 0)
(0.599407 -6.51971e-07 0)
(0.599408 -3.10438e-07 0)
(0.599408 -1.26708e-07 0)
(0.599408 -3.75183e-08 0)
(0.599408 -5.09417e-10 0)
(0.599408 1.30699e-08 0)
(0.599408 1.22314e-08 0)
(0.599408 7.31273e-09 0)
(0.599408 6.44025e-09 0)
(0.599408 7.67676e-09 0)
(0.599408 1.16842e-08 0)
(0.599408 2.01518e-08 0)
(0.599408 3.2229e-08 0)
(0.599408 4.60276e-08 0)
(0.599408 6.0549e-08 0)
(0.599408 7.60462e-08 0)
(0.599408 8.64017e-08 0)
(0.599408 9.37417e-08 0)
(0.599407 9.3903e-08 0)
(0.599407 8.59357e-08 0)
(0.599407 7.75737e-08 0)
(0.599407 5.99359e-08 0)
(0.599407 3.87238e-08 0)
(0.599407 1.66343e-08 0)
(0.599407 -6.15172e-09 0)
(0.599407 -2.68667e-08 0)
(0.599407 -4.37016e-08 0)
(0.599407 -5.84558e-08 0)
(0.599407 -7.00488e-08 0)
(0.599407 -7.89543e-08 0)
(0.599407 -8.94566e-08 0)
(0.599408 -9.75141e-08 0)
(0.599408 -1.0172e-07 0)
(0.599408 -1.07113e-07 0)
(0.599408 -1.11264e-07 0)
(0.599408 -1.10981e-07 0)
(0.599409 -1.0843e-07 0)
(0.599409 -1.02458e-07 0)
(0.599409 -8.82996e-08 0)
(0.599409 -7.06756e-08 0)
(0.599409 -4.61691e-08 0)
(0.599409 -1.60037e-08 0)
(0.599409 1.92194e-08 0)
(0.599409 5.70445e-08 0)
(0.599409 9.52323e-08 0)
(0.599409 1.32118e-07 0)
(0.599409 1.62355e-07 0)
(0.599408 1.83166e-07 0)
(0.599408 1.94319e-07 0)
(0.599408 1.91561e-07 0)
(0.599407 1.73957e-07 0)
(0.599407 1.41757e-07 0)
(0.599407 9.68457e-08 0)
(0.599407 4.11344e-08 0)
(0.599407 -1.95107e-08 0)
(0.599407 -8.45893e-08 0)
(0.599407 -1.4118e-07 0)
(0.599407 -1.8627e-07 0)
(0.599408 -2.16943e-07 0)
(0.599408 -2.2821e-07 0)
(0.599408 -2.18864e-07 0)
(0.599409 -1.88839e-07 0)
(0.599409 -1.41843e-07 0)
(0.599409 -8.00458e-08 0)
(0.599409 -1.47418e-08 0)
(0.599409 4.34352e-08 0)
(0.599409 8.98612e-08 0)
(0.599409 1.16671e-07 0)
(0.599409 1.19999e-07 0)
(0.599408 1.04865e-07 0)
(0.599408 8.21151e-08 0)
(0.599408 5.6788e-08 0)
(0.599408 4.70504e-08 0)
(0.599408 6.68898e-08 0)
(0.599408 1.23422e-07 0)
(0.599408 2.00555e-07 0)
(1.05709 0.318538 0)
(1.08724 0.213973 0)
(0.940328 0.142254 0)
(0.862785 0.0818795 0)
(0.797268 0.0472871 0)
(0.761194 0.0267972 0)
(0.738346 0.0149593 0)
(0.72583 0.00816924 0)
(0.718718 0.0043223 0)
(0.714999 0.00219629 0)
(0.713079 0.00105046 0)
(0.712172 0.000457161 0)
(0.711777 0.000164597 0)
(0.711638 3.13117e-05 0)
(0.711615 -2.16937e-05 0)
(0.711637 -3.65708e-05 0)
(0.711671 -3.51859e-05 0)
(0.711703 -2.822e-05 0)
(0.711729 -2.05144e-05 0)
(0.711747 -1.3936e-05 0)
(0.71176 -8.97438e-06 0)
(0.711768 -5.50666e-06 0)
(0.711772 -3.22355e-06 0)
(0.711775 -1.79311e-06 0)
(0.711777 -9.35571e-07 0)
(0.711778 -4.50894e-07 0)
(0.711778 -1.88653e-07 0)
(0.711778 -5.804e-08 0)
(0.711778 -2.89571e-09 0)
(0.711778 1.59783e-08 0)
(0.711778 1.65999e-08 0)
(0.711778 1.06566e-08 0)
(0.711778 7.92916e-09 0)
(0.711778 1.04369e-08 0)
(0.711778 1.69386e-08 0)
(0.711778 2.89406e-08 0)
(0.711778 4.69661e-08 0)
(0.711778 6.77817e-08 0)
(0.711778 8.99258e-08 0)
(0.711778 1.12205e-07 0)
(0.711778 1.27009e-07 0)
(0.711777 1.36644e-07 0)
(0.711777 1.37407e-07 0)
(0.711777 1.25918e-07 0)
(0.711777 1.11511e-07 0)
(0.711777 8.65125e-08 0)
(0.711777 5.59782e-08 0)
(0.711777 2.36992e-08 0)
(0.711777 -9.31865e-09 0)
(0.711777 -3.98869e-08 0)
(0.711777 -6.44522e-08 0)
(0.711777 -8.58873e-08 0)
(0.711777 -1.03414e-07 0)
(0.711777 -1.17214e-07 0)
(0.711777 -1.31305e-07 0)
(0.711777 -1.42199e-07 0)
(0.711778 -1.48418e-07 0)
(0.711778 -1.55407e-07 0)
(0.711778 -1.61638e-07 0)
(0.711778 -1.61997e-07 0)
(0.711778 -1.57248e-07 0)
(0.711779 -1.4876e-07 0)
(0.711779 -1.29468e-07 0)
(0.711779 -1.03569e-07 0)
(0.711779 -6.74031e-08 0)
(0.711779 -2.35243e-08 0)
(0.711779 2.76871e-08 0)
(0.711779 8.26267e-08 0)
(0.711779 1.38146e-07 0)
(0.711779 1.91066e-07 0)
(0.711779 2.35169e-07 0)
(0.711778 2.65746e-07 0)
(0.711778 2.8137e-07 0)
(0.711777 2.77368e-07 0)
(0.711777 2.52275e-07 0)
(0.711777 2.06106e-07 0)
(0.711777 1.41438e-07 0)
(0.711776 6.03917e-08 0)
(0.711776 -2.74546e-08 0)
(0.711776 -1.19806e-07 0)
(0.711777 -2.02704e-07 0)
(0.711777 -2.69487e-07 0)
(0.711777 -3.14049e-07 0)
(0.711778 -3.30343e-07 0)
(0.711778 -3.16038e-07 0)
(0.711779 -2.71844e-07 0)
(0.711779 -2.03009e-07 0)
(0.711779 -1.14443e-07 0)
(0.711779 -1.92949e-08 0)
(0.711779 6.41075e-08 0)
(0.711779 1.27552e-07 0)
(0.711779 1.66188e-07 0)
(0.711779 1.72239e-07 0)
(0.711778 1.51142e-07 0)
(0.711778 1.18269e-07 0)
(0.711778 8.1736e-08 0)
(0.711778 6.9993e-08 0)
(0.711778 9.63328e-08 0)
(0.711778 1.80077e-07 0)
(0.711777 2.67368e-07 0)
(1.07281 0.292685 0)
(1.13105 0.228557 0)
(1.02463 0.165019 0)
(0.96049 0.0996722 0)
(0.900763 0.0593985 0)
(0.866321 0.0342613 0)
(0.843838 0.0193872 0)
(0.83126 0.0106874 0)
(0.823997 0.00570847 0)
(0.820142 0.00292831 0)
(0.818121 0.00141872 0)
(0.817145 0.000629693 0)
(0.816706 0.000236575 0)
(0.81654 5.45356e-05 0)
(0.816501 -1.99969e-05 0)
(0.816514 -4.28435e-05 0)
(0.816543 -4.31472e-05 0)
(0.816573 -3.5317e-05 0)
(0.816597 -2.59888e-05 0)
(0.816615 -1.78122e-05 0)
(0.816628 -1.15529e-05 0)
(0.816636 -7.13544e-06 0)
(0.81664 -4.20514e-06 0)
(0.816643 -2.35714e-06 0)
(0.816645 -1.24269e-06 0)
(0.816646 -6.06237e-07 0)
(0.816646 -2.59075e-07 0)
(0.816646 -8.34804e-08 0)
(0.816646 -7.5709e-09 0)
(0.816646 1.77857e-08 0)
(0.816646 2.0394e-08 0)
(0.816646 1.49083e-08 0)
(0.816646 1.06797e-08 0)
(0.816646 1.34962e-08 0)
(0.816646 2.22328e-08 0)
(0.816646 3.83691e-08 0)
(0.816646 6.38881e-08 0)
(0.816646 9.29532e-08 0)
(0.816646 1.23259e-07 0)
(0.816646 1.52857e-07 0)
(0.816646 1.7306e-07 0)
(0.816646 1.85206e-07 0)
(0.816645 1.86621e-07 0)
(0.816645 1.7154e-07 0)
(0.816645 1.49942e-07 0)
(0.816645 1.16447e-07 0)
(0.816645 7.55597e-08 0)
(0.816645 3.17619e-08 0)
(0.816645 -1.28886e-08 0)
(0.816645 -5.4706e-08 0)
(0.816645 -8.84879e-08 0)
(0.816645 -1.17587e-07 0)
(0.816645 -1.41688e-07 0)
(0.816645 -1.60535e-07 0)
(0.816645 -1.78196e-07 0)
(0.816646 -1.92121e-07 0)
(0.816646 -2.01351e-07 0)
(0.816646 -2.10231e-07 0)
(0.816646 -2.18067e-07 0)
(0.816647 -2.19745e-07 0)
(0.816647 -2.13327e-07 0)
(0.816647 -2.01792e-07 0)
(0.816647 -1.76004e-07 0)
(0.816647 -1.40378e-07 0)
(0.816647 -9.14462e-08 0)
(0.816648 -3.23744e-08 0)
(0.816648 3.68597e-08 0)
(0.816647 1.11563e-07 0)
(0.816647 1.86748e-07 0)
(0.816647 2.57365e-07 0)
(0.816647 3.16665e-07 0)
(0.816646 3.58274e-07 0)
(0.816646 3.78891e-07 0)
(0.816646 3.73516e-07 0)
(0.816645 3.40378e-07 0)
(0.816645 2.78795e-07 0)
(0.816645 1.9215e-07 0)
(0.816644 8.28062e-08 0)
(0.816644 -3.57952e-08 0)
(0.816644 -1.58606e-07 0)
(0.816645 -2.71304e-07 0)
(0.816645 -3.62805e-07 0)
(0.816645 -4.23168e-07 0)
(0.816646 -4.44722e-07 0)
(0.816646 -4.24279e-07 0)
(0.816647 -3.64145e-07 0)
(0.816647 -2.71075e-07 0)
(0.816647 -1.53596e-07 0)
(0.816648 -2.5822e-08 0)
(0.816647 8.69516e-08 0)
(0.816647 1.69556e-07 0)
(0.816647 2.20241e-07 0)
(0.816647 2.2928e-07 0)
(0.816647 2.02221e-07 0)
(0.816646 1.59531e-07 0)
(0.816646 1.10947e-07 0)
(0.816646 9.65591e-08 0)
(0.816646 1.28172e-07 0)
(0.816646 2.40895e-07 0)
(0.816646 3.37354e-07 0)
(1.07626 0.262528 0)
(1.1548 0.23388 0)
(1.08822 0.181129 0)
(1.04136 0.114413 0)
(0.991095 0.0701962 0)
(0.960682 0.0412186 0)
(0.940045 0.0236311 0)
(0.928245 0.0131504 0)
(0.921303 0.00708639 0)
(0.917561 0.00366731 0)
(0.915567 0.00179694 0)
(0.914585 0.000811061 0)
(0.914129 0.000315246 0)
(0.913948 8.2435e-05 0)
(0.913895 -1.52065e-05 0)
(0.913898 -4.71502e-05 0)
(0.913921 -4.99057e-05 0)
(0.913946 -4.17049e-05 0)
(0.913967 -3.10617e-05 0)
(0.913984 -2.14741e-05 0)
(0.913995 -1.40254e-05 0)
(0.914002 -8.71842e-06 0)
(0.914007 -5.17282e-06 0)
(0.91401 -2.92157e-06 0)
(0.914011 -1.55568e-06 0)
(0.914012 -7.68591e-07 0)
(0.914013 -3.35436e-07 0)
(0.914013 -1.13491e-07 0)
(0.914013 -1.51415e-08 0)
(0.914013 1.82342e-08 0)
(0.914013 2.35545e-08 0)
(0.914013 1.89712e-08 0)
(0.914013 1.32878e-08 0)
(0.914013 1.63578e-08 0)
(0.914013 2.79914e-08 0)
(0.914013 4.88191e-08 0)
(0.914013 8.22771e-08 0)
(0.914013 1.20691e-07 0)
(0.914013 1.60188e-07 0)
(0.914012 1.97591e-07 0)
(0.914012 2.23781e-07 0)
(0.914012 2.38419e-07 0)
(0.914012 2.40267e-07 0)
(0.914012 2.21773e-07 0)
(0.914011 1.92186e-07 0)
(0.914011 1.48846e-07 0)
(0.914011 9.64755e-08 0)
(0.914011 4.01243e-08 0)
(0.914011 -1.66782e-08 0)
(0.914011 -7.02812e-08 0)
(0.914011 -1.14477e-07 0)
(0.914011 -1.52287e-07 0)
(0.914011 -1.83401e-07 0)
(0.914012 -2.07639e-07 0)
(0.914012 -2.2937e-07 0)
(0.914012 -2.46891e-07 0)
(0.914012 -2.59893e-07 0)
(0.914013 -2.70884e-07 0)
(0.914013 -2.79647e-07 0)
(0.914013 -2.82684e-07 0)
(0.914013 -2.74734e-07 0)
(0.914014 -2.59334e-07 0)
(0.914014 -2.26059e-07 0)
(0.914014 -1.79813e-07 0)
(0.914014 -1.17487e-07 0)
(0.914014 -4.19734e-08 0)
(0.914014 4.6861e-08 0)
(0.914014 1.42828e-07 0)
(0.914014 2.39141e-07 0)
(0.914014 3.28947e-07 0)
(0.914013 4.04833e-07 0)
(0.914013 4.58689e-07 0)
(0.914013 4.84884e-07 0)
(0.914012 4.78078e-07 0)
(0.914012 4.36266e-07 0)
(0.914011 3.57995e-07 0)
(0.914011 2.47813e-07 0)
(0.914011 1.07984e-07 0)
(0.914011 -4.47093e-08 0)
(0.914011 -2.00606e-07 0)
(0.914011 -3.45236e-07 0)
(0.914011 -4.63056e-07 0)
(0.914012 -5.4049e-07 0)
(0.914012 -5.68449e-07 0)
(0.914013 -5.41853e-07 0)
(0.914013 -4.6447e-07 0)
(0.914014 -3.44787e-07 0)
(0.914014 -1.96566e-07 0)
(0.914014 -3.52201e-08 0)
(0.914014 1.09553e-07 0)
(0.914014 2.14197e-07 0)
(0.914014 2.77821e-07 0)
(0.914013 2.9018e-07 0)
(0.914013 2.56603e-07 0)
(0.914013 2.04291e-07 0)
(0.914013 1.4385e-07 0)
(0.914013 1.26261e-07 0)
(0.914013 1.62217e-07 0)
(0.914013 3.02662e-07 0)
(0.914012 4.08499e-07 0)
(1.0728 0.231147 0)
(1.16453 0.23141 0)
(1.13453 0.190435 0)
(1.10696 0.125346 0)
(1.06881 0.0790062 0)
(1.04444 0.0472098 0)
(1.02698 0.0274087 0)
(1.01676 0.0153946 0)
(1.0106 0.00836477 0)
(1.00723 0.00436436 0)
(1.0054 0.00216002 0)
(1.00448 0.000989144 0)
(1.00404 0.000395276 0)
(1.00386 0.00011305 0)
(1.00379 -7.72825e-06 0)
(1.00379 -4.92714e-05 0)
(1.0038 -5.50582e-05 0)
(1.00382 -4.69919e-05 0)
(1.00384 -3.54187e-05 0)
(1.00385 -2.46929e-05 0)
(1.00386 -1.62385e-05 0)
(1.00387 -1.01581e-05 0)
(1.00387 -6.06741e-06 0)
(1.00388 -3.45282e-06 0)
(1.00388 -1.85606e-06 0)
(1.00388 -9.28276e-07 0)
(1.00388 -4.13747e-07 0)
(1.00388 -1.46557e-07 0)
(1.00388 -2.47551e-08 0)
(1.00388 1.76366e-08 0)
(1.00388 2.59826e-08 0)
(1.00388 2.24953e-08 0)
(1.00388 1.53715e-08 0)
(1.00388 1.8745e-08 0)
(1.00388 3.41274e-08 0)
(1.00388 6.06006e-08 0)
(1.00388 1.01845e-07 0)
(1.00388 1.49925e-07 0)
(1.00388 1.99607e-07 0)
(1.00388 2.45429e-07 0)
(1.00388 2.78034e-07 0)
(1.00388 2.95049e-07 0)
(1.00388 2.96698e-07 0)
(1.00388 2.74901e-07 0)
(1.00388 2.37147e-07 0)
(1.00388 1.83119e-07 0)
(1.00388 1.18448e-07 0)
(1.00388 4.87615e-08 0)
(1.00388 -2.03673e-08 0)
(1.00388 -8.57925e-08 0)
(1.00388 -1.41188e-07 0)
(1.00388 -1.89077e-07 0)
(1.00388 -2.27829e-07 0)
(1.00388 -2.576e-07 0)
(1.00388 -2.83725e-07 0)
(1.00388 -3.05289e-07 0)
(1.00388 -3.22496e-07 0)
(1.00388 -3.35855e-07 0)
(1.00388 -3.44848e-07 0)
(1.00388 -3.48717e-07 0)
(1.00388 -3.39422e-07 0)
(1.00388 -3.19786e-07 0)
(1.00388 -2.78798e-07 0)
(1.00388 -2.21402e-07 0)
(1.00388 -1.45091e-07 0)
(1.00388 -5.23764e-08 0)
(1.00388 5.69915e-08 0)
(1.00388 1.75095e-07 0)
(1.00388 2.93716e-07 0)
(1.00388 4.04032e-07 0)
(1.00388 4.97428e-07 0)
(1.00388 5.64238e-07 0)
(1.00388 5.96639e-07 0)
(1.00388 5.88567e-07 0)
(1.00388 5.37496e-07 0)
(1.00388 4.41406e-07 0)
(1.00388 3.06717e-07 0)
(1.00388 1.35712e-07 0)
(1.00388 -5.33142e-08 0)
(1.00388 -2.44478e-07 0)
(1.00388 -4.22324e-07 0)
(1.00388 -5.67495e-07 0)
(1.00388 -6.62695e-07 0)
(1.00388 -6.98108e-07 0)
(1.00388 -6.65981e-07 0)
(1.00388 -5.70785e-07 0)
(1.00388 -4.22646e-07 0)
(1.00388 -2.41874e-07 0)
(1.00388 -4.68457e-08 0)
(1.00388 1.30791e-07 0)
(1.00388 2.599e-07 0)
(1.00388 3.37622e-07 0)
(1.00388 3.54197e-07 0)
(1.00388 3.13553e-07 0)
(1.00388 2.5087e-07 0)
(1.00388 1.79329e-07 0)
(1.00388 1.57943e-07 0)
(1.00388 1.98458e-07 0)
(1.00388 3.63441e-07 0)
(1.00388 4.78392e-07 0)
(1.06582 0.200455 0)
(1.16487 0.22268 0)
(1.16684 0.193243 0)
(1.15907 0.132059 0)
(1.13469 0.0853351 0)
(1.11792 0.0518535 0)
(1.10478 0.0304681 0)
(1.09685 0.0172667 0)
(1.09191 0.00945518 0)
(1.08915 0.00497059 0)
(1.08761 0.00248211 0)
(1.08682 0.00115098 0)
(1.08643 0.000470641 0)
(1.08626 0.000143916 0)
(1.0862 1.68891e-06 0)
(1.08618 -4.92111e-05 0)
(1.08619 -5.8342e-05 0)
(1.0862 -5.08688e-05 0)
(1.08621 -3.87935e-05 0)
(1.08622 -2.72664e-05 0)
(1.08623 -1.80517e-05 0)
(1.08624 -1.13633e-05 0)
(1.08624 -6.83163e-06 0)
(1.08624 -3.917e-06 0)
(1.08624 -2.12506e-06 0)
(1.08624 -1.07485e-06 0)
(1.08624 -4.88498e-07 0)
(1.08624 -1.80296e-07 0)
(1.08624 -3.53148e-08 0)
(1.08624 1.65334e-08 0)
(1.08624 2.74061e-08 0)
(1.08624 2.49746e-08 0)
(1.08624 1.70129e-08 0)
(1.08624 2.07927e-08 0)
(1.08624 4.01468e-08 0)
(1.08624 7.3174e-08 0)
(1.08624 1.22276e-07 0)
(1.08624 1.79801e-07 0)
(1.08624 2.40124e-07 0)
(1.08624 2.9473e-07 0)
(1.08624 3.34095e-07 0)
(1.08624 3.5361e-07 0)
(1.08624 3.5452e-07 0)
(1.08624 3.29408e-07 0)
(1.08624 2.8357e-07 0)
(1.08624 2.18589e-07 0)
(1.08624 1.41518e-07 0)
(1.08624 5.81338e-08 0)
(1.08624 -2.39241e-08 0)
(1.08624 -1.01481e-07 0)
(1.08624 -1.68224e-07 0)
(1.08624 -2.26702e-07 0)
(1.08624 -2.73641e-07 0)
(1.08624 -3.09372e-07 0)
(1.08624 -3.40114e-07 0)
(1.08624 -3.65537e-07 0)
(1.08624 -3.86675e-07 0)
(1.08624 -4.02998e-07 0)
(1.08624 -4.12385e-07 0)
(1.08624 -4.16461e-07 0)
(1.08624 -4.05713e-07 0)
(1.08624 -3.81795e-07 0)
(1.08624 -3.33608e-07 0)
(1.08624 -2.64912e-07 0)
(1.08624 -1.73831e-07 0)
(1.08625 -6.33514e-08 0)
(1.08625 6.68379e-08 0)
(1.08624 2.07285e-07 0)
(1.08624 3.48916e-07 0)
(1.08624 4.80678e-07 0)
(1.08624 5.92021e-07 0)
(1.08624 6.71931e-07 0)
(1.08624 7.10994e-07 0)
(1.08624 7.02107e-07 0)
(1.08624 6.4185e-07 0)
(1.08624 5.27372e-07 0)
(1.08624 3.67476e-07 0)
(1.08624 1.6541e-07 0)
(1.08624 -6.08621e-08 0)
(1.08624 -2.88662e-07 0)
(1.08624 -5.00348e-07 0)
(1.08624 -6.73625e-07 0)
(1.08624 -7.87011e-07 0)
(1.08624 -8.30083e-07 0)
(1.08624 -7.92853e-07 0)
(1.08624 -6.80034e-07 0)
(1.08624 -5.03001e-07 0)
(1.08624 -2.88586e-07 0)
(1.08624 -5.97638e-08 0)
(1.08624 1.50629e-07 0)
(1.08624 3.05565e-07 0)
(1.08624 3.97832e-07 0)
(1.08624 4.19658e-07 0)
(1.08624 3.72488e-07 0)
(1.08624 2.98242e-07 0)
(1.08624 2.163e-07 0)
(1.08624 1.90166e-07 0)
(1.08624 2.35837e-07 0)
(1.08624 4.22375e-07 0)
(1.08624 5.44923e-07 0)
(1.05745 0.171554 0)
(1.15927 0.209127 0)
(1.18813 0.190138 0)
(1.19956 0.134429 0)
(1.18973 0.0888679 0)
(1.18162 0.0548591 0)
(1.17365 0.0326007 0)
(1.16862 0.018633 0)
(1.16525 0.0102774 0)
(1.16333 0.00544031 0)
(1.16221 0.00273836 0)
(1.16162 0.00128373 0)
(1.16131 0.000535108 0)
(1.16117 0.000172294 0)
(1.1611 1.205e-05 0)
(1.16108 -4.71616e-05 0)
(1.16108 -5.96289e-05 0)
(1.16108 -5.31159e-05 0)
(1.16109 -4.09755e-05 0)
(1.1611 -2.90272e-05 0)
(1.1611 -1.93435e-05 0)
(1.1611 -1.22527e-05 0)
(1.16111 -7.41381e-06 0)
(1.16111 -4.28235e-06 0)
(1.16111 -2.34474e-06 0)
(1.16111 -1.19883e-06 0)
(1.16111 -5.54366e-07 0)
(1.16111 -2.12356e-07 0)
(1.16111 -4.65381e-08 0)
(1.16111 1.48318e-08 0)
(1.16111 2.75491e-08 0)
(1.16111 2.58882e-08 0)
(1.16111 1.8179e-08 0)
(1.16111 2.28705e-08 0)
(1.16111 4.58343e-08 0)
(1.16111 8.56737e-08 0)
(1.16111 1.42991e-07 0)
(1.16111 2.09621e-07 0)
(1.16111 2.80495e-07 0)
(1.16111 3.43808e-07 0)
(1.16111 3.90091e-07 0)
(1.16111 4.12438e-07 0)
(1.16111 4.12362e-07 0)
(1.16111 3.84028e-07 0)
(1.16111 3.30446e-07 0)
(1.16111 2.54453e-07 0)
(1.16111 1.65165e-07 0)
(1.16111 6.83475e-08 0)
(1.16111 -2.72197e-08 0)
(1.16111 -1.17404e-07 0)
(1.16111 -1.95347e-07 0)
(1.16111 -2.64085e-07 0)
(1.16111 -3.19379e-07 0)
(1.16111 -3.61614e-07 0)
(1.16111 -3.9725e-07 0)
(1.16111 -4.26167e-07 0)
(1.16111 -4.50474e-07 0)
(1.16111 -4.7028e-07 0)
(1.16111 -4.80861e-07 0)
(1.16111 -4.84676e-07 0)
(1.16111 -4.72115e-07 0)
(1.16111 -4.43845e-07 0)
(1.16111 -3.89156e-07 0)
(1.16111 -3.09452e-07 0)
(1.16111 -2.03071e-07 0)
(1.16111 -7.46086e-08 0)
(1.16111 7.61446e-08 0)
(1.16111 2.38569e-07 0)
(1.16111 4.0323e-07 0)
(1.16111 5.5681e-07 0)
(1.16111 6.86273e-07 0)
(1.16111 7.79247e-07 0)
(1.16111 8.25246e-07 0)
(1.16111 8.15943e-07 0)
(1.16111 7.47069e-07 0)
(1.16111 6.14364e-07 0)
(1.16111 4.28789e-07 0)
(1.16111 1.96032e-07 0)
(1.16111 -6.72233e-08 0)
(1.16111 -3.31909e-07 0)
(1.16111 -5.77277e-07 0)
(1.16111 -7.78819e-07 0)
(1.16111 -9.10753e-07 0)
(1.16111 -9.6123e-07 0)
(1.16111 -9.19005e-07 0)
(1.16111 -7.89282e-07 0)
(1.16111 -5.84192e-07 0)
(1.16111 -3.36266e-07 0)
(1.16111 -7.37059e-08 0)
(1.16111 1.68917e-07 0)
(1.16111 3.5032e-07 0)
(1.16111 4.56992e-07 0)
(1.16111 4.84433e-07 0)
(1.16111 4.3219e-07 0)
(1.16111 3.45612e-07 0)
(1.16111 2.5387e-07 0)
(1.16111 2.22214e-07 0)
(1.16111 2.72298e-07 0)
(1.16111 4.78548e-07 0)
(1.16111 6.06695e-07 0)
(1.04895 0.144991 0)
(1.15027 0.192007 0)
(1.201 0.181852 0)
(1.23025 0.132549 0)
(1.235 0.0894541 0)
(1.23613 0.0560336 0)
(1.23391 0.0336502 0)
(1.2322 0.0193863 0)
(1.23072 0.0107644 0)
(1.2298 0.00573404 0)
(1.2292 0.00290666 0)
(1.22886 0.00137559 0)
(1.22867 0.000582746 0)
(1.22856 0.000195424 0)
(1.22851 2.22315e-05 0)
(1.22849 -4.34561e-05 0)
(1.22848 -5.89108e-05 0)
(1.22847 -5.36036e-05 0)
(1.22847 -4.18162e-05 0)
(1.22848 -2.9849e-05 0)
(1.22848 -2.00181e-05 0)
(1.22848 -1.27596e-05 0)
(1.22848 -7.77112e-06 0)
(1.22848 -4.52234e-06 0)
(1.22848 -2.49959e-06 0)
(1.22848 -1.29229e-06 0)
(1.22848 -6.07146e-07 0)
(1.22848 -2.40713e-07 0)
(1.22848 -5.85576e-08 0)
(1.22848 1.20351e-08 0)
(1.22848 2.65314e-08 0)
(1.22848 2.53293e-08 0)
(1.22848 1.88014e-08 0)
(1.22848 2.51688e-08 0)
(1.22848 5.13036e-08 0)
(1.22848 9.75916e-08 0)
(1.22848 1.63446e-07 0)
(1.22848 2.38846e-07 0)
(1.22848 3.19704e-07 0)
(1.22848 3.91204e-07 0)
(1.22848 4.44338e-07 0)
(1.22848 4.70055e-07 0)
(1.22848 4.68938e-07 0)
(1.22848 4.37349e-07 0)
(1.22848 3.76637e-07 0)
(1.22848 2.89967e-07 0)
(1.22848 1.88664e-07 0)
(1.22848 7.90181e-08 0)
(1.22848 -3.00996e-08 0)
(1.22848 -1.33066e-07 0)
(1.22848 -2.21912e-07 0)
(1.22848 -3.00368e-07 0)
(1.22848 -3.63977e-07 0)
(1.22848 -4.1307e-07 0)
(1.22848 -4.53682e-07 0)
(1.22848 -4.85998e-07 0)
(1.22848 -5.1276e-07 0)
(1.22848 -5.3599e-07 0)
(1.22848 -5.48478e-07 0)
(1.22848 -5.51728e-07 0)
(1.22848 -5.3702e-07 0)
(1.22848 -5.04324e-07 0)
(1.22848 -4.43619e-07 0)
(1.22848 -3.53641e-07 0)
(1.22848 -2.32169e-07 0)
(1.22848 -8.60708e-08 0)
(1.22848 8.46087e-08 0)
(1.22848 2.68352e-07 0)
(1.22848 4.55483e-07 0)
(1.22848 6.30628e-07 0)
(1.22848 7.78149e-07 0)
(1.22848 8.84098e-07 0)
(1.22848 9.37071e-07 0)
(1.22848 9.27523e-07 0)
(1.22848 8.50619e-07 0)
(1.22848 7.00375e-07 0)
(1.22848 4.89152e-07 0)
(1.22848 2.26425e-07 0)
(1.22848 -7.24697e-08 0)
(1.22848 -3.73222e-07 0)
(1.22848 -6.51406e-07 0)
(1.22848 -8.80571e-07 0)
(1.22848 -1.03114e-06 0)
(1.22848 -1.08882e-06 0)
(1.22848 -1.04167e-06 0)
(1.22848 -8.96219e-07 0)
(1.22848 -6.64669e-07 0)
(1.22848 -3.8434e-07 0)
(1.22848 -8.85471e-08 0)
(1.22848 1.85319e-07 0)
(1.22848 3.93112e-07 0)
(1.22848 5.14067e-07 0)
(1.22848 5.46731e-07 0)
(1.22848 4.91039e-07 0)
(1.22848 3.92181e-07 0)
(1.22848 2.90818e-07 0)
(1.22848 2.53962e-07 0)
(1.22848 3.06012e-07 0)
(1.22848 5.30411e-07 0)
(1.22848 6.62896e-07 0)
(1.04101 0.120951 0)
(1.13969 0.172363 0)
(1.20769 0.169165 0)
(1.2529 0.12668 0)
(1.27164 0.0870885 0)
(1.28212 0.0552813 0)
(1.28593 0.0335185 0)
(1.28782 0.0194518 0)
(1.28839 0.0108664 0)
(1.28861 0.00582122 0)
(1.28861 0.00296927 0)
(1.28857 0.00141678 0)
(1.28851 0.000608428 0)
(1.28846 0.000210791 0)
(1.28842 3.1109e-05 0)
(1.2884 -3.85144e-05 0)
(1.28838 -5.628e-05 0)
(1.28837 -5.22906e-05 0)
(1.28836 -4.12333e-05 0)
(1.28836 -2.96516e-05 0)
(1.28836 -2.00108e-05 0)
(1.28836 -1.28362e-05 0)
(1.28836 -7.87213e-06 0)
(1.28836 -4.61742e-06 0)
(1.28836 -2.57761e-06 0)
(1.28836 -1.3489e-06 0)
(1.28836 -6.43794e-07 0)
(1.28836 -2.63567e-07 0)
(1.28836 -7.10518e-08 0)
(1.28836 7.75852e-09 0)
(1.28836 2.46491e-08 0)
(1.28836 2.37554e-08 0)
(1.28836 1.87524e-08 0)
(1.28836 2.74622e-08 0)
(1.28836 5.66838e-08 0)
(1.28836 1.08854e-07 0)
(1.28836 1.8325e-07 0)
(1.28836 2.66966e-07 0)
(1.28836 3.56904e-07 0)
(1.28836 4.35853e-07 0)
(1.28836 4.95481e-07 0)
(1.28836 5.25166e-07 0)
(1.28836 5.23128e-07 0)
(1.28836 4.87957e-07 0)
(1.28836 4.20766e-07 0)
(1.28836 3.2434e-07 0)
(1.28836 2.11404e-07 0)
(1.28836 8.96551e-08 0)
(1.28836 -3.23971e-08 0)
(1.28836 -1.47737e-07 0)
(1.28836 -2.47033e-07 0)
(1.28836 -3.34781e-07 0)
(1.28836 -4.06568e-07 0)
(1.28836 -4.6261e-07 0)
(1.28836 -5.07932e-07 0)
(1.28836 -5.4383e-07 0)
(1.28836 -5.72735e-07 0)
(1.28836 -5.98647e-07 0)
(1.28836 -6.13188e-07 0)
(1.28836 -6.15783e-07 0)
(1.28836 -5.98897e-07 0)
(1.28836 -5.61811e-07 0)
(1.28836 -4.95302e-07 0)
(1.28836 -3.96094e-07 0)
(1.28836 -2.60615e-07 0)
(1.28836 -9.78105e-08 0)
(1.28836 9.19911e-08 0)
(1.28836 2.96285e-07 0)
(1.28836 5.0488e-07 0)
(1.28836 7.00613e-07 0)
(1.28836 8.65695e-07 0)
(1.28836 9.84442e-07 0)
(1.28836 1.04424e-06 0)
(1.28836 1.03437e-06 0)
(1.28836 9.4975e-07 0)
(1.28836 7.83011e-07 0)
(1.28836 5.46993e-07 0)
(1.28836 2.55681e-07 0)
(1.28836 -7.65738e-08 0)
(1.28836 -4.11746e-07 0)
(1.28836 -7.21289e-07 0)
(1.28836 -9.7657e-07 0)
(1.28836 -1.1453e-06 0)
(1.28836 -1.21022e-06 0)
(1.28836 -1.15842e-06 0)
(1.28836 -9.98748e-07 0)
(1.28836 -7.42744e-07 0)
(1.28836 -4.31761e-07 0)
(1.28836 -1.03884e-07 0)
(1.28836 1.99756e-07 0)
(1.28836 4.32862e-07 0)
(1.28836 5.68098e-07 0)
(1.28836 6.05218e-07 0)
(1.28836 5.47283e-07 0)
(1.28836 4.37315e-07 0)
(1.28836 3.25726e-07 0)
(1.28836 2.84832e-07 0)
(1.28836 3.3619e-07 0)
(1.28836 5.76264e-07 0)
(1.28836 7.12905e-07 0)
(1.03401 0.0993829 0)
(1.12883 0.151021 0)
(1.21007 0.152841 0)
(1.26912 0.117191 0)
(1.30078 0.0818885 0)
(1.32031 0.0525999 0)
(1.33014 0.032168 0)
(1.33569 0.018791 0)
(1.33842 0.0105542 0)
(1.33983 0.00568237 0)
(1.34047 0.00291422 0)
(1.34075 0.00140034 0)
(1.34084 0.000608298 0)
(1.34086 0.000216367 0)
(1.34084 3.76814e-05 0)
(1.34082 -3.27865e-05 0)
(1.34079 -5.19072e-05 0)
(1.34078 -4.92172e-05 0)
(1.34076 -3.92122e-05 0)
(1.34075 -2.84039e-05 0)
(1.34075 -1.92911e-05 0)
(1.34074 -1.24574e-05 0)
(1.34074 -7.69845e-06 0)
(1.34074 -4.55571e-06 0)
(1.34074 -2.57102e-06 0)
(1.34074 -1.36406e-06 0)
(1.34074 -6.6226e-07 0)
(1.34074 -2.79478e-07 0)
(1.34074 -8.31073e-08 0)
(1.34074 1.83662e-09 0)
(1.34074 2.17988e-08 0)
(1.34074 2.13403e-08 0)
(1.34074 1.7795e-08 0)
(1.34074 2.92317e-08 0)
(1.34074 6.18781e-08 0)
(1.34074 1.19431e-07 0)
(1.34074 2.01919e-07 0)
(1.34074 2.93289e-07 0)
(1.34074 3.91278e-07 0)
(1.34074 4.77059e-07 0)
(1.34074 5.42509e-07 0)
(1.34074 5.76459e-07 0)
(1.34074 5.7391e-07 0)
(1.34074 5.34808e-07 0)
(1.34074 4.61564e-07 0)
(1.34074 3.56693e-07 0)
(1.34074 2.32908e-07 0)
(1.34074 9.99323e-08 0)
(1.34074 -3.39153e-08 0)
(1.34074 -1.60867e-07 0)
(1.34074 -2.70046e-07 0)
(1.34074 -3.66641e-07 0)
(1.34074 -4.46198e-07 0)
(1.34074 -5.09103e-07 0)
(1.34074 -5.58691e-07 0)
(1.34074 -5.98337e-07 0)
(1.34074 -6.29378e-07 0)
(1.34074 -6.56886e-07 0)
(1.34074 -6.73129e-07 0)
(1.34074 -6.75239e-07 0)
(1.34074 -6.56524e-07 0)
(1.34074 -6.15197e-07 0)
(1.34074 -5.43018e-07 0)
(1.34074 -4.35785e-07 0)
(1.34074 -2.87956e-07 0)
(1.34074 -1.09721e-07 0)
(1.34074 9.82892e-08 0)
(1.34074 3.22069e-07 0)
(1.34074 5.50613e-07 0)
(1.34074 7.65318e-07 0)
(1.34074 9.46984e-07 0)
(1.34074 1.07811e-06 0)
(1.34074 1.14442e-06 0)
(1.34074 1.13402e-06 0)
(1.34074 1.04184e-06 0)
(1.34074 8.60057e-07 0)
(1.34074 6.00974e-07 0)
(1.34074 2.83124e-07 0)
(1.34074 -7.9496e-08 0)
(1.34074 -4.46656e-07 0)
(1.34074 -7.85526e-07 0)
(1.34074 -1.06472e-06 0)
(1.34074 -1.25046e-06 0)
(1.34074 -1.3229e-06 0)
(1.34074 -1.26691e-06 0)
(1.34074 -1.0946e-06 0)
(1.34074 -8.16405e-07 0)
(1.34074 -4.76991e-07 0)
(1.34074 -1.19116e-07 0)
(1.34074 2.12355e-07 0)
(1.34074 4.68756e-07 0)
(1.34074 6.18048e-07 0)
(1.34074 6.58926e-07 0)
(1.34074 5.99119e-07 0)
(1.34074 4.80235e-07 0)
(1.34074 3.57695e-07 0)
(1.34074 3.13412e-07 0)
(1.34074 3.62797e-07 0)
(1.34074 6.15013e-07 0)
(1.34074 7.56038e-07 0)
(1.02808 0.080085 0)
(1.11855 0.128608 0)
(1.20966 0.133591 0)
(1.28035 0.104526 0)
(1.32351 0.0740718 0)
(1.35142 0.048072 0)
(1.36698 0.0296207 0)
(1.37608 0.0174029 0)
(1.38092 0.00982089 0)
(1.38353 0.00531059 0)
(1.38481 0.00273628 0)
(1.38542 0.00132273 0)
(1.38567 0.000580132 0)
(1.38576 0.000210818 0)
(1.38576 4.11812e-05 0)
(1.38574 -2.66974e-05 0)
(1.38571 -4.60155e-05 0)
(1.38569 -4.44946e-05 0)
(1.38567 -3.58029e-05 0)
(1.38566 -2.61245e-05 0)
(1.38565 -1.78637e-05 0)
(1.38564 -1.16213e-05 0)
(1.38564 -7.24565e-06 0)
(1.38564 -4.33331e-06 0)
(1.38564 -2.47673e-06 0)
(1.38564 -1.3352e-06 0)
(1.38564 -6.61271e-07 0)
(1.38564 -2.87542e-07 0)
(1.38564 -9.36476e-08 0)
(1.38564 -5.61324e-09 0)
(1.38564 1.7543e-08 0)
(1.38564 1.79164e-08 0)
(1.38564 1.58062e-08 0)
(1.38564 3.00479e-08 0)
(1.38564 6.65412e-08 0)
(1.38564 1.29023e-07 0)
(1.38564 2.18779e-07 0)
(1.38564 3.1698e-07 0)
(1.38564 4.21951e-07 0)
(1.38564 5.1422e-07 0)
(1.38564 5.84709e-07 0)
(1.38564 6.2262e-07 0)
(1.38564 6.20176e-07 0)
(1.38564 5.77223e-07 0)
(1.38564 4.98169e-07 0)
(1.38564 3.86194e-07 0)
(1.38564 2.52735e-07 0)
(1.38564 1.09574e-07 0)
(1.38564 -3.45887e-08 0)
(1.38564 -1.72198e-07 0)
(1.38564 -2.90667e-07 0)
(1.38564 -3.95477e-07 0)
(1.38564 -4.81945e-07 0)
(1.38564 -5.51365e-07 0)
(1.38564 -6.04765e-07 0)
(1.38564 -6.48063e-07 0)
(1.38564 -6.81317e-07 0)
(1.38564 -7.0945e-07 0)
(1.38564 -7.26857e-07 0)
(1.38564 -7.28805e-07 0)
(1.38564 -7.08927e-07 0)
(1.38564 -6.63672e-07 0)
(1.38564 -5.86025e-07 0)
(1.38564 -4.71906e-07 0)
(1.38564 -3.13509e-07 0)
(1.38564 -1.21349e-07 0)
(1.38564 1.03628e-07 0)
(1.38564 3.45315e-07 0)
(1.38564 5.91745e-07 0)
(1.38564 8.23347e-07 0)
(1.38564 1.02018e-06 0)
(1.38564 1.16284e-06 0)
(1.38564 1.23521e-06 0)
(1.38564 1.22416e-06 0)
(1.38564 1.1247e-06 0)
(1.38564 9.29708e-07 0)
(1.38564 6.49989e-07 0)
(1.38564 3.08175e-07 0)
(1.38564 -8.12899e-08 0)
(1.38564 -4.77192e-07 0)
(1.38564 -8.42813e-07 0)
(1.38564 -1.14332e-06 0)
(1.38564 -1.34432e-06 0)
(1.38564 -1.42443e-06 0)
(1.38564 -1.36484e-06 0)
(1.38564 -1.18139e-06 0)
(1.38564 -8.83542e-07 0)
(1.38564 -5.18299e-07 0)
(1.38564 -1.3355e-07 0)
(1.38564 2.23105e-07 0)
(1.38564 5.00273e-07 0)
(1.38564 6.62805e-07 0)
(1.38564 7.07095e-07 0)
(1.38564 6.45082e-07 0)
(1.38564 5.19555e-07 0)
(1.38564 3.86528e-07 0)
(1.38564 3.38164e-07 0)
(1.38564 3.85786e-07 0)
(1.38564 6.46399e-07 0)
(1.38564 7.91573e-07 0)
(1.02326 0.0627699 0)
(1.10944 0.105575 0)
(1.20768 0.112052 0)
(1.28781 0.0891657 0)
(1.34082 0.0639346 0)
(1.37614 0.0418555 0)
(1.39688 0.025955 0)
(1.40925 0.015324 0)
(1.41606 0.00868246 0)
(1.41978 0.00471229 0)
(1.42168 0.00243755 0)
(1.42261 0.00118426 0)
(1.42301 0.000523594 0)
(1.42316 0.000193655 0)
(1.42319 4.11586e-05 0)
(1.42318 -2.06005e-05 0)
(1.42315 -3.88577e-05 0)
(1.42312 -3.82929e-05 0)
(1.42309 -3.11147e-05 0)
(1.42307 -2.2879e-05 0)
(1.42306 -1.57668e-05 0)
(1.42306 -1.0349e-05 0)
(1.42305 -6.52359e-06 0)
(1.42305 -3.95435e-06 0)
(1.42305 -2.2963e-06 0)
(1.42305 -1.26204e-06 0)
(1.42305 -6.40166e-07 0)
(1.42305 -2.87227e-07 0)
(1.42305 -1.01695e-07 0)
(1.42305 -1.39925e-08 0)
(1.42305 1.17698e-08 0)
(1.42305 1.34202e-08 0)
(1.42305 1.30061e-08 0)
(1.42305 2.99084e-08 0)
(1.42305 7.03331e-08 0)
(1.42305 1.37145e-07 0)
(1.42305 2.33138e-07 0)
(1.42305 3.37356e-07 0)
(1.42305 4.48147e-07 0)
(1.42305 5.46555e-07 0)
(1.42305 6.21413e-07 0)
(1.42305 6.62446e-07 0)
(1.42305 6.60687e-07 0)
(1.42305 6.14605e-07 0)
(1.42305 5.30081e-07 0)
(1.42305 4.12115e-07 0)
(1.42305 2.70414e-07 0)
(1.42305 1.18247e-07 0)
(1.42305 -3.46152e-08 0)
(1.42305 -1.81705e-07 0)
(1.42305 -3.08828e-07 0)
(1.42305 -4.20982e-07 0)
(1.42305 -5.13051e-07 0)
(1.42305 -5.88186e-07 0)
(1.42305 -6.44966e-07 0)
(1.42305 -6.91522e-07 0)
(1.42305 -7.27021e-07 0)
(1.42305 -7.55213e-07 0)
(1.42305 -7.73299e-07 0)
(1.42305 -7.75353e-07 0)
(1.42305 -7.55107e-07 0)
(1.42305 -7.06506e-07 0)
(1.42305 -6.23718e-07 0)
(1.42305 -5.03592e-07 0)
(1.42305 -3.36274e-07 0)
(1.42305 -1.31987e-07 0)
(1.42305 1.08099e-07 0)
(1.42305 3.65552e-07 0)
(1.42305 6.27376e-07 0)
(1.42305 8.73451e-07 0)
(1.42305 1.08365e-06 0)
(1.42305 1.23652e-06 0)
(1.42305 1.31433e-06 0)
(1.42305 1.30277e-06 0)
(1.42305 1.19661e-06 0)
(1.42305 9.90469e-07 0)
(1.42305 6.9301e-07 0)
(1.42305 3.30232e-07 0)
(1.42305 -8.21757e-08 0)
(1.42305 -5.02825e-07 0)
(1.42305 -8.92044e-07 0)
(1.42305 -1.21118e-06 0)
(1.42305 -1.42517e-06 0)
(1.42305 -1.51259e-06 0)
(1.42305 -1.45003e-06 0)
(1.42305 -1.25677e-06 0)
(1.42305 -9.42279e-07 0)
(1.42305 -5.54301e-07 0)
(1.42305 -1.46453e-07 0)
(1.42305 2.31819e-07 0)
(1.42305 5.27098e-07 0)
(1.42305 7.01327e-07 0)
(1.42305 7.48853e-07 0)
(1.42305 6.84423e-07 0)
(1.42305 5.5351e-07 0)
(1.42305 4.12119e-07 0)
(1.42305 3.58248e-07 0)
(1.42305 4.04663e-07 0)
(1.42305 6.70643e-07 0)
(1.42305 8.18961e-07 0)
(1.0195 0.0471021 0)
(1.10187 0.082227 0)
(1.20507 0.0887796 0)
(1.29256 0.0716071 0)
(1.35357 0.0518326 0)
(1.3951 0.0341721 0)
(1.42024 0.0213001 0)
(1.43544 0.0126258 0)
(1.44397 0.00717712 0)
(1.44868 0.003907 0)
(1.45112 0.00202753 0)
(1.45233 0.000989189 0)
(1.45287 0.000440328 0)
(1.45308 0.000165302 0)
(1.45314 3.75312e-05 0)
(1.45312 -1.47436e-05 0)
(1.45309 -3.0695e-05 0)
(1.45306 -3.08289e-05 0)
(1.45303 -2.53085e-05 0)
(1.45301 -1.87771e-05 0)
(1.45299 -1.30701e-05 0)
(1.45298 -8.68327e-06 0)
(1.45298 -5.55625e-06 0)
(1.45297 -3.43096e-06 0)
(1.45297 -2.03568e-06 0)
(1.45297 -1.14679e-06 0)
(1.45297 -5.99103e-07 0)
(1.45297 -2.7827e-07 0)
(1.45297 -1.06516e-07 0)
(1.45297 -2.23757e-08 0)
(1.45297 4.9865e-09 0)
(1.45297 8.14006e-09 0)
(1.45297 9.82073e-09 0)
(1.45297 2.9174e-08 0)
(1.45297 7.31753e-08 0)
(1.45297 1.43457e-07 0)
(1.45297 2.44527e-07 0)
(1.45297 3.54029e-07 0)
(1.45297 4.69353e-07 0)
(1.45297 5.73125e-07 0)
(1.45297 6.51821e-07 0)
(1.45297 6.95e-07 0)
(1.45297 6.94262e-07 0)
(1.45297 6.46215e-07 0)
(1.45297 5.56892e-07 0)
(1.45297 4.33799e-07 0)
(1.45297 2.85413e-07 0)
(1.45297 1.25583e-07 0)
(1.45297 -3.43764e-08 0)
(1.45297 -1.89456e-07 0)
(1.45297 -3.24387e-07 0)
(1.45297 -4.42754e-07 0)
(1.45297 -5.38861e-07 0)
(1.45297 -6.18471e-07 0)
(1.45297 -6.7819e-07 0)
(1.45297 -7.27421e-07 0)
(1.45297 -7.65069e-07 0)
(1.45297 -7.93194e-07 0)
(1.45297 -8.1164e-07 0)
(1.45297 -8.13876e-07 0)
(1.45297 -7.93915e-07 0)
(1.45297 -7.4285e-07 0)
(1.45297 -6.55451e-07 0)
(1.45297 -5.29926e-07 0)
(1.45297 -3.55172e-07 0)
(1.45297 -1.40919e-07 0)
(1.45297 1.11692e-07 0)
(1.45297 3.82282e-07 0)
(1.45297 6.5676e-07 0)
(1.45297 9.14603e-07 0)
(1.45297 1.13595e-06 0)
(1.45297 1.29736e-06 0)
(1.45297 1.37983e-06 0)
(1.45297 1.36806e-06 0)
(1.45297 1.25612e-06 0)
(1.45297 1.04102e-06 0)
(1.45297 7.29038e-07 0)
(1.45297 3.48682e-07 0)
(1.45297 -8.24895e-08 0)
(1.45297 -5.23327e-07 0)
(1.45297 -9.32336e-07 0)
(1.45297 -1.26726e-06 0)
(1.45297 -1.49171e-06 0)
(1.45297 -1.58535e-06 0)
(1.45297 -1.52056e-06 0)
(1.45297 -1.31877e-06 0)
(1.45297 -9.91045e-07 0)
(1.45297 -5.84203e-07 0)
(1.45297 -1.57096e-07 0)
(1.45297 2.38364e-07 0)
(1.45297 5.48922e-07 0)
(1.45297 7.32856e-07 0)
(1.45297 7.83083e-07 0)
(1.45297 7.16887e-07 0)
(1.45297 5.80738e-07 0)
(1.45297 4.33838e-07 0)
(1.45297 3.73657e-07 0)
(1.45297 4.18626e-07 0)
(1.45297 6.87916e-07 0)
(1.45297 8.38059e-07 0)
(1.01676 0.0327231 0)
(1.09605 0.058751 0)
(1.20253 0.0642498 0)
(1.2954 0.0523502 0)
(1.36248 0.0381643 0)
(1.40882 0.025295 0)
(1.43743 0.0158287 0)
(1.45488 0.0094111 0)
(1.46478 0.00536316 0)
(1.47028 0.00292641 0)
(1.47316 0.00152263 0)
(1.4746 0.000745523 0)
(1.47526 0.000333895 0)
(1.47552 0.000127091 0)
(1.47559 3.05954e-05 0)
(1.47558 -9.25335e-06 0)
(1.47555 -2.17822e-05 0)
(1.47551 -2.23548e-05 0)
(1.47548 -1.85882e-05 0)
(1.47545 -1.39664e-05 0)
(1.47544 -9.87189e-06 0)
(1.47543 -6.68625e-06 0)
(1.47542 -4.38086e-06 0)
(1.47542 -2.78332e-06 0)
(1.47541 -1.70513e-06 0)
(1.47541 -9.94253e-07 0)
(1.47541 -5.3968e-07 0)
(1.47541 -2.611e-07 0)
(1.47541 -1.07956e-07 0)
(1.47541 -3.01399e-08 0)
(1.47541 -2.19016e-09 0)
(1.47541 2.45627e-09 0)
(1.47541 6.50353e-09 0)
(1.47541 2.81577e-08 0)
(1.47541 7.52147e-08 0)
(1.47541 1.4795e-07 0)
(1.47541 2.52766e-07 0)
(1.47541 3.66793e-07 0)
(1.47541 4.85325e-07 0)
(1.47541 5.93129e-07 0)
(1.47541 6.7513e-07 0)
(1.47541 7.19714e-07 0)
(1.47541 7.20009e-07 0)
(1.47541 6.71143e-07 0)
(1.47541 5.78042e-07 0)
(1.47541 4.50651e-07 0)
(1.47541 2.97197e-07 0)
(1.47541 1.31241e-07 0)
(1.47541 -3.42435e-08 0)
(1.47541 -1.9544e-07 0)
(1.47541 -3.36923e-07 0)
(1.47541 -4.60168e-07 0)
(1.47541 -5.58789e-07 0)
(1.47541 -6.41421e-07 0)
(1.47541 -7.03584e-07 0)
(1.47541 -7.54854e-07 0)
(1.47541 -7.94344e-07 0)
(1.47541 -8.22579e-07 0)
(1.47541 -8.41272e-07 0)
(1.47541 -8.43585e-07 0)
(1.47541 -8.24193e-07 0)
(1.47541 -7.71709e-07 0)
(1.47541 -6.8054e-07 0)
(1.47541 -5.50142e-07 0)
(1.47541 -3.69356e-07 0)
(1.47541 -1.47621e-07 0)
(1.47541 1.14308e-07 0)
(1.47541 3.9501e-07 0)
(1.47541 6.79287e-07 0)
(1.47541 9.46026e-07 0)
(1.47541 1.17595e-06 0)
(1.47541 1.34401e-06 0)
(1.47541 1.43017e-06 0)
(1.47541 1.4185e-06 0)
(1.47541 1.30203e-06 0)
(1.47541 1.08025e-06 0)
(1.47541 7.57187e-07 0)
(1.47541 3.62979e-07 0)
(1.47541 -8.25437e-08 0)
(1.47541 -5.3867e-07 0)
(1.47541 -9.62982e-07 0)
(1.47541 -1.31052e-06 0)
(1.47541 -1.54292e-06 0)
(1.47541 -1.641e-06 0)
(1.47541 -1.5748e-06 0)
(1.47541 -1.366e-06 0)
(1.47541 -1.02848e-06 0)
(1.47541 -6.07583e-07 0)
(1.47541 -1.64933e-07 0)
(1.47541 2.42892e-07 0)
(1.47541 5.6528e-07 0)
(1.47541 7.56956e-07 0)
(1.47541 8.08778e-07 0)
(1.47541 7.42113e-07 0)
(1.47541 6.00759e-07 0)
(1.47541 4.50526e-07 0)
(1.47541 3.84735e-07 0)
(1.47541 4.27071e-07 0)
(1.47541 6.9802e-07 0)
(1.47541 8.49146e-07 0)
(1.01497 0.0192656 0)
(1.09211 0.0352455 0)
(1.20057 0.0388737 0)
(1.29695 0.0318889 0)
(1.3681 0.0233586 0)
(1.41772 0.0155372 0)
(1.44872 0.00974836 0)
(1.46773 0.00580806 0)
(1.47858 0.00331579 0)
(1.48465 0.00181256 0)
(1.48783 0.000945271 0)
(1.48944 0.000464543 0)
(1.49017 0.000209551 0)
(1.49047 8.11682e-05 0)
(1.49056 2.0996e-05 0)
(1.49056 -4.13779e-06 0)
(1.49052 -1.23591e-05 0)
(1.49048 -1.31481e-05 0)
(1.49044 -1.1192e-05 0)
(1.49042 -8.62612e-06 0)
(1.4904 -6.29537e-06 0)
(1.49039 -4.43704e-06 0)
(1.49038 -3.04609e-06 0)
(1.49038 -2.03911e-06 0)
(1.49037 -1.31914e-06 0)
(1.49037 -8.11757e-07 0)
(1.49037 -4.65267e-07 0)
(1.49037 -2.37261e-07 0)
(1.49037 -1.06629e-07 0)
(1.49037 -3.73322e-08 0)
(1.49037 -9.62451e-09 0)
(1.49037 -3.49843e-09 0)
(1.49037 2.9711e-09 0)
(1.49037 2.68159e-08 0)
(1.49037 7.65727e-08 0)
(1.49037 1.50832e-07 0)
(1.49037 2.57838e-07 0)
(1.49037 3.75415e-07 0)
(1.49037 4.95945e-07 0)
(1.49037 6.06158e-07 0)
(1.49037 6.90757e-07 0)
(1.49037 7.36305e-07 0)
(1.49037 7.37339e-07 0)
(1.49037 6.88421e-07 0)
(1.49037 5.92788e-07 0)
(1.49037 4.6214e-07 0)
(1.49037 3.05341e-07 0)
(1.49037 1.34967e-07 0)
(1.49037 -3.44454e-08 0)
(1.49037 -1.9953e-07 0)
(1.49037 -3.45814e-07 0)
(1.49037 -4.7251e-07 0)
(1.49037 -5.724e-07 0)
(1.49037 -6.56634e-07 0)
(1.49037 -7.20595e-07 0)
(1.49037 -7.73285e-07 0)
(1.49037 -8.14125e-07 0)
(1.49037 -8.42719e-07 0)
(1.49037 -8.61723e-07 0)
(1.49037 -8.63963e-07 0)
(1.49037 -8.44992e-07 0)
(1.49037 -7.92049e-07 0)
(1.49037 -6.98292e-07 0)
(1.49037 -5.63771e-07 0)
(1.49037 -3.78404e-07 0)
(1.49037 -1.5183e-07 0)
(1.49037 1.15844e-07 0)
(1.49037 4.03324e-07 0)
(1.49037 6.94467e-07 0)
(1.49037 9.672e-07 0)
(1.49037 1.20287e-06 0)
(1.49037 1.37558e-06 0)
(1.49037 1.46433e-06 0)
(1.49037 1.45293e-06 0)
(1.49037 1.33339e-06 0)
(1.49037 1.10729e-06 0)
(1.49037 7.76744e-07 0)
(1.49037 3.72676e-07 0)
(1.49037 -8.25109e-08 0)
(1.49037 -5.48847e-07 0)
(1.49037 -9.83466e-07 0)
(1.49037 -1.3399e-06 0)
(1.49037 -1.57791e-06 0)
(1.49037 -1.67833e-06 0)
(1.49037 -1.61146e-06 0)
(1.49037 -1.39766e-06 0)
(1.49037 -1.05344e-06 0)
(1.49037 -6.23998e-07 0)
(1.49037 -1.6983e-07 0)
(1.49037 2.45824e-07 0)
(1.49037 5.75667e-07 0)
(1.49037 7.73282e-07 0)
(1.49037 8.25489e-07 0)
(1.49037 7.59297e-07 0)
(1.49037 6.13777e-07 0)
(1.49037 4.6106e-07 0)
(1.49037 3.91578e-07 0)
(1.49037 4.30032e-07 0)
(1.49037 7.00482e-07 0)
(1.49037 8.52682e-07 0)
(1.01409 0.00636054 0)
(1.09013 0.0117464 0)
(1.19951 0.0130108 0)
(1.29763 0.0107092 0)
(1.37082 0.00786337 0)
(1.4221 0.00523996 0)
(1.45432 0.00329236 0)
(1.47412 0.00196415 0)
(1.48547 0.00112306 0)
(1.49182 0.000615422 0)
(1.49517 0.000322475 0)
(1.49685 0.00016008 0)
(1.49763 7.3876e-05 0)
(1.49795 3.03223e-05 0)
(1.49804 9.65856e-06 0)
(1.49804 6.94079e-07 0)
(1.49801 -2.64946e-06 0)
(1.49796 -3.5035e-06 0)
(1.49793 -3.38407e-06 0)
(1.4979 -2.95924e-06 0)
(1.49788 -2.48269e-06 0)
(1.49787 -2.02815e-06 0)
(1.49786 -1.60911e-06 0)
(1.49786 -1.23167e-06 0)
(1.49786 -8.95609e-07 0)
(1.49785 -6.08391e-07 0)
(1.49785 -3.80312e-07 0)
(1.49785 -2.08972e-07 0)
(1.49785 -1.03471e-07 0)
(1.49785 -4.4216e-08 0)
(1.49785 -1.74911e-08 0)
(1.49785 -9.76966e-09 0)
(1.49785 -9.32665e-10 0)
(1.49785 2.4875e-08 0)
(1.49785 7.71714e-08 0)
(1.49785 1.52307e-07 0)
(1.49785 2.59761e-07 0)
(1.49785 3.79555e-07 0)
(1.49785 5.01068e-07 0)
(1.49785 6.12183e-07 0)
(1.49785 6.98414e-07 0)
(1.49785 7.44596e-07 0)
(1.49785 7.4587e-07 0)
(1.49785 6.97242e-07 0)
(1.49785 6.00443e-07 0)
(1.49785 4.67876e-07 0)
(1.49785 3.09594e-07 0)
(1.49785 1.36651e-07 0)
(1.49785 -3.50644e-08 0)
(1.49785 -2.01627e-07 0)
(1.49785 -3.50542e-07 0)
(1.49785 -4.79218e-07 0)
(1.49785 -5.79474e-07 0)
(1.49785 -6.64036e-07 0)
(1.49785 -7.289e-07 0)
(1.49785 -7.82394e-07 0)
(1.49785 -8.24038e-07 0)
(1.49785 -8.53145e-07 0)
(1.49785 -8.72578e-07 0)
(1.49785 -8.74679e-07 0)
(1.49785 -8.55706e-07 0)
(1.49785 -8.02969e-07 0)
(1.49785 -7.08032e-07 0)
(1.49785 -5.70599e-07 0)
(1.49785 -3.823e-07 0)
(1.49785 -1.53495e-07 0)
(1.49785 1.16287e-07 0)
(1.49785 4.07002e-07 0)
(1.49785 7.01956e-07 0)
(1.49785 9.77826e-07 0)
(1.49785 1.21625e-06 0)
(1.49785 1.39151e-06 0)
(1.49785 1.48172e-06 0)
(1.49785 1.4706e-06 0)
(1.49785 1.34947e-06 0)
(1.49785 1.12155e-06 0)
(1.49785 7.87234e-07 0)
(1.49785 3.77468e-07 0)
(1.49785 -8.24106e-08 0)
(1.49785 -5.5375e-07 0)
(1.49785 -9.93509e-07 0)
(1.49785 -1.35455e-06 0)
(1.49785 -1.59588e-06 0)
(1.49785 -1.69677e-06 0)
(1.49785 -1.62955e-06 0)
(1.49785 -1.41328e-06 0)
(1.49785 -1.06526e-06 0)
(1.49785 -6.32784e-07 0)
(1.49785 -1.72069e-07 0)
(1.49785 2.4756e-07 0)
(1.49785 5.79908e-07 0)
(1.49785 7.81362e-07 0)
(1.49785 8.33377e-07 0)
(1.49785 7.67481e-07 0)
(1.49785 6.20078e-07 0)
(1.49785 4.6496e-07 0)
(1.49785 3.93767e-07 0)
(1.49785 4.28166e-07 0)
(1.49785 6.94965e-07 0)
(1.49785 8.48983e-07 0)
(1.01409 -0.00636054 0)
(1.09013 -0.0117464 0)
(1.19951 -0.0130107 0)
(1.29763 -0.010709 0)
(1.37082 -0.00786288 0)
(1.4221 -0.00523897 0)
(1.45432 -0.00329062 0)
(1.47412 -0.0019614 0)
(1.48547 -0.00111905 0)
(1.49182 -0.000610062 0)
(1.49517 -0.000315825 0)
(1.49685 -0.000152426 0)
(1.49763 -6.5706e-05 0)
(1.49795 -2.2244e-05 0)
(1.49805 -2.30893e-06 0)
(1.49804 5.39862e-06 0)
(1.49801 7.13522e-06 0)
(1.49797 6.27505e-06 0)
(1.49793 4.55599e-06 0)
(1.4979 2.81659e-06 0)
(1.49788 1.41226e-06 0)
(1.49787 4.39641e-07 0)
(1.49786 -1.31934e-07 0)
(1.49786 -3.9721e-07 0)
(1.49786 -4.54193e-07 0)
(1.49786 -3.93847e-07 0)
(1.49786 -2.89114e-07 0)
(1.49786 -1.78062e-07 0)
(1.49786 -9.89907e-08 0)
(1.49786 -5.05371e-08 0)
(1.49786 -2.56092e-08 0)
(1.49786 -1.62422e-08 0)
(1.49786 -5.09148e-09 0)
(1.49786 2.21972e-08 0)
(1.49786 7.67556e-08 0)
(1.49786 1.52367e-07 0)
(1.49786 2.58536e-07 0)
(1.49786 3.78897e-07 0)
(1.49786 5.00511e-07 0)
(1.49786 6.11383e-07 0)
(1.49786 6.98069e-07 0)
(1.49786 7.44465e-07 0)
(1.49786 7.45458e-07 0)
(1.49786 6.97201e-07 0)
(1.49786 6.00662e-07 0)
(1.49786 4.67692e-07 0)
(1.49786 3.09839e-07 0)
(1.49786 1.36302e-07 0)
(1.49786 -3.60846e-08 0)
(1.49786 -2.01804e-07 0)
(1.49786 -3.50947e-07 0)
(1.49786 -4.79988e-07 0)
(1.49786 -5.79919e-07 0)
(1.49786 -6.63736e-07 0)
(1.49786 -7.28388e-07 0)
(1.49786 -7.82002e-07 0)
(1.49786 -8.2397e-07 0)
(1.49786 -8.53615e-07 0)
(1.49786 -8.73487e-07 0)
(1.49786 -8.75503e-07 0)
(1.49786 -8.56083e-07 0)
(1.49786 -8.03899e-07 0)
(1.49786 -7.09212e-07 0)
(1.49786 -5.70561e-07 0)
(1.49786 -3.81294e-07 0)
(1.49786 -1.52706e-07 0)
(1.49786 1.15752e-07 0)
(1.49786 4.06057e-07 0)
(1.49786 7.01548e-07 0)
(1.49786 9.77729e-07 0)
(1.49786 1.21591e-06 0)
(1.49786 1.39147e-06 0)
(1.49786 1.48207e-06 0)
(1.49786 1.47118e-06 0)
(1.49786 1.34979e-06 0)
(1.49786 1.12258e-06 0)
(1.49786 7.88457e-07 0)
(1.49786 3.77274e-07 0)
(1.49786 -8.22079e-08 0)
(1.49786 -5.53214e-07 0)
(1.49786 -9.93058e-07 0)
(1.49786 -1.35415e-06 0)
(1.49786 -1.59615e-06 0)
(1.49786 -1.69616e-06 0)
(1.49786 -1.62865e-06 0)
(1.49786 -1.41253e-06 0)
(1.49786 -1.06391e-06 0)
(1.49786 -6.33204e-07 0)
(1.49786 -1.71993e-07 0)
(1.49786 2.48143e-07 0)
(1.49786 5.78371e-07 0)
(1.49786 7.80713e-07 0)
(1.49786 8.32803e-07 0)
(1.49786 7.66151e-07 0)
(1.49786 6.19565e-07 0)
(1.49786 4.62555e-07 0)
(1.49786 3.90609e-07 0)
(1.49786 4.22243e-07 0)
(1.49786 6.8166e-07 0)
(1.49786 8.381e-07 0)
(1.01497 -0.0192656 0)
(1.09211 -0.0352455 0)
(1.20057 -0.0388736 0)
(1.29695 -0.0318887 0)
(1.3681 -0.0233581 0)
(1.41772 -0.0155362 0)
(1.44872 -0.00974665 0)
(1.46773 -0.00580535 0)
(1.47859 -0.00331184 0)
(1.48465 -0.00180726 0)
(1.48784 -0.0009387 0)
(1.48944 -0.000456979 0)
(1.49018 -0.000201478 0)
(1.49048 -7.31861e-05 0)
(1.49056 -1.37351e-05 0)
(1.49056 1.01553e-05 0)
(1.49052 1.67878e-05 0)
(1.49048 1.58809e-05 0)
(1.49045 1.23434e-05 0)
(1.49042 8.47898e-06 0)
(1.4904 5.23217e-06 0)
(1.49039 2.86314e-06 0)
(1.49039 1.32213e-06 0)
(1.49038 4.27536e-07 0)
(1.49038 -1.48507e-08 0)
(1.49038 -1.77811e-07 0)
(1.49038 -1.95455e-07 0)
(1.49038 -1.45584e-07 0)
(1.49038 -9.31431e-08 0)
(1.49038 -5.55156e-08 0)
(1.49038 -3.32359e-08 0)
(1.49038 -2.25263e-08 0)
(1.49038 -9.15668e-09 0)
(1.49038 1.89223e-08 0)
(1.49038 7.50099e-08 0)
(1.49038 1.50721e-07 0)
(1.49038 2.54185e-07 0)
(1.49038 3.73382e-07 0)
(1.49038 4.94204e-07 0)
(1.49038 6.0402e-07 0)
(1.49038 6.89921e-07 0)
(1.49038 7.3594e-07 0)
(1.49038 7.3627e-07 0)
(1.49038 6.88384e-07 0)
(1.49038 5.93496e-07 0)
(1.49038 4.61628e-07 0)
(1.49038 3.05993e-07 0)
(1.49038 1.33981e-07 0)
(1.49038 -3.73909e-08 0)
(1.49038 -2.00231e-07 0)
(1.49038 -3.4724e-07 0)
(1.49038 -4.74785e-07 0)
(1.49038 -5.73659e-07 0)
(1.49038 -6.55905e-07 0)
(1.49038 -7.19241e-07 0)
(1.49038 -7.72188e-07 0)
(1.49038 -8.14053e-07 0)
(1.49038 -8.4415e-07 0)
(1.49038 -8.64283e-07 0)
(1.49038 -8.66304e-07 0)
(1.49038 -8.46178e-07 0)
(1.49038 -7.94693e-07 0)
(1.49038 -7.0153e-07 0)
(1.49038 -5.63673e-07 0)
(1.49038 -3.75738e-07 0)
(1.49038 -1.4968e-07 0)
(1.49038 1.14377e-07 0)
(1.49038 4.00667e-07 0)
(1.49038 6.93163e-07 0)
(1.49038 9.66789e-07 0)
(1.49038 1.20187e-06 0)
(1.49038 1.37536e-06 0)
(1.49038 1.46537e-06 0)
(1.49038 1.45481e-06 0)
(1.49038 1.33431e-06 0)
(1.49038 1.11014e-06 0)
(1.49038 7.80387e-07 0)
(1.49038 3.72284e-07 0)
(1.49038 -8.19118e-08 0)
(1.49038 -5.4718e-07 0)
(1.49038 -9.82141e-07 0)
(1.49038 -1.33889e-06 0)
(1.49038 -1.57833e-06 0)
(1.49038 -1.67658e-06 0)
(1.49038 -1.60905e-06 0)
(1.49038 -1.39523e-06 0)
(1.49038 -1.04985e-06 0)
(1.49038 -6.24848e-07 0)
(1.49038 -1.69573e-07 0)
(1.49038 2.47188e-07 0)
(1.49038 5.71726e-07 0)
(1.49038 7.71221e-07 0)
(1.49038 8.23838e-07 0)
(1.49038 7.55572e-07 0)
(1.49038 6.11756e-07 0)
(1.49038 4.54588e-07 0)
(1.49038 3.81685e-07 0)
(1.49038 4.12583e-07 0)
(1.49038 6.61356e-07 0)
(1.49038 8.19984e-07 0)
(1.01676 -0.0327231 0)
(1.09605 -0.058751 0)
(1.20253 -0.0642498 0)
(1.2954 -0.05235 0)
(1.36248 -0.0381638 0)
(1.40882 -0.025294 0)
(1.43743 -0.015827 0)
(1.45488 -0.00940845 0)
(1.46478 -0.0053593 0)
(1.47028 -0.00292124 0)
(1.47316 -0.00151621 0)
(1.4746 -0.000738136 0)
(1.47526 -0.000326014 0)
(1.47552 -0.0001193 0)
(1.4756 -2.35105e-05 0)
(1.47559 1.51219e-05 0)
(1.47556 2.60974e-05 0)
(1.47552 2.50114e-05 0)
(1.47549 1.96996e-05 0)
(1.47546 1.3811e-05 0)
(1.47544 8.82409e-06 0)
(1.47543 5.14207e-06 0)
(1.47543 2.69139e-06 0)
(1.47542 1.20662e-06 0)
(1.47542 4.02643e-07 0)
(1.47542 2.97741e-08 0)
(1.47542 -1.03379e-07 0)
(1.47542 -1.12576e-07 0)
(1.47542 -8.60171e-08 0)
(1.47542 -5.86244e-08 0)
(1.47542 -3.95786e-08 0)
(1.47542 -2.82006e-08 0)
(1.47542 -1.28624e-08 0)
(1.47542 1.52968e-08 0)
(1.47542 7.16885e-08 0)
(1.47542 1.46937e-07 0)
(1.47542 2.46829e-07 0)
(1.47542 3.63361e-07 0)
(1.47542 4.82317e-07 0)
(1.47542 5.90355e-07 0)
(1.47542 6.74317e-07 0)
(1.47542 7.19248e-07 0)
(1.47542 7.18716e-07 0)
(1.47542 6.71206e-07 0)
(1.47542 5.79195e-07 0)
(1.47542 4.49861e-07 0)
(1.47542 2.98004e-07 0)
(1.47542 1.2977e-07 0)
(1.47542 -3.8725e-08 0)
(1.47542 -1.96957e-07 0)
(1.47542 -3.39749e-07 0)
(1.47542 -4.63801e-07 0)
(1.47542 -5.60658e-07 0)
(1.47542 -6.40742e-07 0)
(1.47542 -7.01948e-07 0)
(1.47542 -7.53419e-07 0)
(1.47542 -7.94664e-07 0)
(1.47542 -8.24964e-07 0)
(1.47542 -8.45011e-07 0)
(1.47542 -8.47094e-07 0)
(1.47542 -8.26272e-07 0)
(1.47542 -7.75609e-07 0)
(1.47542 -6.85021e-07 0)
(1.47542 -5.5005e-07 0)
(1.47542 -3.65999e-07 0)
(1.47542 -1.44753e-07 0)
(1.47542 1.12197e-07 0)
(1.47542 3.91095e-07 0)
(1.47542 6.76926e-07 0)
(1.47542 9.44992e-07 0)
(1.47542 1.17447e-06 0)
(1.47542 1.34352e-06 0)
(1.47542 1.43187e-06 0)
(1.47542 1.42196e-06 0)
(1.47542 1.30346e-06 0)
(1.47542 1.08433e-06 0)
(1.47542 7.63006e-07 0)
(1.47542 3.62853e-07 0)
(1.47542 -8.15027e-08 0)
(1.47542 -5.35823e-07 0)
(1.47542 -9.60757e-07 0)
(1.47542 -1.30929e-06 0)
(1.47542 -1.54264e-06 0)
(1.47542 -1.63815e-06 0)
(1.47542 -1.5716e-06 0)
(1.47542 -1.36164e-06 0)
(1.47542 -1.02367e-06 0)
(1.47542 -6.07957e-07 0)
(1.47542 -1.64365e-07 0)
(1.47542 2.4421e-07 0)
(1.47542 5.60391e-07 0)
(1.47542 7.53379e-07 0)
(1.47542 8.06174e-07 0)
(1.47542 7.36569e-07 0)
(1.47542 5.96209e-07 0)
(1.47542 4.41617e-07 0)
(1.47542 3.6726e-07 0)
(1.47542 3.98905e-07 0)
(1.47542 6.35124e-07 0)
(1.47542 7.94762e-07 0)
(1.0195 -0.0471021 0)
(1.10187 -0.082227 0)
(1.20507 -0.0887795 0)
(1.29256 -0.0716069 0)
(1.35357 -0.0518321 0)
(1.3951 -0.0341712 0)
(1.42024 -0.0212985 0)
(1.43544 -0.0126233 0)
(1.44397 -0.0071734 0)
(1.44868 -0.00390202 0)
(1.45112 -0.00202134 0)
(1.45233 -0.000982063 0)
(1.45288 -0.000432727 0)
(1.45309 -0.000157792 0)
(1.45314 -3.07054e-05 0)
(1.45313 2.03925e-05 0)
(1.4531 3.48428e-05 0)
(1.45307 3.33748e-05 0)
(1.45304 2.63625e-05 0)
(1.45302 1.86109e-05 0)
(1.453 1.20465e-05 0)
(1.45299 7.18374e-06 0)
(1.45299 3.91845e-06 0)
(1.45298 1.90611e-06 0)
(1.45298 7.79156e-07 0)
(1.45298 2.18698e-07 0)
(1.45298 -1.77441e-08 0)
(1.45298 -8.08345e-08 0)
(1.45298 -7.8387e-08 0)
(1.45298 -6.01349e-08 0)
(1.45298 -4.43198e-08 0)
(1.45298 -3.30254e-08 0)
(1.45298 -1.61736e-08 0)
(1.45298 1.14962e-08 0)
(1.45298 6.67451e-08 0)
(1.45298 1.40719e-07 0)
(1.45298 2.36705e-07 0)
(1.45298 3.49474e-07 0)
(1.45298 4.65226e-07 0)
(1.45298 5.70557e-07 0)
(1.45298 6.51586e-07 0)
(1.45298 6.94729e-07 0)
(1.45298 6.93271e-07 0)
(1.45298 6.46171e-07 0)
(1.45298 5.58034e-07 0)
(1.45298 4.32676e-07 0)
(1.45298 2.86004e-07 0)
(1.45298 1.23839e-07 0)
(1.45298 -3.9705e-08 0)
(1.45298 -1.91807e-07 0)
(1.45298 -3.28691e-07 0)
(1.45298 -4.47415e-07 0)
(1.45298 -5.41086e-07 0)
(1.45298 -6.18512e-07 0)
(1.45298 -6.77151e-07 0)
(1.45298 -7.26438e-07 0)
(1.45298 -7.66363e-07 0)
(1.45298 -7.9636e-07 0)
(1.45298 -8.15886e-07 0)
(1.45298 -8.18072e-07 0)
(1.45298 -7.96829e-07 0)
(1.45298 -7.47223e-07 0)
(1.45298 -6.60082e-07 0)
(1.45298 -5.29964e-07 0)
(1.45298 -3.52422e-07 0)
(1.45298 -1.38315e-07 0)
(1.45298 1.09113e-07 0)
(1.45298 3.77625e-07 0)
(1.45298 6.53264e-07 0)
(1.45298 9.12603e-07 0)
(1.45298 1.1343e-06 0)
(1.45298 1.29681e-06 0)
(1.45298 1.38228e-06 0)
(1.45298 1.37329e-06 0)
(1.45298 1.25804e-06 0)
(1.45298 1.04569e-06 0)
(1.45298 7.36309e-07 0)
(1.45298 3.49296e-07 0)
(1.45298 -8.07228e-08 0)
(1.45298 -5.19441e-07 0)
(1.45298 -9.28998e-07 0)
(1.45298 -1.2658e-06 0)
(1.45298 -1.4901e-06 0)
(1.45298 -1.58131e-06 0)
(1.45298 -1.51731e-06 0)
(1.45298 -1.31267e-06 0)
(1.45298 -9.85873e-07 0)
(1.45298 -5.83367e-07 0)
(1.45298 -1.5598e-07 0)
(1.45298 2.3904e-07 0)
(1.45298 5.44229e-07 0)
(1.45298 7.28084e-07 0)
(1.45298 7.7953e-07 0)
(1.45298 7.09999e-07 0)
(1.45298 5.73016e-07 0)
(1.45298 4.23721e-07 0)
(1.45298 3.48228e-07 0)
(1.45298 3.80714e-07 0)
(1.45298 6.0389e-07 0)
(1.45298 7.62863e-07 0)
(1.02326 -0.0627699 0)
(1.10944 -0.105575 0)
(1.20768 -0.112052 0)
(1.28781 -0.0891655 0)
(1.34082 -0.0639342 0)
(1.37614 -0.0418547 0)
(1.39688 -0.0259534 0)
(1.40925 -0.0153215 0)
(1.41606 -0.00867892 0)
(1.41979 -0.00470754 0)
(1.42169 -0.00243166 0)
(1.42261 -0.00117747 0)
(1.42302 -0.000516356 0)
(1.42317 -0.000186511 0)
(1.4232 -3.46686e-05 0)
(1.42319 2.59649e-05 0)
(1.42316 4.2789e-05 0)
(1.42313 4.06971e-05 0)
(1.42311 3.20962e-05 0)
(1.42309 2.27006e-05 0)
(1.42308 1.47759e-05 0)
(1.42307 8.90777e-06 0)
(1.42306 4.95365e-06 0)
(1.42306 2.49666e-06 0)
(1.42306 1.09802e-06 0)
(1.42306 3.7984e-07 0)
(1.42306 5.66551e-08 0)
(1.42306 -5.24953e-08 0)
(1.42306 -7.1318e-08 0)
(1.42306 -6.07625e-08 0)
(1.42306 -4.7567e-08 0)
(1.42306 -3.69035e-08 0)
(1.42306 -1.91639e-08 0)
(1.42306 7.6246e-09 0)
(1.42306 6.04079e-08 0)
(1.42306 1.32138e-07 0)
(1.42306 2.24102e-07 0)
(1.42306 3.32354e-07 0)
(1.42306 4.43383e-07 0)
(1.42306 5.44733e-07 0)
(1.42306 6.21942e-07 0)
(1.42306 6.6273e-07 0)
(1.42306 6.60409e-07 0)
(1.42306 6.13824e-07 0)
(1.42306 5.30342e-07 0)
(1.42306 4.10519e-07 0)
(1.42306 2.70447e-07 0)
(1.42306 1.16486e-07 0)
(1.42306 -3.99684e-08 0)
(1.42306 -1.84547e-07 0)
(1.42306 -3.14177e-07 0)
(1.42306 -4.26123e-07 0)
(1.42306 -5.15431e-07 0)
(1.42306 -5.89617e-07 0)
(1.42306 -6.45418e-07 0)
(1.42306 -6.91967e-07 0)
(1.42306 -7.29799e-07 0)
(1.42306 -7.58753e-07 0)
(1.42306 -7.773e-07 0)
(1.42306 -7.79663e-07 0)
(1.42306 -7.58499e-07 0)
(1.42306 -7.1036e-07 0)
(1.42306 -6.2743e-07 0)
(1.42306 -5.03889e-07 0)
(1.42306 -3.35333e-07 0)
(1.42306 -1.30694e-07 0)
(1.42306 1.04975e-07 0)
(1.42306 3.60522e-07 0)
(1.42306 6.22854e-07 0)
(1.42306 8.7027e-07 0)
(1.42306 1.08208e-06 0)
(1.42306 1.23637e-06 0)
(1.42306 1.31768e-06 0)
(1.42306 1.3096e-06 0)
(1.42306 1.19899e-06 0)
(1.42306 9.95329e-07 0)
(1.42306 7.0066e-07 0)
(1.42306 3.31772e-07 0)
(1.42306 -7.90543e-08 0)
(1.42306 -4.98187e-07 0)
(1.42306 -8.87376e-07 0)
(1.42306 -1.20884e-06 0)
(1.42306 -1.42218e-06 0)
(1.42306 -1.50724e-06 0)
(1.42306 -1.44706e-06 0)
(1.42306 -1.24977e-06 0)
(1.42306 -9.37085e-07 0)
(1.42306 -5.52117e-07 0)
(1.42306 -1.44597e-07 0)
(1.42306 2.31886e-07 0)
(1.42306 5.22803e-07 0)
(1.42306 6.96168e-07 0)
(1.42306 7.44165e-07 0)
(1.42306 6.76409e-07 0)
(1.42306 5.42929e-07 0)
(1.42306 4.00704e-07 0)
(1.42306 3.25692e-07 0)
(1.42306 3.57909e-07 0)
(1.42306 5.68235e-07 0)
(1.42306 7.24966e-07 0)
(1.02808 -0.080085 0)
(1.11855 -0.128608 0)
(1.20966 -0.133591 0)
(1.28035 -0.104526 0)
(1.32351 -0.0740714 0)
(1.35142 -0.0480712 0)
(1.36698 -0.0296192 0)
(1.37608 -0.0174006 0)
(1.38093 -0.00981756 0)
(1.38353 -0.00530613 0)
(1.38482 -0.00273074 0)
(1.38543 -0.00131635 0)
(1.38568 -0.000573333 0)
(1.38577 -0.000204114 0)
(1.38578 -3.50945e-05 0)
(1.38576 3.17205e-05 0)
(1.38573 4.96883e-05 0)
(1.38571 4.67309e-05 0)
(1.38569 3.67001e-05 0)
(1.38567 2.59341e-05 0)
(1.38566 1.69136e-05 0)
(1.38566 1.02511e-05 0)
(1.38566 5.75892e-06 0)
(1.38565 2.95653e-06 0)
(1.38565 1.34744e-06 0)
(1.38565 5.07039e-07 0)
(1.38565 1.16587e-07 0)
(1.38565 -2.89833e-08 0)
(1.38565 -6.53581e-08 0)
(1.38565 -6.09772e-08 0)
(1.38565 -4.95206e-08 0)
(1.38565 -3.97806e-08 0)
(1.38565 -2.1888e-08 0)
(1.38565 3.78465e-09 0)
(1.38565 5.31528e-08 0)
(1.38565 1.21687e-07 0)
(1.38565 2.09327e-07 0)
(1.38565 3.12432e-07 0)
(1.38565 4.17278e-07 0)
(1.38565 5.13133e-07 0)
(1.38565 5.85576e-07 0)
(1.38565 6.23579e-07 0)
(1.38565 6.2068e-07 0)
(1.38565 5.74909e-07 0)
(1.38565 4.96699e-07 0)
(1.38565 3.84014e-07 0)
(1.38565 2.52026e-07 0)
(1.38565 1.08055e-07 0)
(1.38565 -3.93536e-08 0)
(1.38565 -1.75139e-07 0)
(1.38565 -2.96413e-07 0)
(1.38565 -4.00515e-07 0)
(1.38565 -4.84424e-07 0)
(1.38565 -5.54634e-07 0)
(1.38565 -6.07212e-07 0)
(1.38565 -6.50576e-07 0)
(1.38565 -6.85713e-07 0)
(1.38565 -7.12846e-07 0)
(1.38565 -7.29939e-07 0)
(1.38565 -7.32561e-07 0)
(1.38565 -7.12138e-07 0)
(1.38565 -6.66071e-07 0)
(1.38565 -5.88036e-07 0)
(1.38565 -4.7247e-07 0)
(1.38565 -3.15049e-07 0)
(1.38565 -1.22092e-07 0)
(1.38565 9.96983e-08 0)
(1.38565 3.40018e-07 0)
(1.38565 5.86414e-07 0)
(1.38565 8.18968e-07 0)
(1.38565 1.0187e-06 0)
(1.38565 1.16337e-06 0)
(1.38565 1.23953e-06 0)
(1.38565 1.23207e-06 0)
(1.38565 1.12741e-06 0)
(1.38565 9.34703e-07 0)
(1.38565 6.57147e-07 0)
(1.38565 3.10427e-07 0)
(1.38565 -7.60967e-08 0)
(1.38565 -4.71932e-07 0)
(1.38565 -8.36935e-07 0)
(1.38565 -1.13924e-06 0)
(1.38565 -1.34032e-06 0)
(1.38565 -1.41793e-06 0)
(1.38565 -1.36181e-06 0)
(1.38565 -1.17448e-06 0)
(1.38565 -8.78393e-07 0)
(1.38565 -5.15165e-07 0)
(1.38565 -1.31009e-07 0)
(1.38565 2.22979e-07 0)
(1.38565 4.95948e-07 0)
(1.38565 6.58113e-07 0)
(1.38565 7.00991e-07 0)
(1.38565 6.36113e-07 0)
(1.38565 5.07126e-07 0)
(1.38565 3.72581e-07 0)
(1.38565 3.00572e-07 0)
(1.38565 3.3114e-07 0)
(1.38565 5.28525e-07 0)
(1.38565 6.81866e-07 0)
(1.03401 -0.0993829 0)
(1.12883 -0.151021 0)
(1.21007 -0.152841 0)
(1.26912 -0.117191 0)
(1.30078 -0.0818881 0)
(1.32031 -0.0525991 0)
(1.33014 -0.0321667 0)
(1.33569 -0.0187889 0)
(1.33842 -0.0105511 0)
(1.33983 -0.00567824 0)
(1.34047 -0.00290909 0)
(1.34075 -0.00139443 0)
(1.34085 -0.000602002 0)
(1.34087 -0.000210165 0)
(1.34085 -3.20548e-05 0)
(1.34083 3.74211e-05 0)
(1.34081 5.52875e-05 0)
(1.34079 5.12647e-05 0)
(1.34078 4.00177e-05 0)
(1.34077 2.82041e-05 0)
(1.34077 1.839e-05 0)
(1.34076 1.11712e-05 0)
(1.34076 6.30982e-06 0)
(1.34076 3.27278e-06 0)
(1.34076 1.52115e-06 0)
(1.34076 5.97525e-07 0)
(1.34076 1.6078e-07 0)
(1.34076 -1.06938e-08 0)
(1.34076 -6.03552e-08 0)
(1.34076 -6.08125e-08 0)
(1.34076 -5.03548e-08 0)
(1.34076 -4.1644e-08 0)
(1.34076 -2.43513e-08 0)
(1.34076 1.02291e-10 0)
(1.34076 4.55983e-08 0)
(1.34076 1.10187e-07 0)
(1.34076 1.92789e-07 0)
(1.34076 2.89968e-07 0)
(1.34076 3.87451e-07 0)
(1.34076 4.76334e-07 0)
(1.34076 5.42945e-07 0)
(1.34076 5.77739e-07 0)
(1.34076 5.74836e-07 0)
(1.34076 5.30528e-07 0)
(1.34076 4.58075e-07 0)
(1.34076 3.53925e-07 0)
(1.34076 2.31426e-07 0)
(1.34076 9.8785e-08 0)
(1.34076 -3.79644e-08 0)
(1.34076 -1.63814e-07 0)
(1.34076 -2.75833e-07 0)
(1.34076 -3.71298e-07 0)
(1.34076 -4.48903e-07 0)
(1.34076 -5.14322e-07 0)
(1.34076 -5.63126e-07 0)
(1.34076 -6.02886e-07 0)
(1.34076 -6.35008e-07 0)
(1.34076 -6.59735e-07 0)
(1.34076 -6.74896e-07 0)
(1.34076 -6.77773e-07 0)
(1.34076 -6.58785e-07 0)
(1.34076 -6.15592e-07 0)
(1.34076 -5.43044e-07 0)
(1.34076 -4.36444e-07 0)
(1.34076 -2.91897e-07 0)
(1.34076 -1.12604e-07 0)
(1.34076 9.33012e-08 0)
(1.34076 3.1637e-07 0)
(1.34076 5.44568e-07 0)
(1.34076 7.59814e-07 0)
(1.34076 9.45387e-07 0)
(1.34076 1.07913e-06 0)
(1.34076 1.1495e-06 0)
(1.34076 1.14251e-06 0)
(1.34076 1.04479e-06 0)
(1.34076 8.65348e-07 0)
(1.34076 6.07441e-07 0)
(1.34076 2.85711e-07 0)
(1.34076 -7.19826e-08 0)
(1.34076 -4.40561e-07 0)
(1.34076 -7.78884e-07 0)
(1.34076 -1.05859e-06 0)
(1.34076 -1.24579e-06 0)
(1.34076 -1.31562e-06 0)
(1.34076 -1.26316e-06 0)
(1.34076 -1.08821e-06 0)
(1.34076 -8.11357e-07 0)
(1.34076 -4.73471e-07 0)
(1.34076 -1.16217e-07 0)
(1.34076 2.12252e-07 0)
(1.34076 4.64082e-07 0)
(1.34076 6.14151e-07 0)
(1.34076 6.51251e-07 0)
(1.34076 5.89544e-07 0)
(1.34076 4.66892e-07 0)
(1.34076 3.4001e-07 0)
(1.34076 2.73455e-07 0)
(1.34076 3.01624e-07 0)
(1.34076 4.85213e-07 0)
(1.34076 6.34398e-07 0)
(1.04101 -0.120951 0)
(1.13969 -0.172363 0)
(1.20769 -0.169165 0)
(1.2529 -0.12668 0)
(1.27164 -0.0870882 0)
(1.28212 -0.0552807 0)
(1.28593 -0.0335173 0)
(1.28782 -0.0194499 0)
(1.2884 -0.0108636 0)
(1.28861 -0.00581746 0)
(1.28861 -0.00296459 0)
(1.28857 -0.0014114 0)
(1.28852 -0.00060269 0)
(1.28847 -0.000205141 0)
(1.28844 -2.59887e-05 0)
(1.28842 4.2724e-05 0)
(1.2884 5.93418e-05 0)
(1.28839 5.41334e-05 0)
(1.28838 4.19431e-05 0)
(1.28838 2.94459e-05 0)
(1.28838 1.91668e-05 0)
(1.28838 1.16464e-05 0)
(1.28838 6.59509e-06 0)
(1.28838 3.44016e-06 0)
(1.28837 1.61708e-06 0)
(1.28837 6.50675e-07 0)
(1.28837 1.89063e-07 0)
(1.28837 2.42499e-09 0)
(1.28837 -5.59516e-08 0)
(1.28837 -6.01401e-08 0)
(1.28837 -5.02469e-08 0)
(1.28837 -4.24893e-08 0)
(1.28837 -2.64327e-08 0)
(1.28837 -3.24181e-09 0)
(1.28837 3.83426e-08 0)
(1.28837 9.8545e-08 0)
(1.28837 1.7505e-07 0)
(1.28837 2.65193e-07 0)
(1.28837 3.54454e-07 0)
(1.28838 4.35233e-07 0)
(1.28838 4.95037e-07 0)
(1.28838 5.26115e-07 0)
(1.28838 5.23912e-07 0)
(1.28838 4.82104e-07 0)
(1.28838 4.15774e-07 0)
(1.28838 3.21096e-07 0)
(1.28838 2.09173e-07 0)
(1.28838 8.87678e-08 0)
(1.28838 -3.60416e-08 0)
(1.28838 -1.50927e-07 0)
(1.28838 -2.52998e-07 0)
(1.28838 -3.39301e-07 0)
(1.28838 -4.09765e-07 0)
(1.28838 -4.69626e-07 0)
(1.28838 -5.14118e-07 0)
(1.28838 -5.49854e-07 0)
(1.28838 -5.78806e-07 0)
(1.28838 -6.00835e-07 0)
(1.28837 -6.13668e-07 0)
(1.28837 -6.16679e-07 0)
(1.28837 -5.99646e-07 0)
(1.28837 -5.60225e-07 0)
(1.28837 -4.93692e-07 0)
(1.28837 -3.96609e-07 0)
(1.28837 -2.66239e-07 0)
(1.28837 -1.0231e-07 0)
(1.28837 8.58453e-08 0)
(1.28837 2.89907e-07 0)
(1.28837 4.9798e-07 0)
(1.28837 6.93971e-07 0)
(1.28837 8.63755e-07 0)
(1.28837 9.85429e-07 0)
(1.28837 1.04944e-06 0)
(1.28838 1.04313e-06 0)
(1.28838 9.53292e-07 0)
(1.28838 7.88769e-07 0)
(1.28838 5.53162e-07 0)
(1.28838 2.58541e-07 0)
(1.28838 -6.72426e-08 0)
(1.28838 -4.04504e-07 0)
(1.28838 -7.14191e-07 0)
(1.28838 -9.68964e-07 0)
(1.28838 -1.14021e-06 0)
(1.28838 -1.20237e-06 0)
(1.28837 -1.15346e-06 0)
(1.28837 -9.92572e-07 0)
(1.28837 -7.37744e-07 0)
(1.28837 -4.28173e-07 0)
(1.28837 -1.01057e-07 0)
(1.28837 1.99424e-07 0)
(1.28837 4.28064e-07 0)
(1.28837 5.64601e-07 0)
(1.28837 5.96165e-07 0)
(1.28837 5.37577e-07 0)
(1.28837 4.23415e-07 0)
(1.28837 3.04314e-07 0)
(1.28837 2.44673e-07 0)
(1.28837 2.70594e-07 0)
(1.28837 4.39073e-07 0)
(1.28838 5.83455e-07 0)
(1.04895 -0.144991 0)
(1.15027 -0.192007 0)
(1.201 -0.181852 0)
(1.23025 -0.132549 0)
(1.235 -0.0894538 0)
(1.23613 -0.056033 0)
(1.23391 -0.0336491 0)
(1.2322 -0.0193846 0)
(1.23072 -0.0107619 0)
(1.2298 -0.00573067 0)
(1.22921 -0.00290246 0)
(1.22887 -0.00137077 0)
(1.22868 -0.000577604 0)
(1.22858 -0.000190364 0)
(1.22853 -1.76526e-05 0)
(1.22851 4.72139e-05 0)
(1.2285 6.16347e-05 0)
(1.22849 5.52306e-05 0)
(1.22849 4.24279e-05 0)
(1.2285 2.96406e-05 0)
(1.2285 1.92389e-05 0)
(1.2285 1.16767e-05 0)
(1.2285 6.61606e-06 0)
(1.2285 3.46019e-06 0)
(1.2285 1.63629e-06 0)
(1.2285 6.67112e-07 0)
(1.2285 2.01689e-07 0)
(1.2285 1.04556e-08 0)
(1.2285 -5.19202e-08 0)
(1.2285 -5.88345e-08 0)
(1.2285 -4.93042e-08 0)
(1.2285 -4.22067e-08 0)
(1.2285 -2.77844e-08 0)
(1.2285 -5.96111e-09 0)
(1.2285 3.17615e-08 0)
(1.2285 8.73457e-08 0)
(1.2285 1.56691e-07 0)
(1.2285 2.38428e-07 0)
(1.2285 3.18839e-07 0)
(1.2285 3.90873e-07 0)
(1.2285 4.43359e-07 0)
(1.2285 4.70257e-07 0)
(1.2285 4.69214e-07 0)
(1.2285 4.3106e-07 0)
(1.2285 3.71137e-07 0)
(1.2285 2.86395e-07 0)
(1.2285 1.85705e-07 0)
(1.2285 7.81051e-08 0)
(1.2285 -3.37636e-08 0)
(1.2285 -1.36788e-07 0)
(1.2285 -2.28414e-07 0)
(1.2285 -3.05369e-07 0)
(1.2285 -3.67972e-07 0)
(1.2285 -4.21637e-07 0)
(1.2285 -4.61508e-07 0)
(1.2285 -4.9282e-07 0)
(1.2285 -5.18395e-07 0)
(1.2285 -5.37705e-07 0)
(1.2285 -5.48042e-07 0)
(1.2285 -5.51005e-07 0)
(1.2285 -5.36076e-07 0)
(1.2285 -5.012e-07 0)
(1.2285 -4.41246e-07 0)
(1.2285 -3.53912e-07 0)
(1.2285 -2.38585e-07 0)
(1.2285 -9.13644e-08 0)
(1.2285 7.7396e-08 0)
(1.2285 2.61013e-07 0)
(1.2285 4.47575e-07 0)
(1.2285 6.22764e-07 0)
(1.2285 7.7568e-07 0)
(1.2285 8.846e-07 0)
(1.2285 9.4157e-07 0)
(1.2285 9.36169e-07 0)
(1.2285 8.55351e-07 0)
(1.2285 7.0666e-07 0)
(1.2285 4.9547e-07 0)
(1.2285 2.30032e-07 0)
(1.2285 -6.21923e-08 0)
(1.2285 -3.64882e-07 0)
(1.2285 -6.43749e-07 0)
(1.2285 -8.72288e-07 0)
(1.2285 -1.02589e-06 0)
(1.2285 -1.08022e-06 0)
(1.2285 -1.0354e-06 0)
(1.2285 -8.89758e-07 0)
(1.2285 -6.59365e-07 0)
(1.2285 -3.80511e-07 0)
(1.2285 -8.61044e-08 0)
(1.2285 1.84327e-07 0)
(1.2285 3.88847e-07 0)
(1.2285 5.10139e-07 0)
(1.2285 5.36856e-07 0)
(1.2285 4.81584e-07 0)
(1.2285 3.77696e-07 0)
(1.2285 2.67072e-07 0)
(1.2285 2.14523e-07 0)
(1.2285 2.38921e-07 0)
(1.2285 3.91163e-07 0)
(1.2285 5.29987e-07 0)
(1.05745 -0.171554 0)
(1.15927 -0.209127 0)
(1.18813 -0.190138 0)
(1.19956 -0.134429 0)
(1.18973 -0.0888676 0)
(1.18162 -0.0548586 0)
(1.17365 -0.0325998 0)
(1.16862 -0.0186315 0)
(1.16526 -0.0102752 0)
(1.16333 -0.00543735 0)
(1.16221 -0.00273467 0)
(1.16162 -0.00127949 0)
(1.16132 -0.00053059 0)
(1.16118 -0.000167849 0)
(1.16112 -8.03529e-06 0)
(1.1611 5.04506e-05 0)
(1.1611 6.20031e-05 0)
(1.16111 5.45213e-05 0)
(1.16111 4.14882e-05 0)
(1.16112 2.88191e-05 0)
(1.16112 1.86361e-05 0)
(1.16113 1.12845e-05 0)
(1.16113 6.38789e-06 0)
(1.16113 3.3422e-06 0)
(1.16113 1.58381e-06 0)
(1.16113 6.49269e-07 0)
(1.16113 1.99707e-07 0)
(1.16113 1.37345e-08 0)
(1.16113 -4.80293e-08 0)
(1.16113 -5.6665e-08 0)
(1.16113 -4.74754e-08 0)
(1.16113 -4.06015e-08 0)
(1.16113 -2.79487e-08 0)
(1.16113 -7.72473e-09 0)
(1.16113 2.58936e-08 0)
(1.16113 7.65584e-08 0)
(1.16113 1.38068e-07 0)
(1.16113 2.10116e-07 0)
(1.16113 2.81161e-07 0)
(1.16113 3.44225e-07 0)
(1.16113 3.89487e-07 0)
(1.16113 4.12019e-07 0)
(1.16113 4.12112e-07 0)
(1.16113 3.78485e-07 0)
(1.16113 3.25213e-07 0)
(1.16113 2.50634e-07 0)
(1.16113 1.61527e-07 0)
(1.16113 6.70608e-08 0)
(1.16113 -3.11449e-08 0)
(1.16113 -1.21631e-07 0)
(1.16113 -2.02446e-07 0)
(1.16113 -2.70187e-07 0)
(1.16113 -3.24469e-07 0)
(1.16113 -3.71438e-07 0)
(1.16113 -4.06656e-07 0)
(1.16113 -4.33265e-07 0)
(1.16113 -4.55109e-07 0)
(1.16113 -4.71847e-07 0)
(1.16113 -4.79874e-07 0)
(1.16113 -4.82646e-07 0)
(1.16113 -4.6957e-07 0)
(1.16113 -4.39658e-07 0)
(1.16113 -3.8697e-07 0)
(1.16113 -3.09577e-07 0)
(1.16113 -2.09706e-07 0)
(1.16113 -8.00271e-08 0)
(1.16113 6.81246e-08 0)
(1.16113 2.30105e-07 0)
(1.16113 3.94491e-07 0)
(1.16113 5.47849e-07 0)
(1.16113 6.83076e-07 0)
(1.16113 7.7913e-07 0)
(1.16113 8.28529e-07 0)
(1.16113 8.23852e-07 0)
(1.16113 7.53257e-07 0)
(1.16113 6.21068e-07 0)
(1.16113 4.35355e-07 0)
(1.16113 2.01055e-07 0)
(1.16113 -5.65986e-08 0)
(1.16113 -3.22918e-07 0)
(1.16113 -5.68874e-07 0)
(1.16113 -7.70165e-07 0)
(1.16113 -9.05595e-07 0)
(1.16113 -9.51821e-07 0)
(1.16113 -9.11645e-07 0)
(1.16113 -7.82416e-07 0)
(1.16113 -5.78139e-07 0)
(1.16113 -3.31605e-07 0)
(1.16113 -7.18015e-08 0)
(1.16113 1.67026e-07 0)
(1.16113 3.47238e-07 0)
(1.16113 4.51929e-07 0)
(1.16113 4.74493e-07 0)
(1.16113 4.2316e-07 0)
(1.16113 3.30587e-07 0)
(1.16113 2.29693e-07 0)
(1.16113 1.83545e-07 0)
(1.16113 2.07161e-07 0)
(1.16113 3.42544e-07 0)
(1.16113 4.74857e-07 0)
(1.06582 -0.200455 0)
(1.16487 -0.22268 0)
(1.16684 -0.193243 0)
(1.15907 -0.132059 0)
(1.13469 -0.0853349 0)
(1.11792 -0.0518531 0)
(1.10478 -0.0304673 0)
(1.09686 -0.0172655 0)
(1.09191 -0.0094533 0)
(1.08915 -0.00496806 0)
(1.08762 -0.00247895 0)
(1.08683 -0.00114734 0)
(1.08645 -0.000466757 0)
(1.08628 -0.000140099 0)
(1.08621 1.75281e-06 0)
(1.0862 5.20249e-05 0)
(1.08621 6.03634e-05 0)
(1.08622 5.20543e-05 0)
(1.08623 3.92103e-05 0)
(1.08624 2.70641e-05 0)
(1.08625 1.74239e-05 0)
(1.08626 1.05163e-05 0)
(1.08626 5.94033e-06 0)
(1.08626 3.10416e-06 0)
(1.08626 1.46956e-06 0)
(1.08626 6.02151e-07 0)
(1.08626 1.85532e-07 0)
(1.08626 1.31816e-08 0)
(1.08626 -4.38945e-08 0)
(1.08626 -5.32347e-08 0)
(1.08626 -4.45879e-08 0)
(1.08626 -3.76114e-08 0)
(1.08626 -2.67208e-08 0)
(1.08626 -8.3638e-09 0)
(1.08626 2.05773e-08 0)
(1.08626 6.56641e-08 0)
(1.08626 1.19155e-07 0)
(1.08626 1.80729e-07 0)
(1.08626 2.41975e-07 0)
(1.08626 2.9609e-07 0)
(1.08626 3.34606e-07 0)
(1.08626 3.52959e-07 0)
(1.08626 3.53793e-07 0)
(1.08626 3.25121e-07 0)
(1.08626 2.78765e-07 0)
(1.08626 2.14535e-07 0)
(1.08626 1.37236e-07 0)
(1.08626 5.605e-08 0)
(1.08626 -2.80703e-08 0)
(1.08626 -1.05625e-07 0)
(1.08626 -1.75384e-07 0)
(1.08626 -2.34228e-07 0)
(1.08626 -2.80101e-07 0)
(1.08626 -3.19943e-07 0)
(1.08626 -3.50598e-07 0)
(1.08626 -3.72539e-07 0)
(1.08626 -3.90319e-07 0)
(1.08626 -4.04635e-07 0)
(1.08626 -4.10827e-07 0)
(1.08626 -4.13419e-07 0)
(1.08626 -4.01792e-07 0)
(1.08626 -3.76838e-07 0)
(1.08626 -3.32109e-07 0)
(1.08626 -2.64972e-07 0)
(1.08626 -1.80537e-07 0)
(1.08626 -6.86408e-08 0)
(1.08626 5.84035e-08 0)
(1.08626 1.97778e-07 0)
(1.08626 3.3981e-07 0)
(1.08626 4.71103e-07 0)
(1.08626 5.87986e-07 0)
(1.08626 6.71308e-07 0)
(1.08626 7.13145e-07 0)
(1.08626 7.08717e-07 0)
(1.08626 6.49082e-07 0)
(1.08626 5.34196e-07 0)
(1.08626 3.74169e-07 0)
(1.08626 1.72241e-07 0)
(1.08626 -5.00269e-08 0)
(1.08626 -2.79349e-07 0)
(1.08626 -4.91372e-07 0)
(1.08626 -6.64526e-07 0)
(1.08626 -7.81965e-07 0)
(1.08626 -8.20418e-07 0)
(1.08626 -7.84924e-07 0)
(1.08626 -6.73161e-07 0)
(1.08626 -4.96152e-07 0)
(1.08626 -2.8247e-07 0)
(1.08626 -5.85032e-08 0)
(1.08626 1.4771e-07 0)
(1.08626 3.03845e-07 0)
(1.08626 3.91596e-07 0)
(1.08626 4.10437e-07 0)
(1.08626 3.63795e-07 0)
(1.08626 2.82971e-07 0)
(1.08626 1.9331e-07 0)
(1.08626 1.52619e-07 0)
(1.08626 1.75703e-07 0)
(1.08626 2.9405e-07 0)
(1.08626 4.18744e-07 0)
(1.0728 -0.231147 0)
(1.16453 -0.23141 0)
(1.13453 -0.190435 0)
(1.10696 -0.125345 0)
(1.06881 -0.079006 0)
(1.04444 -0.0472095 0)
(1.02698 -0.0274081 0)
(1.01677 -0.0153936 0)
(1.01061 -0.00836321 0)
(1.00724 -0.00436225 0)
(1.00541 -0.00215737 0)
(1.00449 -0.000986096 0)
(1.00405 -0.000392024 0)
(1.00387 -0.000109856 0)
(1.00381 1.06041e-05 0)
(1.00381 5.16165e-05 0)
(1.00382 5.67349e-05 0)
(1.00384 4.7967e-05 0)
(1.00386 3.57479e-05 0)
(1.00387 2.4505e-05 0)
(1.00388 1.56984e-05 0)
(1.00389 9.43735e-06 0)
(1.00389 5.31429e-06 0)
(1.00389 2.77027e-06 0)
(1.0039 1.30714e-06 0)
(1.0039 5.32815e-07 0)
(1.0039 1.62574e-07 0)
(1.0039 1.00749e-08 0)
(1.0039 -3.91598e-08 0)
(1.0039 -4.80988e-08 0)
(1.0039 -4.04825e-08 0)
(1.0039 -3.35747e-08 0)
(1.0039 -2.44823e-08 0)
(1.0039 -8.01873e-09 0)
(1.0039 1.5842e-08 0)
(1.0039 5.42856e-08 0)
(1.0039 9.97089e-08 0)
(1.0039 1.50757e-07 0)
(1.0039 2.02087e-07 0)
(1.0039 2.47475e-07 0)
(1.0039 2.79676e-07 0)
(1.0039 2.94179e-07 0)
(1.0039 2.95344e-07 0)
(1.0039 2.71828e-07 0)
(1.0039 2.32712e-07 0)
(1.0039 1.78873e-07 0)
(1.0039 1.13458e-07 0)
(1.0039 4.5505e-08 0)
(1.0039 -2.44279e-08 0)
(1.0039 -8.89838e-08 0)
(1.0039 -1.47642e-07 0)
(1.0039 -1.97985e-07 0)
(1.0039 -2.35755e-07 0)
(1.0039 -2.68074e-07 0)
(1.0039 -2.94078e-07 0)
(1.0039 -3.11813e-07 0)
(1.0039 -3.25668e-07 0)
(1.0039 -3.37608e-07 0)
(1.0039 -3.42351e-07 0)
(1.0039 -3.44888e-07 0)
(1.0039 -3.34556e-07 0)
(1.0039 -3.14318e-07 0)
(1.0039 -2.77906e-07 0)
(1.00389 -2.21239e-07 0)
(1.00389 -1.51798e-07 0)
(1.00389 -5.7575e-08 0)
(1.00389 4.85813e-08 0)
(1.00389 1.64971e-07 0)
(1.00389 2.84646e-07 0)
(1.0039 3.9434e-07 0)
(1.0039 4.92642e-07 0)
(1.0039 5.63417e-07 0)
(1.0039 5.98201e-07 0)
(1.0039 5.93682e-07 0)
(1.0039 5.4504e-07 0)
(1.0039 4.4813e-07 0)
(1.0039 3.13627e-07 0)
(1.0039 1.44288e-07 0)
(1.0039 -4.24287e-08 0)
(1.0039 -2.34835e-07 0)
(1.0039 -4.13209e-07 0)
(1.0039 -5.58137e-07 0)
(1.0039 -6.5758e-07 0)
(1.0039 -6.89197e-07 0)
(1.0039 -6.5829e-07 0)
(1.0039 -5.64384e-07 0)
(1.0039 -4.15416e-07 0)
(1.00389 -2.34299e-07 0)
(1.00389 -4.64167e-08 0)
(1.00389 1.26805e-07 0)
(1.00389 2.59163e-07 0)
(1.0039 3.30893e-07 0)
(1.0039 3.46226e-07 0)
(1.0039 3.04833e-07 0)
(1.0039 2.35872e-07 0)
(1.0039 1.58745e-07 0)
(1.0039 1.2278e-07 0)
(1.0039 1.44909e-07 0)
(1.0039 2.46424e-07 0)
(1.0039 3.62342e-07 0)
(1.07626 -0.262528 0)
(1.1548 -0.23388 0)
(1.08822 -0.181129 0)
(1.04136 -0.114413 0)
(0.991095 -0.0701961 0)
(0.960683 -0.0412183 0)
(0.940045 -0.0236306 0)
(0.928246 -0.0131496 0)
(0.921305 -0.00708513 0)
(0.917564 -0.0036656 0)
(0.915572 -0.0017948 0)
(0.914592 -0.000808589 0)
(0.914139 -0.000312607 0)
(0.91396 -7.98439e-05 0)
(0.91391 1.75377e-05 0)
(0.913915 4.90451e-05 0)
(0.913939 5.1255e-05 0)
(0.913965 4.24834e-05 0)
(0.913987 3.13134e-05 0)
(0.914003 2.13085e-05 0)
(0.914015 1.35769e-05 0)
(0.914022 8.12451e-06 0)
(0.914026 4.55659e-06 0)
(0.914028 2.36724e-06 0)
(0.914029 1.11144e-06 0)
(0.91403 4.48966e-07 0)
(0.91403 1.34383e-07 0)
(0.91403 5.55173e-09 0)
(0.91403 -3.39581e-08 0)
(0.91403 -4.13177e-08 0)
(0.91403 -3.52373e-08 0)
(0.91403 -2.90292e-08 0)
(0.91403 -2.18647e-08 0)
(0.91403 -7.09224e-09 0)
(0.91403 1.1937e-08 0)
(0.91403 4.28598e-08 0)
(0.91403 8.00938e-08 0)
(0.91403 1.21115e-07 0)
(0.91403 1.62756e-07 0)
(0.91403 1.99825e-07 0)
(0.91403 2.26066e-07 0)
(0.914031 2.37065e-07 0)
(0.914031 2.38235e-07 0)
(0.914031 2.19884e-07 0)
(0.914031 1.8834e-07 0)
(0.914031 1.44693e-07 0)
(0.914031 9.09265e-08 0)
(0.914032 3.57353e-08 0)
(0.914032 -2.0472e-08 0)
(0.914032 -7.23341e-08 0)
(0.914031 -1.19973e-07 0)
(0.914031 -1.62149e-07 0)
(0.914031 -1.92537e-07 0)
(0.914031 -2.1725e-07 0)
(0.914031 -2.38253e-07 0)
(0.914031 -2.52356e-07 0)
(0.91403 -2.63062e-07 0)
(0.91403 -2.72724e-07 0)
(0.91403 -2.76037e-07 0)
(0.91403 -2.78507e-07 0)
(0.914029 -2.69683e-07 0)
(0.914029 -2.53873e-07 0)
(0.914029 -2.25555e-07 0)
(0.914029 -1.79171e-07 0)
(0.914029 -1.23895e-07 0)
(0.914028 -4.70738e-08 0)
(0.914028 3.88414e-08 0)
(0.914028 1.32804e-07 0)
(0.914029 2.30413e-07 0)
(0.914029 3.19315e-07 0)
(0.914029 3.99347e-07 0)
(0.91403 4.58001e-07 0)
(0.91403 4.86453e-07 0)
(0.914031 4.81742e-07 0)
(0.914031 4.43607e-07 0)
(0.914031 3.64802e-07 0)
(0.914032 2.55205e-07 0)
(0.914032 1.1778e-07 0)
(0.914032 -3.43007e-08 0)
(0.914032 -1.90758e-07 0)
(0.914031 -3.36344e-07 0)
(0.914031 -4.54045e-07 0)
(0.914031 -5.35409e-07 0)
(0.91403 -5.60957e-07 0)
(0.91403 -5.34907e-07 0)
(0.914029 -4.58519e-07 0)
(0.914029 -3.3752e-07 0)
(0.914029 -1.88431e-07 0)
(0.914028 -3.57436e-08 0)
(0.914028 1.05129e-07 0)
(0.914029 2.13853e-07 0)
(0.914029 2.71239e-07 0)
(0.914029 2.83329e-07 0)
(0.914029 2.47619e-07 0)
(0.91403 1.9041e-07 0)
(0.91403 1.26499e-07 0)
(0.91403 9.50914e-08 0)
(0.91403 1.15338e-07 0)
(0.91403 2.00498e-07 0)
(0.91403 3.06666e-07 0)
(1.07281 -0.292685 0)
(1.13105 -0.228557 0)
(1.02463 -0.165019 0)
(0.96049 -0.0996722 0)
(0.900764 -0.0593984 0)
(0.866321 -0.0342611 0)
(0.843839 -0.0193868 0)
(0.831261 -0.0106868 0)
(0.824 -0.0057075 0)
(0.820145 -0.00292699 0)
(0.818126 -0.00141705 0)
(0.817152 -0.000627766 0)
(0.816715 -0.000234517 0)
(0.816552 -5.25147e-05 0)
(0.816515 2.18136e-05 0)
(0.81653 4.43147e-05 0)
(0.81656 4.41906e-05 0)
(0.816591 3.59126e-05 0)
(0.816616 2.6171e-05 0)
(0.816634 1.76713e-05 0)
(0.816646 1.11936e-05 0)
(0.816653 6.66386e-06 0)
(0.816658 3.71867e-06 0)
(0.81666 1.9232e-06 0)
(0.816661 8.97261e-07 0)
(0.816662 3.58052e-07 0)
(0.816662 1.04216e-07 0)
(0.816662 5.51471e-10 0)
(0.816662 -2.89945e-08 0)
(0.816662 -3.3805e-08 0)
(0.816662 -2.91245e-08 0)
(0.816662 -2.40204e-08 0)
(0.816662 -1.89466e-08 0)
(0.816662 -5.91976e-09 0)
(0.816662 9.00104e-09 0)
(0.816662 3.24753e-08 0)
(0.816662 6.16215e-08 0)
(0.816662 9.31878e-08 0)
(0.816662 1.2542e-07 0)
(0.816662 1.54701e-07 0)
(0.816662 1.75569e-07 0)
(0.816663 1.83617e-07 0)
(0.816663 1.84528e-07 0)
(0.816663 1.70796e-07 0)
(0.816663 1.46769e-07 0)
(0.816663 1.1297e-07 0)
(0.816664 7.03162e-08 0)
(0.816664 2.68435e-08 0)
(0.816664 -1.68539e-08 0)
(0.816664 -5.67851e-08 0)
(0.816663 -9.34747e-08 0)
(0.816663 -1.27544e-07 0)
(0.816663 -1.51552e-07 0)
(0.816663 -1.69267e-07 0)
(0.816663 -1.85088e-07 0)
(0.816663 -1.95825e-07 0)
(0.816662 -2.04216e-07 0)
(0.816662 -2.11908e-07 0)
(0.816662 -2.1378e-07 0)
(0.816662 -2.15954e-07 0)
(0.816661 -2.08756e-07 0)
(0.816661 -1.96979e-07 0)
(0.816661 -1.76124e-07 0)
(0.816661 -1.39523e-07 0)
(0.816661 -9.72195e-08 0)
(0.816661 -3.71423e-08 0)
(0.816661 2.94286e-08 0)
(0.816661 1.02216e-07 0)
(0.816661 1.78721e-07 0)
(0.816661 2.47997e-07 0)
(0.816661 3.10439e-07 0)
(0.816662 3.5769e-07 0)
(0.816662 3.80673e-07 0)
(0.816663 3.7576e-07 0)
(0.816663 3.47149e-07 0)
(0.816663 2.85951e-07 0)
(0.816664 1.99874e-07 0)
(0.816664 9.28117e-08 0)
(0.816664 -2.61173e-08 0)
(0.816664 -1.4881e-07 0)
(0.816663 -2.62986e-07 0)
(0.816663 -3.54781e-07 0)
(0.816663 -4.18597e-07 0)
(0.816662 -4.38541e-07 0)
(0.816662 -4.17729e-07 0)
(0.816661 -3.58202e-07 0)
(0.816661 -2.63809e-07 0)
(0.816661 -1.45985e-07 0)
(0.816661 -2.68736e-08 0)
(0.816661 8.35164e-08 0)
(0.816661 1.69119e-07 0)
(0.816661 2.13885e-07 0)
(0.816661 2.23012e-07 0)
(0.816662 1.9361e-07 0)
(0.816662 1.47791e-07 0)
(0.816662 9.68678e-08 0)
(0.816662 7.06806e-08 0)
(0.816662 8.7935e-08 0)
(0.816662 1.56962e-07 0)
(0.816662 2.5282e-07 0)
(1.05709 -0.318538 0)
(1.08724 -0.213973 0)
(0.940328 -0.142254 0)
(0.862785 -0.0818795 0)
(0.797268 -0.0472871 0)
(0.761194 -0.0267971 0)
(0.738347 -0.0149591 0)
(0.725831 -0.00816877 0)
(0.718719 -0.00432159 0)
(0.715002 -0.00219532 0)
(0.713084 -0.00104923 0)
(0.712178 -0.000455736 0)
(0.711785 -0.000163075 0)
(0.711648 -2.98157e-05 0)
(0.711627 2.30357e-05 0)
(0.711651 3.7653e-05 0)
(0.711686 3.59494e-05 0)
(0.711719 2.86499e-05 0)
(0.711745 2.0637e-05 0)
(0.711764 1.38208e-05 0)
(0.711776 8.69941e-06 0)
(0.711783 5.14998e-06 0)
(0.711788 2.85683e-06 0)
(0.71179 1.46878e-06 0)
(0.711791 6.79668e-07 0)
(0.711792 2.66657e-07 0)
(0.711792 7.45824e-08 0)
(0.711792 -3.58014e-09 0)
(0.711792 -2.40672e-08 0)
(0.711792 -2.63234e-08 0)
(0.711792 -2.26243e-08 0)
(0.711792 -1.8285e-08 0)
(0.711792 -1.50783e-08 0)
(0.711792 -4.40308e-09 0)
(0.711792 6.69054e-09 0)
(0.711792 2.3397e-08 0)
(0.711792 4.51478e-08 0)
(0.711792 6.81211e-08 0)
(0.711792 9.13551e-08 0)
(0.711792 1.13284e-07 0)
(0.711792 1.29498e-07 0)
(0.711793 1.35415e-07 0)
(0.711793 1.36074e-07 0)
(0.711793 1.2595e-07 0)
(0.711793 1.08511e-07 0)
(0.711793 8.38858e-08 0)
(0.711793 5.17767e-08 0)
(0.711793 1.89404e-08 0)
(0.711793 -1.37417e-08 0)
(0.711793 -4.29518e-08 0)
(0.711793 -6.91374e-08 0)
(0.711793 -9.50395e-08 0)
(0.711793 -1.13491e-07 0)
(0.711793 -1.25277e-07 0)
(0.711793 -1.3647e-07 0)
(0.711793 -1.4414e-07 0)
(0.711792 -1.50547e-07 0)
(0.711792 -1.56393e-07 0)
(0.711792 -1.57131e-07 0)
(0.711792 -1.59101e-07 0)
(0.711792 -1.53313e-07 0)
(0.711791 -1.44743e-07 0)
(0.711791 -1.30473e-07 0)
(0.711791 -1.03196e-07 0)
(0.711791 -7.25297e-08 0)
(0.711791 -2.78356e-08 0)
(0.711791 2.08561e-08 0)
(0.711791 7.39558e-08 0)
(0.711791 1.3096e-07 0)
(0.711791 1.82562e-07 0)
(0.711792 2.28552e-07 0)
(0.711792 2.649e-07 0)
(0.711792 2.83288e-07 0)
(0.711793 2.78473e-07 0)
(0.711793 2.57775e-07 0)
(0.711793 2.13125e-07 0)
(0.711794 1.48979e-07 0)
(0.711794 6.96234e-08 0)
(0.711794 -1.82332e-08 0)
(0.711794 -1.09968e-07 0)
(0.711793 -1.95235e-07 0)
(0.711793 -2.62675e-07 0)
(0.711793 -3.1017e-07 0)
(0.711792 -3.25149e-07 0)
(0.711792 -3.09684e-07 0)
(0.711791 -2.66219e-07 0)
(0.711791 -1.96004e-07 0)
(0.711791 -1.07792e-07 0)
(0.711791 -1.9827e-08 0)
(0.711791 6.2659e-08 0)
(0.711791 1.26556e-07 0)
(0.711791 1.60675e-07 0)
(0.711791 1.66765e-07 0)
(0.711792 1.44026e-07 0)
(0.711792 1.09251e-07 0)
(0.711792 7.01582e-08 0)
(0.711792 5.0242e-08 0)
(0.711792 6.36837e-08 0)
(0.711792 1.16565e-07 0)
(0.711793 2.01255e-07 0)
(1.02085 -0.335496 0)
(1.01555 -0.18896 0)
(0.831939 -0.113634 0)
(0.747026 -0.0621678 0)
(0.680372 -0.0346983 0)
(0.645331 -0.0193382 0)
(0.623662 -0.0106432 0)
(0.61204 -0.0057593 0)
(0.605525 -0.00301557 0)
(0.602173 -0.00151629 0)
(0.600471 -0.000713948 0)
(0.599686 -0.000302893 0)
(0.599358 -0.000102492 0)
(0.599255 -1.30049e-05 0)
(0.599249 2.12219e-05 0)
(0.599279 2.95293e-05 0)
(0.599317 2.70759e-05 0)
(0.59935 2.11657e-05 0)
(0.599375 1.50664e-05 0)
(0.599393 1.00036e-05 0)
(0.599405 6.25409e-06 0)
(0.599412 3.67992e-06 0)
(0.599416 2.02734e-06 0)
(0.599418 1.03448e-06 0)
(0.599419 4.73563e-07 0)
(0.59942 1.81348e-07 0)
(0.59942 4.80228e-08 0)
(0.59942 -5.32588e-09 0)
(0.59942 -1.80688e-08 0)
(0.59942 -1.87635e-08 0)
(0.59942 -1.61991e-08 0)
(0.59942 -1.23315e-08 0)
(0.59942 -1.04687e-08 0)
(0.59942 -2.75901e-09 0)
(0.59942 4.40844e-09 0)
(0.59942 1.49293e-08 0)
(0.59942 3.02331e-08 0)
(0.59942 4.61208e-08 0)
(0.59942 6.16351e-08 0)
(0.59942 7.67313e-08 0)
(0.59942 8.84496e-08 0)
(0.599421 9.27522e-08 0)
(0.599421 9.35712e-08 0)
(0.599421 8.63156e-08 0)
(0.599421 7.4063e-08 0)
(0.599421 5.74881e-08 0)
(0.599421 3.53125e-08 0)
(0.599421 1.24767e-08 0)
(0.599421 -1.03397e-08 0)
(0.599421 -3.0412e-08 0)
(0.599421 -4.74903e-08 0)
(0.599421 -6.56048e-08 0)
(0.599421 -7.89973e-08 0)
(0.599421 -8.58299e-08 0)
(0.599421 -9.34093e-08 0)
(0.599421 -9.88208e-08 0)
(0.59942 -1.03483e-07 0)
(0.59942 -1.07378e-07 0)
(0.59942 -1.07194e-07 0)
(0.59942 -1.09305e-07 0)
(0.59942 -1.04883e-07 0)
(0.599419 -9.86348e-08 0)
(0.599419 -8.97727e-08 0)
(0.599419 -7.10375e-08 0)
(0.599419 -5.05773e-08 0)
(0.599419 -1.96443e-08 0)
(0.599419 1.34094e-08 0)
(0.599419 4.90481e-08 0)
(0.599419 8.86268e-08 0)
(0.599419 1.24871e-07 0)
(0.59942 1.56169e-07 0)
(0.59942 1.81957e-07 0)
(0.59942 1.96212e-07 0)
(0.599421 1.92428e-07 0)
(0.599421 1.7829e-07 0)
(0.599421 1.48171e-07 0)
(0.599421 1.04029e-07 0)
(0.599421 4.91211e-08 0)
(0.599422 -1.09155e-08 0)
(0.599421 -7.4994e-08 0)
(0.599421 -1.34894e-07 0)
(0.599421 -1.80236e-07 0)
(0.599421 -2.13534e-07 0)
(0.59942 -2.24483e-07 0)
(0.59942 -2.13599e-07 0)
(0.59942 -1.85092e-07 0)
(0.599419 -1.35886e-07 0)
(0.599419 -7.43983e-08 0)
(0.599419 -1.41354e-08 0)
(0.599419 4.38944e-08 0)
(0.599419 8.78157e-08 0)
(0.599419 1.13243e-07 0)
(0.59942 1.16372e-07 0)
(0.59942 9.97064e-08 0)
(0.59942 7.58277e-08 0)
(0.59942 4.68097e-08 0)
(0.59942 3.34832e-08 0)
(0.59942 4.28839e-08 0)
(0.59942 8.00695e-08 0)
(0.59942 1.52307e-07 0)
(0.951459 -0.336953 0)
(0.906072 -0.152975 0)
(0.696529 -0.0808657 0)
(0.612502 -0.042049 0)
(0.550196 -0.0225939 0)
(0.518953 -0.0124162 0)
(0.499978 -0.00672903 0)
(0.490019 -0.00361114 0)
(0.484502 -0.00186872 0)
(0.481712 -0.000929348 0)
(0.480318 -0.000429809 0)
(0.479693 -0.000177172 0)
(0.479444 -5.5536e-05 0)
(0.479376 -2.5207e-06 0)
(0.479383 1.68358e-05 0)
(0.479417 2.06438e-05 0)
(0.479453 1.8223e-05 0)
(0.479484 1.39734e-05 0)
(0.479507 9.82627e-06 0)
(0.479523 6.46536e-06 0)
(0.479534 4.01238e-06 0)
(0.47954 2.34478e-06 0)
(0.479543 1.28116e-06 0)
(0.479545 6.4795e-07 0)
(0.479546 2.93115e-07 0)
(0.479547 1.08709e-07 0)
(0.479547 2.69426e-08 0)
(0.479547 -4.4788e-09 0)
(0.479547 -1.13697e-08 0)
(0.479547 -1.17065e-08 0)
(0.479547 -1.0369e-08 0)
(0.479547 -6.89132e-09 0)
(0.479547 -6.20436e-09 0)
(0.479547 -1.98055e-09 0)
(0.479547 1.83606e-09 0)
(0.479547 7.48612e-09 0)
(0.479547 1.75869e-08 0)
(0.479547 2.77611e-08 0)
(0.479547 3.66401e-08 0)
(0.479547 4.58309e-08 0)
(0.479547 5.3566e-08 0)
(0.479547 5.66044e-08 0)
(0.479547 5.76943e-08 0)
(0.479547 5.25279e-08 0)
(0.479547 4.43537e-08 0)
(0.479548 3.50508e-08 0)
(0.479548 2.20468e-08 0)
(0.479548 7.71258e-09 0)
(0.479548 -7.04459e-09 0)
(0.479548 -1.94813e-08 0)
(0.479548 -2.87747e-08 0)
(0.479548 -3.97631e-08 0)
(0.479547 -4.9138e-08 0)
(0.479547 -5.26398e-08 0)
(0.479547 -5.72939e-08 0)
(0.479547 -6.07158e-08 0)
(0.479547 -6.38676e-08 0)
(0.479547 -6.62231e-08 0)
(0.479547 -6.55716e-08 0)
(0.479546 -6.76981e-08 0)
(0.479546 -6.44356e-08 0)
(0.479546 -5.98656e-08 0)
(0.479546 -5.53034e-08 0)
(0.479546 -4.41126e-08 0)
(0.479546 -3.19563e-08 0)
(0.479546 -1.2634e-08 0)
(0.479546 7.66056e-09 0)
(0.479546 2.85902e-08 0)
(0.479546 5.27499e-08 0)
(0.479546 7.61968e-08 0)
(0.479546 9.54573e-08 0)
(0.479547 1.11727e-07 0)
(0.479547 1.22139e-07 0)
(0.479547 1.19685e-07 0)
(0.479547 1.10939e-07 0)
(0.479548 9.31728e-08 0)
(0.479548 6.62657e-08 0)
(0.479548 3.13562e-08 0)
(0.479548 -5.16416e-09 0)
(0.479548 -4.47375e-08 0)
(0.479548 -8.39787e-08 0)
(0.479547 -1.10596e-07 0)
(0.479547 -1.3152e-07 0)
(0.479547 -1.39917e-07 0)
(0.479547 -1.31741e-07 0)
(0.479546 -1.16259e-07 0)
(0.479546 -8.5285e-08 0)
(0.479546 -4.56135e-08 0)
(0.479546 -9.34271e-09 0)
(0.479546 2.79487e-08 0)
(0.479546 5.4301e-08 0)
(0.479546 7.20101e-08 0)
(0.479546 7.35214e-08 0)
(0.479546 6.15498e-08 0)
(0.479547 4.77721e-08 0)
(0.479547 2.75453e-08 0)
(0.479547 1.96378e-08 0)
(0.479547 2.61239e-08 0)
(0.479547 4.85595e-08 0)
(0.479547 1.06401e-07 0)
(0.829588 -0.312203 0)
(0.746422 -0.107069 0)
(0.532136 -0.0472499 0)
(0.459169 -0.0234869 0)
(0.407245 -0.0120601 0)
(0.382457 -0.0065711 0)
(0.367576 -0.00349545 0)
(0.359943 -0.00186353 0)
(0.355755 -0.00095027 0)
(0.35368 -0.000466939 0)
(0.35266 -0.000210984 0)
(0.352219 -8.37617e-05 0)
(0.352052 -2.33513e-05 0)
(0.352017 2.12831e-06 0)
(0.352033 1.08509e-05 0)
(0.352065 1.19623e-05 0)
(0.352097 1.0175e-05 0)
(0.352123 7.64689e-06 0)
(0.352142 5.30786e-06 0)
(0.352155 3.45823e-06 0)
(0.352163 2.12851e-06 0)
(0.352168 1.23412e-06 0)
(0.352171 6.67571e-07 0)
(0.352172 3.34178e-07 0)
(0.352173 1.49427e-07 0)
(0.352173 5.25441e-08 0)
(0.352173 1.11952e-08 0)
(0.352173 -3.15282e-09 0)
(0.352173 -5.67555e-09 0)
(0.352173 -5.59307e-09 0)
(0.352173 -5.24598e-09 0)
(0.352173 -2.95623e-09 0)
(0.352173 -3.04157e-09 0)
(0.352173 -1.46371e-09 0)
(0.352173 6.46286e-10 0)
(0.352173 2.77337e-09 0)
(0.352173 7.76909e-09 0)
(0.352173 1.33249e-08 0)
(0.352173 1.76929e-08 0)
(0.352173 2.31415e-08 0)
(0.352173 2.73212e-08 0)
(0.352173 2.83711e-08 0)
(0.352173 2.94947e-08 0)
(0.352173 2.62928e-08 0)
(0.352174 2.13858e-08 0)
(0.352174 1.7461e-08 0)
(0.352174 1.15657e-08 0)
(0.352174 3.77728e-09 0)
(0.352174 -4.48007e-09 0)
(0.352174 -1.04152e-08 0)
(0.352174 -1.38689e-08 0)
(0.352174 -1.95334e-08 0)
(0.352174 -2.5853e-08 0)
(0.352173 -2.73051e-08 0)
(0.352173 -2.92263e-08 0)
(0.352173 -3.0403e-08 0)
(0.352173 -3.28358e-08 0)
(0.352173 -3.47095e-08 0)
(0.352173 -3.33929e-08 0)
(0.352173 -3.44801e-08 0)
(0.352173 -3.2451e-08 0)
(0.352173 -2.98931e-08 0)
(0.352173 -2.82339e-08 0)
(0.352172 -2.26555e-08 0)
(0.352172 -1.64988e-08 0)
(0.352172 -7.22892e-09 0)
(0.352172 2.78198e-09 0)
(0.352172 1.36977e-08 0)
(0.352172 2.55009e-08 0)
(0.352173 3.81076e-08 0)
(0.352173 4.86975e-08 0)
(0.352173 5.70745e-08 0)
(0.352173 6.30089e-08 0)
(0.352173 6.17948e-08 0)
(0.352173 5.76303e-08 0)
(0.352174 4.88106e-08 0)
(0.352174 3.56263e-08 0)
(0.352174 1.69219e-08 0)
(0.352174 -2.19465e-09 0)
(0.352174 -2.08761e-08 0)
(0.352174 -4.31186e-08 0)
(0.352174 -5.66827e-08 0)
(0.352173 -6.61173e-08 0)
(0.352173 -7.29333e-08 0)
(0.352173 -6.74784e-08 0)
(0.352173 -6.0465e-08 0)
(0.352172 -4.54948e-08 0)
(0.352172 -2.32359e-08 0)
(0.352172 -5.66881e-09 0)
(0.352172 1.45031e-08 0)
(0.352172 2.74278e-08 0)
(0.352173 3.79665e-08 0)
(0.352173 3.92892e-08 0)
(0.352173 3.13698e-08 0)
(0.352173 2.50846e-08 0)
(0.352173 1.36188e-08 0)
(0.352173 9.33485e-09 0)
(0.352173 1.35822e-08 0)
(0.352173 2.34494e-08 0)
(0.352173 6.51139e-08 0)
(0.624505 -0.240993 0)
(0.52105 -0.0569449 0)
(0.3386 -0.0189331 0)
(0.287838 -0.00912827 0)
(0.252429 -0.0043859 0)
(0.236405 -0.00239611 0)
(0.226809 -0.0012376 0)
(0.222016 -0.000657475 0)
(0.219405 -0.000327383 0)
(0.218142 -0.000158407 0)
(0.217533 -6.88626e-05 0)
(0.217282 -2.56726e-05 0)
(0.217195 -5.5236e-06 0)
(0.217184 2.49846e-06 0)
(0.217202 4.93662e-06 0)
(0.217227 4.89138e-06 0)
(0.21725 3.98704e-06 0)
(0.217268 2.92308e-06 0)
(0.21728 1.9957e-06 0)
(0.217289 1.28362e-06 0)
(0.217294 7.81275e-07 0)
(0.217297 4.47339e-07 0)
(0.217299 2.38051e-07 0)
(0.2173 1.17962e-07 0)
(0.2173 5.32081e-08 0)
(0.217301 1.69558e-08 0)
(0.217301 1.653e-09 0)
(0.217301 -1.40539e-09 0)
(0.217301 -4.29961e-10 0)
(0.217301 -7.60688e-10 0)
(0.217301 -2.23076e-09 0)
(0.217301 -1.1757e-09 0)
(0.217301 -9.13603e-10 0)
(0.217301 -4.85157e-11 0)
(0.217301 1.25525e-09 0)
(0.217301 5.431e-10 0)
(0.217301 1.48296e-09 0)
(0.217301 4.0745e-09 0)
(0.217301 6.04553e-09 0)
(0.217301 8.47746e-09 0)
(0.217301 9.07488e-09 0)
(0.217301 8.32883e-09 0)
(0.217301 1.00737e-08 0)
(0.217301 9.62226e-09 0)
(0.217301 6.60892e-09 0)
(0.217301 4.98097e-09 0)
(0.217301 3.76507e-09 0)
(0.217301 1.2082e-09 0)
(0.217301 -1.86961e-09 0)
(0.217301 -4.17997e-09 0)
(0.217301 -4.41868e-09 0)
(0.217301 -6.13911e-09 0)
(0.217301 -9.70372e-09 0)
(0.217301 -9.72718e-09 0)
(0.217301 -1.03676e-08 0)
(0.217301 -1.02626e-08 0)
(0.217301 -1.16392e-08 0)
(0.217301 -1.29761e-08 0)
(0.217301 -1.13828e-08 0)
(0.217301 -1.16072e-08 0)
(0.2173 -1.13403e-08 0)
(0.2173 -1.01691e-08 0)
(0.2173 -1.03988e-08 0)
(0.2173 -8.6029e-09 0)
(0.2173 -5.35821e-09 0)
(0.2173 -3.10384e-09 0)
(0.2173 1.82331e-10 0)
(0.2173 4.61739e-09 0)
(0.2173 7.84871e-09 0)
(0.2173 1.26814e-08 0)
(0.2173 1.69961e-08 0)
(0.217301 1.99958e-08 0)
(0.217301 2.27932e-08 0)
(0.217301 2.22297e-08 0)
(0.217301 2.0386e-08 0)
(0.217301 1.70625e-08 0)
(0.217301 1.37606e-08 0)
(0.217301 7.69818e-09 0)
(0.217301 -4.63907e-10 0)
(0.217301 -6.10821e-09 0)
(0.217301 -1.54798e-08 0)
(0.217301 -2.05244e-08 0)
(0.217301 -2.23862e-08 0)
(0.217301 -2.72715e-08 0)
(0.217301 -2.42967e-08 0)
(0.2173 -2.17435e-08 0)
(0.2173 -1.76338e-08 0)
(0.2173 -7.70754e-09 0)
(0.2173 -2.81823e-09 0)
(0.2173 5.08057e-09 0)
(0.2173 9.51059e-09 0)
(0.2173 1.39412e-08 0)
(0.2173 1.5238e-08 0)
(0.2173 1.0888e-08 0)
(0.217301 9.25519e-09 0)
(0.217301 5.08009e-09 0)
(0.217301 2.71671e-09 0)
(0.217301 5.76356e-09 0)
(0.217301 6.48481e-09 0)
(0.217301 3.06863e-08 0)
(0.284082 -0.0951082 0)
(0.209846 -0.0158802 0)
(0.118976 -0.00353855 0)
(0.100419 -0.0016916 0)
(0.0870938 -0.000720635 0)
(0.081501 -0.00040308 0)
(0.0781005 -0.000195969 0)
(0.076468 -0.000104203 0)
(0.075582 -4.92616e-05 0)
(0.0751692 -2.31474e-05 0)
(0.0749758 -9.15774e-06 0)
(0.0749019 -2.86373e-06 0)
(0.0748806 -2.70474e-08 0)
(0.0748828 9.40067e-07 0)
(0.0748925 1.12918e-06 0)
(0.0749034 9.85544e-07 0)
(0.0749125 7.56329e-07 0)
(0.0749195 5.33277e-07 0)
(0.0749243 3.54512e-07 0)
(0.0749274 2.23528e-07 0)
(0.0749294 1.33572e-07 0)
(0.0749305 7.48348e-08 0)
(0.0749311 3.85647e-08 0)
(0.0749315 1.87136e-08 0)
(0.0749316 8.64124e-09 0)
(0.0749316 2.40264e-09 0)
(0.0749317 -3.07572e-10 0)
(0.0749317 -6.21709e-10 0)
(0.0749317 -2.67239e-10 0)
(0.0749316 -1.35411e-10 0)
(0.0749316 -4.53499e-10 0)
(0.0749316 -4.18288e-10 0)
(0.0749316 -6.0884e-10 0)
(0.0749316 -5.60693e-10 0)
(0.0749316 2.55609e-10 0)
(0.0749316 -2.00357e-10 0)
(0.0749316 -4.75076e-10 0)
(0.0749316 1.76123e-10 0)
(0.0749317 6.50449e-10 0)
(0.0749317 1.51577e-09 0)
(0.0749317 1.42259e-09 0)
(0.0749317 8.41676e-10 0)
(0.0749317 1.49773e-09 0)
(0.0749318 1.66582e-09 0)
(0.0749318 8.6086e-10 0)
(0.0749318 6.0583e-10 0)
(0.0749318 9.25976e-10 0)
(0.0749318 5.13945e-10 0)
(0.0749318 -2.9502e-10 0)
(0.0749318 -8.5787e-10 0)
(0.0749318 -5.54352e-10 0)
(0.0749318 -4.60348e-10 0)
(0.0749318 -1.62971e-09 0)
(0.0749318 -1.82758e-09 0)
(0.0749317 -1.86228e-09 0)
(0.0749317 -1.4953e-09 0)
(0.0749317 -1.8516e-09 0)
(0.0749317 -2.65518e-09 0)
(0.0749316 -2.10497e-09 0)
(0.0749316 -1.75843e-09 0)
(0.0749316 -1.67256e-09 0)
(0.0749316 -1.47524e-09 0)
(0.0749315 -1.64897e-09 0)
(0.0749315 -1.53244e-09 0)
(0.0749315 -4.63809e-10 0)
(0.0749315 -4.86887e-10 0)
(0.0749315 -4.29888e-10 0)
(0.0749315 5.59015e-10 0)
(0.0749315 1.05725e-09 0)
(0.0749315 1.74137e-09 0)
(0.0749316 2.57356e-09 0)
(0.0749316 3.34565e-09 0)
(0.0749317 3.88721e-09 0)
(0.0749317 3.62289e-09 0)
(0.0749317 3.7346e-09 0)
(0.0749318 3.17492e-09 0)
(0.0749318 2.40785e-09 0)
(0.0749318 1.81773e-09 0)
(0.0749318 -7.91839e-11 0)
(0.0749318 -8.63918e-10 0)
(0.0749318 -2.55668e-09 0)
(0.0749318 -3.95668e-09 0)
(0.0749317 -3.27946e-09 0)
(0.0749317 -4.4286e-09 0)
(0.0749316 -4.04503e-09 0)
(0.0749316 -3.44388e-09 0)
(0.0749315 -3.40982e-09 0)
(0.0749315 -9.86989e-10 0)
(0.0749315 -6.19798e-10 0)
(0.0749315 6.76869e-10 0)
(0.0749315 1.44609e-09 0)
(0.0749315 2.33468e-09 0)
(0.0749316 3.03295e-09 0)
(0.0749316 1.52349e-09 0)
(0.0749316 1.37599e-09 0)
(0.0749316 1.15342e-09 0)
(0.0749317 1.21787e-10 0)
(0.0749317 1.13171e-09 0)
(0.0749317 4.08139e-10 0)
(0.0749317 7.78344e-09 0)
)
;

boundaryField
{
    inlet
    {
        type            fixedValue;
        value           uniform (1 0 0);
    }
    outlet
    {
        type            zeroGradient;
    }
    upperWall
    {
        type            noSlip;
    }
    lowerWall
    {
        type            noSlip;
    }
    frontAndBack
    {
        type            empty;
    }
}


// ************************************************************************* //
